4 0.4984375 0.471875 0.17890625 0.14609375
4 0.75859375 0.2171875 0.0421875 0.05
4 0.72578125 0.240625 0.05078125 0.0515625
4 0.79765625 0.22734375 0.0484375 0.0515625
4 0.7515625 0.1859375 0.0375 0.0390625
4 0.84140625 0.165625 0.028125 0.0375
4 0.8140625 0.16015625 0.02578125 0.03359375
4 0.790625 0.178125 0.0375 0.05
4 0.678125 0.26015625 0.08359375 0.05625
4 0.88046875 0.20859375 0.0625 0.0765625
4 0.58203125 0.25859375 0.090625 0.07265625
4 0.77109375 0.3609375 0.09375 0.08359375
4 0.665625 0.22265625 0.06171875 0.0484375
4 0.70625 0.20546875 0.0375 0.040625