4 0.36953125 0.4515625 0.06953125 0.0609375
4 0.521875 0.3640625 0.03046875 0.03046875
4 0.4296875 0.41484375 0.04921875 0.04609375
4 0.34765625 0.80234375 0.21328125 0.221875
4 0.0171875 0.88359375 0.034375 0.121875
4 0.01875 0.60234375 0.03671875 0.0796875
4 0.5296875 0.559375 0.09375 0.10390625
4 0.6234375 0.4078125 0.0484375 0.0453125
4 0.54375 0.38828125 0.034375 0.0328125
4 0.56640625 0.3640625 0.0390625 0.0421875
4 0.91875 0.56796875 0.15625 0.065625
4 0.47890625 0.3828125 0.04140625 0.03046875
4 0.51640625 0.4046875 0.0328125 0.040625
4 0.47734375 0.4203125 0.04453125 0.04765625
4 0.45234375 0.45390625 0.0640625 0.0515625