4 0.2671875 0.40234375 0.059375 0.0578125
4 0.37734375 0.39765625 0.06953125 0.05859375
4 0.7578125 0.36484375 0.053125 0.04140625
4 0.66796875 0.3734375 0.07265625 0.0578125
4 0.01171875 0.5125 0.02265625 0.075
4 0.0953125 0.60234375 0.128125 0.14609375
4 0.76875 0.52734375 0.09921875 0.0875
4 0.37578125 0.44609375 0.0625 0.05234375
4 0.3296875 0.4109375 0.06171875 0.03984375
4 0.89140625 0.53359375 0.10703125 0.075
4 0.17890625 0.35 0.05625 0.04765625
4 0.23671875 0.4296875 0.0703125 0.0734375
4 0.17265625 0.4109375 0.06796875 0.05859375
4 0.3203125 0.45234375 0.09453125 0.0734375
4 0.84609375 0.33515625 0.07265625 0.0625
4 0.7109375 0.3703125 0.046875 0.05234375
4 0.03671875 0.446875 0.0734375 0.0875
4 0.46796875 0.42578125 0.08671875 0.05