4 0.16171875 0.45859375 0.05703125 0.06015625
4 0.103125 0.46953125 0.07265625 0.05390625
4 0.41328125 0.396875 0.0859375 0.0640625
4 0.48984375 0.3796875 0.07421875 0.0453125
4 0.94609375 0.4 0.02265625 0.025
4 0.6734375 0.7625 0.1703125 0.16640625
3 0.3890625 0.55390625 0.02265625 0.08359375
4 0.21328125 0.45 0.05625 0.06015625
4 0.2609375 0.4328125 0.06796875 0.0609375
3 0.32890625 0.528125 0.021875 0.075
4 0.10234375 0.428125 0.05625 0.034375
4 0.15078125 0.41875 0.05703125 0.0375
4 0.0265625 0.45546875 0.046875 0.0625