4 0.440625 0.43359375 0.06171875 0.05390625
4 0.15703125 0.37421875 0.04296875 0.05078125
4 0.08984375 0.38984375 0.09453125 0.0640625
4 0.034375 0.40859375 0.06796875 0.05390625
4 0.22421875 0.50390625 0.096875 0.09140625
4 0.5609375 0.37734375 0.02578125 0.02109375
4 0.36015625 0.4921875 0.0890625 0.07421875
4 0.20078125 0.36171875 0.05234375 0.0578125
4 0.49296875 0.38515625 0.03125 0.03125
4 0.37109375 0.43359375 0.06796875 0.0453125
4 0.5203125 0.40234375 0.034375 0.02890625
4 0.4359375 0.4078125 0.0546875 0.0375
4 0.03828125 0.73125 0.0765625 0.22890625