4 0.41328125 0.51875 0.0625 0.07734375
4 0.728125 0.54609375 0.1015625 0.1078125
4 0.928125 0.471875 0.05234375 0.05546875
4 0.978125 0.44609375 0.03828125 0.04765625
4 0.31328125 0.459375 0.08828125 0.08046875
4 0.17734375 0.42890625 0.08671875 0.0578125
4 0.32578125 0.41171875 0.05625 0.03515625
4 0.075 0.37578125 0.03671875 0.03203125
4 0.12109375 0.41640625 0.0453125 0.04921875
4 0.82890625 0.5375 0.1359375 0.16640625
4 0.425 0.44140625 0.0671875 0.06015625
4 0.7015625 0.37734375 0.05859375 0.05078125
4 0.3765625 0.45234375 0.0515625 0.0578125
4 0.26796875 0.43125 0.07109375 0.05546875
4 0.75859375 0.36640625 0.05234375 0.0421875
4 0.62890625 0.390625 0.0671875 0.05078125
4 0.140625 0.41953125 0.046875 0.05234375
4 0.95390625 0.509375 0.08671875 0.08125
4 0.34921875 0.67890625 0.090625 0.14140625