4 0.090625 0.59140625 0.13046875 0.10859375
4 0.8421875 0.43984375 0.05390625 0.05390625
4 0.2609375 0.4296875 0.09375 0.05859375
4 0.1078125 0.440625 0.0625 0.07578125
4 0.5484375 0.35859375 0.05625 0.03984375
4 0.52421875 0.3625 0.0375 0.03671875
4 0.45234375 0.38515625 0.04375 0.040625
4 0.15546875 0.41640625 0.075 0.0515625
4 0.19375 0.40859375 0.05859375 0.046875
4 0.1625 0.44765625 0.0609375 0.0609375
4 0.02421875 0.45234375 0.0484375 0.06640625
4 0.6984375 0.46484375 0.075 0.05390625
4 0.49453125 0.37265625 0.07421875 0.04453125
4 0.4078125 0.38984375 0.08671875 0.0703125
4 0.1203125 0.475 0.08359375 0.0765625
4 0.0453125 0.48125 0.07265625 0.0671875