4 0.52578125 0.3734375 0.040625 0.034375
3 0.4046875 0.55 0.03125 0.1
4 0.2171875 0.44375 0.084375 0.05546875
4 0.8265625 0.45390625 0.05625 0.04921875
4 0.77265625 0.475 0.0609375 0.06171875
4 0.57578125 0.35 0.0453125 0.04765625
4 0.91484375 0.48359375 0.06796875 0.05859375
4 0.9375 0.40859375 0.028125 0.03359375
4 0.890625 0.40625 0.03125 0.02890625
4 0.70859375 0.515625 0.08046875 0.0703125
4 0.51328125 0.56484375 0.12265625 0.10390625
4 0.63046875 0.4984375 0.08984375 0.0671875
4 0.60703125 0.5734375 0.12109375 0.096875
4 0.403125 0.38984375 0.08515625 0.06171875
4 0.1046875 0.46484375 0.08359375 0.065625
4 0.0171875 0.4625 0.034375 0.04140625
4 0.05390625 0.4515625 0.0546875 0.05390625
4 0.25703125 0.43046875 0.065625 0.0578125
4 0.48984375 0.37265625 0.06875 0.053125
4 0.54140625 0.3640625 0.04921875 0.0375
4 0.61015625 0.3453125 0.03671875 0.03046875