4 0.34375 0.4734375 0.125 0.1109375
4 0.5078125 0.3609375 0.07734375 0.08671875
4 0.03515625 0.765625 0.0703125 0.209375
4 0.71875 0.259375 0.02109375 0.0296875
4 0.709375 0.25234375 0.0203125 0.03046875
4 0.66484375 0.28046875 0.0296875 0.0375
4 0.596875 0.28203125 0.0375 0.03359375
4 0.06640625 0.4875 0.1328125 0.125
4 0.35703125 0.38359375 0.103125 0.0828125
4 0.5546875 0.3296875 0.065625 0.06015625
4 0.6078125 0.30546875 0.040625 0.046875
4 0.50546875 0.315625 0.04375 0.03984375
4 0.20078125 0.26484375 0.08203125 0.046875
4 0.253125 0.2578125 0.059375 0.0484375
4 0.0296875 0.33125 0.059375 0.05
4 0.01171875 0.34765625 0.02265625 0.05390625