4 0.26640625 0.253125 0.04375 0.04140625
4 0.6796875 0.27578125 0.0265625 0.03515625
4 0.171875 0.28125 0.08359375 0.0640625
4 0.7078125 0.27109375 0.0265625 0.03828125
4 0.28515625 0.2453125 0.0546875 0.040625
4 0.64140625 0.29765625 0.04140625 0.03671875
4 0.6390625 0.27578125 0.03671875 0.025
4 0.665625 0.26484375 0.021875 0.0265625
4 0.465625 0.58125 0.153125 0.14609375
4 0.4109375 0.42265625 0.103125 0.0890625
0 0.78125 0.28515625 0.07421875 0.09609375
3 0.2203125 0.38125 0.01953125 0.07109375
4 0.25625 0.534375 0.1515625 0.13984375
4 0.35 0.22578125 0.05859375 0.04140625
4 0.20859375 0.26953125 0.075 0.05234375
4 0.02734375 0.33125 0.05390625 0.05390625
4 0.2390625 0.259375 0.06171875 0.046875
4 0.54296875 0.30703125 0.046875 0.05859375
4 0.21328125 0.46328125 0.1625 0.1015625
4 0.38515625 0.37578125 0.09375 0.0890625
4 0.59765625 0.3125 0.06015625 0.05625
4 0.59765625 0.265625 0.05546875 0.04453125