4 0.5953125 0.50078125 0.04921875 0.0625
4 0.86171875 0.44609375 0.05625 0.05078125
4 0.40625 0.39453125 0.0875 0.071875
4 0.1015625 0.47109375 0.07734375 0.05078125
4 0.1640625 0.45234375 0.07421875 0.0640625
4 0.2125 0.44765625 0.059375 0.06015625
4 0.2640625 0.43125 0.0640625 0.06171875
4 0.68125 0.5140625 0.19765625 0.16015625
4 0.02421875 0.45390625 0.0484375 0.06640625
4 0.4921875 0.38359375 0.0734375 0.04609375
4 0.72578125 0.3015625 0.0609375 0.05546875
4 0.796875 0.46484375 0.075 0.08515625
4 0.49453125 0.55625 0.11953125 0.09609375