4 0.2578125 0.33125 0.0625 0.03203125
4 0.0390625 0.29140625 0.04609375 0.0421875
4 0.04296875 0.58359375 0.08515625 0.18359375
4 0.671875 0.48984375 0.24140625 0.24453125
4 0.55390625 0.309375 0.0484375 0.046875
0 0.7515625 0.365625 0.14140625 0.09140625
4 0.87421875 0.378125 0.1671875 0.1734375
4 0.253125 0.3734375 0.090625 0.08515625
4 0.40234375 0.34296875 0.053125 0.05859375
4 0.0984375 0.27265625 0.11875 0.07890625
4 0.3203125 0.35859375 0.06640625 0.0640625
4 0.3625 0.35390625 0.059375 0.0609375