4 0.66015625 0.29296875 0.03203125 0.03828125
4 0.246875 0.26640625 0.05546875 0.04921875
4 0.20859375 0.27578125 0.07421875 0.05
4 0.17109375 0.28203125 0.09296875 0.05703125
4 0.359375 0.3921875 0.10078125 0.07890625
4 0.48125 0.3859375 0.084375 0.08359375
4 0.0796875 0.5 0.159375 0.11640625
4 0.19296875 0.61484375 0.18203125 0.17890625
4 0.80234375 0.25859375 0.02578125 0.03359375
4 0.59296875 0.31796875 0.04296875 0.0546875
4 0.37421875 0.44921875 0.115625 0.109375
4 0.69921875 0.2734375 0.01875 0.03046875
4 0.63125 0.271875 0.03125 0.03359375
4 0.5203125 0.309375 0.05390625 0.06484375
4 0.63359375 0.3015625 0.0421875 0.040625
4 0.59140625 0.2859375 0.0390625 0.03515625
4 0.5390625 0.34375 0.06953125 0.08046875
4 0.671875 0.28046875 0.03828125 0.03828125