4 0.2203125 0.4484375 0.0625 0.0640625
4 0.725 0.29921875 0.053125 0.05859375
4 0.94296875 0.44765625 0.07421875 0.1125
4 0.74140625 0.45859375 0.05703125 0.05
4 0.16875 0.4609375 0.065625 0.065625
4 0.2671875 0.43828125 0.0625 0.05859375
4 0.1546875 0.41328125 0.05390625 0.0390625
4 0.50234375 0.390625 0.09765625 0.046875
4 0.43203125 0.3890625 0.0640625 0.04375
4 0.48046875 0.3734375 0.053125 0.0375
4 0.52421875 0.3671875 0.07734375 0.05390625
4 0.0546875 0.4421875 0.07421875 0.0640625
4 0.11796875 0.47421875 0.07734375 0.06796875
4 0.57734375 0.353125 0.04765625 0.040625