4 0.86328125 0.4890625 0.07265625 0.078125
4 0.7515625 0.36875 0.059375 0.0375
4 0.60703125 0.39453125 0.084375 0.07109375
4 0.36640625 0.45234375 0.084375 0.06015625
4 0.26015625 0.4359375 0.0640625 0.0609375
4 0.1328125 0.40546875 0.07265625 0.05625
4 0.15546875 0.41171875 0.07265625 0.05078125
4 0.95234375 0.51953125 0.07109375 0.06796875
4 0.171875 0.346875 0.06171875 0.040625
4 0.15703125 0.3625 0.04375 0.0359375
4 0.37421875 0.40546875 0.0703125 0.053125
4 0.7453125 0.53515625 0.1265625 0.10078125
4 0.94296875 0.47109375 0.07890625 0.06484375
4 0.86171875 0.553125 0.09375 0.07109375