4 0.44453125 0.4390625 0.0515625 0.046875
4 0.47734375 0.42109375 0.02890625 0.03671875
4 0.34296875 0.50546875 0.07734375 0.0765625
4 0.8140625 0.35703125 0.0796875 0.04609375
4 0.23125 0.5546875 0.16015625 0.134375
4 0.090625 0.38203125 0.0921875 0.05703125
4 0.15390625 0.54375 0.14375 0.14765625
4 0.38828125 0.4234375 0.05859375 0.04296875
4 0.38984375 0.46484375 0.05859375 0.05625
4 0.44296875 0.40546875 0.0421875 0.03671875
4 0.5015625 0.40703125 0.0390625 0.0328125
4 0.61875 0.3984375 0.028125 0.03359375
4 0.03125 0.4125 0.0625 0.05859375