4 0.0421875 0.44609375 0.06328125 0.0375
4 0.0453125 0.48515625 0.08515625 0.065625
4 0.10234375 0.4734375 0.06015625 0.06015625
4 0.1515625 0.45625 0.06484375 0.06015625
4 0.6203125 0.5515625 0.11953125 0.109375
4 0.50703125 0.54765625 0.11640625 0.08671875
4 0.71171875 0.51171875 0.078125 0.07734375
4 0.90625 0.4953125 0.06796875 0.0734375
4 0.7125 0.2984375 0.05625 0.0484375
4 0.396875 0.390625 0.09296875 0.0671875
4 0.4765625 0.3828125 0.06484375 0.05859375
4 0.95 0.38515625 0.03125 0.04609375
3 0.16796875 0.52890625 0.02265625 0.08359375
4 0.8765625 0.42109375 0.05390625 0.05
4 0.60234375 0.49921875 0.09453125 0.07265625
4 0.19609375 0.44921875 0.07421875 0.065625
4 0.08671875 0.43125 0.05390625 0.03828125
4 0.95390625 0.54140625 0.08046875 0.0796875
4 0.42265625 0.66640625 0.278125 0.1671875
4 0.765625 0.4796875 0.075 0.06015625