4 0.2328125 0.24921875 0.071875 0.05390625
0 0.58359375 0.29140625 0.09375 0.10859375
4 0.428125 0.2296875 0.04765625 0.03046875
4 0.3296875 0.23671875 0.0390625 0.03125
4 0.30390625 0.24296875 0.01875 0.03984375
4 0.03125 0.32265625 0.0625 0.06640625
4 0.20703125 0.265625 0.0765625 0.0484375
4 0.2703125 0.24375 0.0515625 0.04140625
4 0.78828125 0.25 0.03671875 0.05
4 0.48984375 0.32265625 0.04296875 0.04609375
4 0.16484375 0.49375 0.153125 0.1375
4 0.09375 0.67109375 0.1875 0.19140625
4 0.5 0.77109375 0.215625 0.23359375