4 0.09140625 0.3359375 0.0875 0.05625
4 0.2125 0.35859375 0.06015625 0.06015625
4 0.98046875 0.49609375 0.034375 0.1
4 0.45859375 0.53203125 0.184375 0.1453125
4 0.94453125 0.39140625 0.0625 0.0609375
4 0.73046875 0.44765625 0.09375 0.09765625
4 0.83984375 0.3953125 0.08125 0.07578125
4 0.9046875 0.37109375 0.05 0.05234375
4 0.546875 0.3125 0.0765625 0.06796875
4 0.3640625 0.35234375 0.06015625 0.0546875
4 0.2546875 0.3453125 0.05 0.06015625
4 0.79921875 0.459375 0.096875 0.11484375
4 0.33828125 0.73359375 0.23828125 0.19140625
4 0.30859375 0.3640625 0.0796875 0.06015625
4 0.9828125 0.35546875 0.021875 0.04375