4 0.25078125 0.50625 0.0640625 0.0875
4 0.22890625 0.90234375 0.23046875 0.1875
4 0.0328125 0.41015625 0.065625 0.06640625
4 0.6125 0.4 0.03125 0.03359375
4 0.64375 0.36875 0.02578125 0.02890625
4 0.0875 0.3796875 0.09453125 0.0609375
4 0.134375 0.65 0.14375 0.1421875
4 0.3265625 0.5140625 0.08671875 0.09296875
4 0.1703125 0.54453125 0.109375 0.0859375
4 0.346875 0.44765625 0.05 0.05625
4 0.40625 0.45703125 0.06171875 0.075
4 0.475 0.41875 0.0453125 0.05
4 0.503125 0.38828125 0.040625 0.04140625