4 0.1578125 0.45234375 0.0734375 0.065625
4 0.9828125 0.43359375 0.028125 0.06015625
4 0.8921875 0.428125 0.034375 0.04375
4 0.51796875 0.38125 0.02109375 0.03125
4 0.02265625 0.45703125 0.04140625 0.04921875
4 0.10234375 0.4734375 0.075 0.04921875
3 0.29375 0.55546875 0.0484375 0.0828125
4 0.753125 0.49296875 0.07890625 0.07734375
4 0.815625 0.46328125 0.0671875 0.0640625
4 0.86875 0.44140625 0.05234375 0.0484375
4 0.93359375 0.39609375 0.0640625 0.0671875
4 0.59609375 0.50625 0.08984375 0.0828125
4 0.62265625 0.54609375 0.11015625 0.096875
4 0.440625 0.39375 0.08046875 0.05234375
4 0.2515625 0.46484375 0.08828125 0.0890625
4 0.2578125 0.42421875 0.0609375 0.04140625
4 0.20859375 0.44765625 0.0625 0.053125
4 0.7234375 0.3 0.0578125 0.053125
4 0.47734375 0.3828125 0.065625 0.04765625
4 0.54296875 0.621875 0.14296875 0.1234375
4 0.08515625 0.60859375 0.090625 0.1
4 0.490625 0.5578125 0.11875 0.09921875