4 0.7703125 0.29609375 0.05 0.05234375
4 0.15 0.31875 0.06953125 0.06171875
4 0.103125 0.33359375 0.08984375 0.06640625
4 0.01875 0.32890625 0.03671875 0.0375
4 0.01875 0.36640625 0.03671875 0.05390625
4 0.03984375 0.309375 0.05390625 0.0515625
4 0.3953125 0.24921875 0.053125 0.04375
4 0.41953125 0.24296875 0.04375 0.03828125
4 0.44296875 0.23828125 0.04453125 0.03984375
4 0.8171875 0.2859375 0.03671875 0.0375
4 0.4328125 0.4078125 0.115625 0.09765625
4 0.32734375 0.2671875 0.0734375 0.0515625
4 0.5609375 0.36953125 0.178125 0.190625
4 0.375 0.2609375 0.059375 0.0546875
4 0.678125 0.34453125 0.06484375 0.06796875
4 0.72265625 0.31953125 0.05234375 0.05625