4 0.05078125 0.603125 0.1015625 0.125
4 0.1546875 0.37265625 0.05390625 0.04765625
4 0.08671875 0.38671875 0.0984375 0.0625
4 0.03515625 0.4078125 0.0703125 0.065625
4 0.8140625 0.3515625 0.07890625 0.04453125
4 0.3890625 0.434375 0.040625 0.05390625
4 0.2515625 0.49765625 0.084375 0.078125
4 0.1609375 0.5515625 0.1171875 0.10078125
4 0.340625 0.51015625 0.0796875 0.07109375
4 0.38046875 0.28046875 0.05625 0.04609375
4 0.6203125 0.38359375 0.04296875 0.025
4 0.4921875 0.41484375 0.046875 0.04140625
4 0.440625 0.43671875 0.0734375 0.0515625