4 0.47578125 0.38203125 0.06171875 0.05625
4 0.7125 0.30390625 0.05703125 0.0625
4 0.6046875 0.509375 0.09140625 0.0578125
4 0.6953125 0.47109375 0.07734375 0.05078125
4 0.04921875 0.440625 0.0609375 0.03515625
4 0.259375 0.4375 0.05703125 0.071875
4 0.1921875 0.41953125 0.07265625 0.04140625
4 0.1359375 0.4265625 0.0578125 0.04453125
4 0.09375 0.43125 0.06328125 0.04140625
4 0.0140625 0.45859375 0.028125 0.05390625
4 0.3984375 0.39453125 0.0875 0.0734375
4 0.04765625 0.48671875 0.08828125 0.06796875
4 0.4890625 0.5484375 0.11484375 0.11015625
4 0.7609375 0.48984375 0.06328125 0.0703125
4 0.20078125 0.44765625 0.06328125 0.0578125
4 0.1515625 0.45703125 0.06796875 0.05
4 0.10078125 0.47109375 0.0640625 0.05078125
4 0.68984375 0.525 0.09609375 0.08828125
4 0.58203125 0.5734375 0.14296875 0.1359375