4 0.45859375 0.40234375 0.11015625 0.08515625
4 0.0296875 0.3625 0.059375 0.075
4 0.54921875 0.415625 0.1125 0.0953125
4 0.634375 0.365625 0.0796875 0.06796875
4 0.6921875 0.33515625 0.06171875 0.0578125
4 0.09375 0.29609375 0.07890625 0.0546875
4 0.16484375 0.3046875 0.06484375 0.071875
4 0.3328125 0.2640625 0.0828125 0.04609375
4 0.409375 0.23984375 0.05703125 0.04609375
4 0.86875 0.259375 0.02734375 0.025
4 0.67890625 0.30625 0.053125 0.0484375
4 0.62109375 0.31875 0.040625 0.0359375
4 0.54140625 0.3515625 0.0671875 0.04375
4 0.45234375 0.23203125 0.04140625 0.03671875
4 0.375 0.25390625 0.06484375 0.04375