4 0.67890625 0.52421875 0.10703125 0.1046875
4 0.1484375 0.415625 0.05234375 0.03125
4 0.10078125 0.471875 0.0765625 0.0609375
4 0.16171875 0.45703125 0.06484375 0.05625
4 0.02734375 0.45 0.05390625 0.075
4 0.41796875 0.68359375 0.07421875 0.10859375
4 0.77578125 0.425 0.0859375 0.10859375
4 0.515625 0.54375 0.13359375 0.1125
4 0.10234375 0.42734375 0.07109375 0.0375
4 0.20703125 0.44375 0.06484375 0.06171875
4 0.26015625 0.42890625 0.06953125 0.06953125
4 0.4078125 0.39296875 0.08671875 0.07265625
4 0.47421875 0.3796875 0.06875 0.0578125
4 0.8265625 0.45625 0.0609375 0.0578125
4 0.86640625 0.4359375 0.03828125 0.04296875
4 0.8921875 0.41015625 0.03671875 0.0375
3 0.22421875 0.58828125 0.028125 0.08515625