4 0.59921875 0.30703125 0.06328125 0.06171875
4 0.7265625 0.2359375 0.07109375 0.0765625
4 0.67578125 0.2765625 0.0421875 0.04453125
4 0.24453125 0.43671875 0.13671875 0.1265625
4 0.5515625 0.33359375 0.0671875 0.0828125
4 0.17265625 0.26796875 0.09609375 0.0734375
4 0.275 0.2453125 0.05546875 0.04296875
4 0.390625 0.43828125 0.1296875 0.12265625
4 0.3640625 0.375 0.10703125 0.1109375
4 0.6390625 0.2859375 0.04140625 0.0578125
4 0.48359375 0.37109375 0.07890625 0.06640625
4 0.46015625 0.325 0.10234375 0.08046875
4 0.22890625 0.2546875 0.08046875 0.06484375
4 0.03125 0.32109375 0.0625 0.0625