4 0.17421875 0.55078125 0.0515625 0.05703125
4 0.12890625 0.4625 0.06875 0.11484375
4 0.2265625 0.4140625 0.02421875 0.02265625
4 0.18203125 0.4671875 0.03046875 0.0328125
4 0.1765625 0.453125 0.0296875 0.02578125
4 0.20859375 0.42578125 0.01953125 0.01640625
4 0.2515625 0.52890625 0.0546875 0.0625
4 0.19140625 0.58046875 0.05390625 0.0671875
4 0.3453125 0.6 0.096875 0.08515625
4 0.28828125 0.5625 0.06328125 0.0671875
4 0.23515625 0.61796875 0.08828125 0.1015625
4 0.209375 0.490625 0.04296875 0.04921875