4 0.29609375 0.559375 0.078125 0.0765625
4 0.7609375 0.80703125 0.47109375 0.2671875
4 0.61953125 0.53359375 0.36015625 0.20546875
4 0.43046875 0.5296875 0.0203125 0.05078125
4 0.37890625 0.48203125 0.04296875 0.02890625
4 0.328125 0.46328125 0.034375 0.028125
4 0.78828125 0.659375 0.159375 0.103125
4 0.271875 0.4546875 0.04375 0.04609375
4 0.3140625 0.4875 0.04296875 0.0375
4 0.11953125 0.415625 0.01640625 0.01875
4 0.14921875 0.4125 0.01796875 0.015625
4 0.165625 0.5328125 0.05 0.04921875
4 0.384375 0.51328125 0.05859375 0.05546875
4 0.4921875 0.5453125 0.0953125 0.0625
4 0.6 0.584375 0.125 0.08828125