4 0.79296875 0.70625 0.409375 0.46875
4 0.35859375 0.3078125 0.03671875 0.04375
4 0.4203125 0.2484375 0.0171875 0.02421875
4 0.3359375 0.2765625 0.02890625 0.0359375
4 0.3734375 0.25859375 0.02578125 0.0265625
4 0.83359375 0.45078125 0.1203125 0.0890625
4 0.784375 0.346875 0.26796875 0.1625
4 0.56796875 0.33359375 0.05078125 0.04140625
4 0.3875 0.28203125 0.03125 0.0359375
4 0.409375 0.4015625 0.05625 0.065625
4 0.4875 0.37578125 0.059375 0.07421875
4 0.4734375 0.2875 0.0296875 0.028125
4 0.340625 0.24453125 0.025 0.02265625
4 0.46015625 0.2609375 0.01875 0.01953125