4 0.41796875 0.3265625 0.03203125 0.040625
4 0.40703125 0.3109375 0.02421875 0.0359375
4 0.1234375 0.859375 0.246875 0.2046875
4 0.43515625 0.2296875 0.021875 0.03515625
4 0.44609375 0.2640625 0.0171875 0.02109375
4 0.45859375 0.44296875 0.07421875 0.08671875
4 0.37578125 0.27265625 0.0265625 0.03125
4 0.52734375 0.31640625 0.05 0.04453125
4 0.5125 0.3828125 0.07421875 0.07890625
4 0.5640625 0.43984375 0.09765625 0.096875
4 0.94921875 0.809375 0.096875 0.215625
4 0.68359375 0.375 0.09921875 0.06953125
4 0.45703125 0.33671875 0.0609375 0.0609375
4 0.38125 0.371875 0.03828125 0.05703125
4 0.3625 0.34609375 0.04140625 0.05390625
4 0.4125 0.39609375 0.0609375 0.08203125
4 0.33984375 0.284375 0.0328125 0.034375
2 0.2265625 0.5234375 0.053125 0.12734375