4 0.57265625 0.58515625 0.1046875 0.09140625
4 0.34453125 0.38203125 0.0203125 0.02578125
4 0.346875 0.45859375 0.0328125 0.0375
4 0.39375 0.4484375 0.034375 0.04296875
4 0.4140625 0.46796875 0.03671875 0.04453125
4 0.44609375 0.48515625 0.04921875 0.059375
4 0.35703125 0.48828125 0.03515625 0.040625
4 0.38203125 0.525 0.06015625 0.071875
4 0.48359375 0.51640625 0.08125 0.08359375
4 0.43828125 0.5921875 0.0921875 0.10390625
4 0.75 0.85078125 0.24453125 0.1734375
2 0.22734375 0.6875 0.034375 0.1109375