4 0.94140625 0.153125 0.02578125 0.02109375
4 0.88046875 0.21328125 0.034375 0.03125
4 0.02109375 0.52734375 0.0421875 0.1453125
4 0.35546875 0.34921875 0.125 0.09375
4 0.828125 0.33125 0.065625 0.065625
4 0.57421875 0.40625 0.13671875 0.1109375
4 0.80625 0.2 0.0734375 0.0796875
4 0.55234375 0.290625 0.0875 0.06640625
4 0.6109375 0.2421875 0.0671875 0.04921875
4 0.73203125 0.22421875 0.0546875 0.04921875
4 0.67421875 0.24375 0.07109375 0.06796875
4 0.9390625 0.21328125 0.02578125 0.03828125
4 0.45 0.278125 0.08828125 0.05546875