4 0.040625 0.26640625 0.03203125 0.02578125
4 0.5328125 0.715625 0.25859375 0.2359375
4 0.44765625 0.4875 0.15078125 0.13515625
4 0.78671875 0.46875 0.16484375 0.1109375
4 0.12890625 0.40625 0.0765625 0.08359375
4 0.4375 0.36640625 0.096875 0.07265625
4 0.30703125 0.3265625 0.07421875 0.05546875
4 0.20703125 0.3578125 0.06875 0.06875
4 0.22265625 0.2875 0.04296875 0.04375
4 0.07734375 0.25625 0.02734375 0.02890625
4 0.09296875 0.27109375 0.0296875 0.03203125
4 0.04765625 0.2875 0.03203125 0.0359375
4 0.10859375 0.28515625 0.0375 0.04296875
4 0.06484375 0.32578125 0.04921875 0.04921875
4 0.14453125 0.315625 0.05546875 0.0515625
4 0.1734375 0.2640625 0.0375 0.0421875