4 0.46640625 0.5265625 0.19375 0.1609375
4 0.24296875 0.27578125 0.128125 0.11484375
4 0.16640625 0.24453125 0.01953125 0.0171875
4 0.128125 0.3140625 0.034375 0.03828125
4 0.24453125 0.38203125 0.028125 0.06953125
4 0.12890625 0.39375 0.07109375 0.0796875
4 0.46171875 0.67109375 0.240625 0.2
4 0.04921875 0.28828125 0.05390625 0.034375
4 0.090625 0.28359375 0.034375 0.03359375
4 0.0703125 0.25234375 0.0296875 0.02421875
4 0.0765625 0.2046875 0.02890625 0.046875
4 0.03828125 0.26796875 0.028125 0.0296875