4 0.13203125 0.5140625 0.23046875 0.215625
4 0.82265625 0.42734375 0.0484375 0.05546875
4 0.75859375 0.4078125 0.05703125 0.059375
4 0.74140625 0.3453125 0.034375 0.03125
4 0.6875 0.346875 0.0453125 0.04140625
4 0.78515625 0.32109375 0.03125 0.03828125
4 0.859375 0.33359375 0.028125 0.040625
4 0.8828125 0.3171875 0.02109375 0.02421875
4 0.91171875 0.32890625 0.01953125 0.0234375
4 0.921875 0.31796875 0.01953125 0.02421875
4 0.90078125 0.3421875 0.02421875 0.03203125
4 0.86796875 0.37578125 0.03359375 0.040625