4 0.21171875 0.4265625 0.02265625 0.02734375
4 0.27578125 0.440625 0.04296875 0.03671875
4 0.3015625 0.4609375 0.03828125 0.03515625
4 0.259375 0.53359375 0.06484375 0.06015625
4 0.14765625 0.434375 0.028125 0.0265625
4 0.22734375 0.43671875 0.028125 0.0296875
4 0.85546875 0.67734375 0.18203125 0.10390625
4 0.55546875 0.715625 0.16796875 0.1390625
4 0.15234375 0.528125 0.05390625 0.06953125
4 0.34375 0.57734375 0.0921875 0.08515625
4 0.3265625 0.7015625 0.11953125 0.125
4 0.32265625 0.48984375 0.0484375 0.0421875
4 0.11875 0.42421875 0.02734375 0.02890625