4 0.059375 0.3078125 0.03359375 0.03984375
4 0.134375 0.31171875 0.046875 0.05546875
4 0.22421875 0.25859375 0.0421875 0.02734375
4 0.2578125 0.30859375 0.046875 0.03984375
4 0.09296875 0.27421875 0.02890625 0.034375
4 0.478125 0.35078125 0.07578125 0.05546875
4 0.65859375 0.3890625 0.11953125 0.06328125
4 0.1703125 0.24609375 0.03359375 0.0234375
4 0.2578125 0.2796875 0.040625 0.025
4 0.3265625 0.30546875 0.06015625 0.0421875
4 0.13828125 0.24765625 0.02578125 0.0296875
4 0.415625 0.3625 0.07578125 0.059375
4 0.0984375 0.37109375 0.0625 0.0703125
4 0.21875 0.2859375 0.0421875 0.04453125
4 0.66953125 0.45 0.1421875 0.09609375
4 0.27265625 0.565625 0.14375 0.153125
4 0.07265625 0.21640625 0.01328125 0.0140625
4 0.3203125 0.33125 0.059375 0.04765625
4 0.16953125 0.26484375 0.028125 0.02890625