4 0.96875 0.8859375 0.05859375 0.08671875
4 0.67109375 0.565625 0.02734375 0.02734375
0 0.065625 0.88359375 0.13046875 0.22890625
4 0.22890625 0.6296875 0.0640625 0.065625
4 0.6359375 0.5421875 0.02109375 0.025
4 0.178125 0.82890625 0.11640625 0.1203125
4 0.23125 0.7609375 0.09609375 0.09765625
4 0.31484375 0.68828125 0.08046875 0.0796875
4 0.08671875 0.73671875 0.10234375 0.1
4 0.2875 0.60703125 0.04609375 0.05546875
4 0.09375 0.61796875 0.071875 0.06796875
4 0.18515625 0.60703125 0.05546875 0.04765625
4 0.91953125 0.8 0.11640625 0.11171875
4 0.65703125 0.55234375 0.028125 0.0328125
4 0.409375 0.53671875 0.034375 0.02421875
4 0.34921875 0.53984375 0.04609375 0.03125