4 0.10859375 0.6234375 0.06171875 0.05078125
4 0.19140625 0.6265625 0.053125 0.04765625
4 0.25234375 0.63515625 0.05625 0.04453125
4 0.14609375 0.675 0.071875 0.075
4 0.0609375 0.6953125 0.11640625 0.1109375
4 0.0859375 0.7421875 0.11328125 0.109375
4 0.0875 0.61015625 0.04140625 0.0421875
4 0.65859375 0.55703125 0.02734375 0.02734375
4 0.6765625 0.57109375 0.02734375 0.02890625
4 0.82890625 0.72109375 0.06875 0.06953125
4 0.875 0.76171875 0.0859375 0.08515625
4 0.9328125 0.81953125 0.11328125 0.1109375
4 0.34921875 0.61953125 0.05078125 0.05234375
4 0.7265625 0.615625 0.05 0.04375
4 0.25859375 0.9 0.11953125 0.14140625
4 0.39609375 0.58046875 0.03671875 0.03984375
4 0.3984375 0.53828125 0.0265625 0.02734375
4 0.97421875 0.89140625 0.0484375 0.075
4 0.6890625 0.5828125 0.03125 0.03046875
4 0.14609375 0.60546875 0.04609375 0.04609375