4 0.73203125 0.33125 0.04765625 0.0453125
4 0.38359375 0.29921875 0.03203125 0.0390625
3 0.25390625 0.36484375 0.01875 0.05390625
3 0.11328125 0.38671875 0.015625 0.06015625
4 0.865625 0.33359375 0.10234375 0.04765625
4 0.7046875 0.30390625 0.04140625 0.046875
4 0.38515625 0.38046875 0.059375 0.07265625
4 0.83203125 0.41328125 0.08203125 0.07734375
4 0.71484375 0.46015625 0.08125 0.0875
4 0.396875 0.2875 0.02890625 0.034375
4 0.41171875 0.27890625 0.03046875 0.0328125
4 0.371875 0.2546875 0.03515625 0.02109375