4 0.68359375 0.56640625 0.0296875 0.0296875
4 0.978125 0.89375 0.04140625 0.075
4 0.4296875 0.5796875 0.0328125 0.0375
4 0.4734375 0.5375 0.01953125 0.02109375
4 0.1734375 0.7015625 0.0890625 0.0875
4 0.07890625 0.759375 0.1015625 0.10390625
4 0.1109375 0.671875 0.13125 0.08359375
4 0.2703125 0.63125 0.06171875 0.053125
4 0.31484375 0.61015625 0.046875 0.05390625
4 0.125 0.62109375 0.06796875 0.040625
4 0.70390625 0.5859375 0.028125 0.0296875
4 0.421875 0.5390625 0.02265625 0.0171875
4 0.38046875 0.73984375 0.06796875 0.07890625
4 0.45703125 0.55078125 0.021875 0.028125
4 0.71953125 0.5984375 0.03515625 0.03203125
4 0.3609375 0.6359375 0.04296875 0.0453125
4 0.3859375 0.6203125 0.04140625 0.03984375
4 0.290625 0.91171875 0.1265625 0.17265625
4 0.39765625 0.9703125 0.11640625 0.053125