4 0.046875 0.59765625 0.04296875 0.04921875
4 0.4859375 0.590625 0.0328125 0.04140625
4 0.43359375 0.5640625 0.02578125 0.03125
4 0.4890625 0.55625 0.0296875 0.028125
4 0.45 0.63046875 0.04609375 0.0515625
4 0.9453125 0.828125 0.1046875 0.1078125
4 0.8296875 0.70234375 0.06953125 0.065625
4 0.73046875 0.5953125 0.0359375 0.03515625
4 0.69921875 0.5671875 0.03671875 0.03203125
4 0.4453125 0.55859375 0.0140625 0.028125
4 0.77109375 0.634375 0.046875 0.04375
4 0.453125 0.553125 0.01640625 0.0296875
4 0.43046875 0.534375 0.03203125 0.02421875
4 0.459375 0.54296875 0.0171875 0.021875
4 0.4703125 0.5359375 0.01484375 0.01953125
4 0.0484375 0.65546875 0.03984375 0.0546875
4 0.87890625 0.75703125 0.08984375 0.0796875
4 0.6578125 0.53828125 0.02578125 0.02265625
4 0.37265625 0.621875 0.05234375 0.06015625
4 0.72109375 0.7375 0.0609375 0.07109375
4 0.07421875 0.94765625 0.14609375 0.1
4 0.1015625 0.68359375 0.1109375 0.1109375
4 0.12734375 0.6171875 0.06484375 0.05546875