3 0.1453125 0.66796875 0.01875 0.06015625
3 0.08671875 0.634375 0.015625 0.05625
4 0.7984375 0.753125 0.09140625 0.075
4 0.43359375 0.52734375 0.0171875 0.0171875
4 0.3984375 0.5328125 0.021875 0.025
4 0.33046875 0.51953125 0.0375 0.02109375
4 0.39609375 0.67421875 0.059375 0.08125
4 0.6234375 0.58125 0.034375 0.03359375
4 0.84921875 0.81328125 0.1078125 0.09921875
4 0.59921875 0.5609375 0.028125 0.03125
4 0.2078125 0.58984375 0.04140625 0.059375
4 0.14921875 0.5921875 0.05234375 0.04296875
4 0.04609375 0.58671875 0.04765625 0.04296875
4 0.03671875 0.640625 0.0734375 0.05625
4 0.01484375 0.753125 0.0296875 0.08359375
4 0.2453125 0.803125 0.10078125 0.11875
4 0.68359375 0.725 0.065625 0.09140625
4 0.31875 0.65390625 0.05546875 0.07890625
4 0.55234375 0.521875 0.0171875 0.01875