4 0.3015625 0.61015625 0.04921875 0.04765625
4 0.17109375 0.6953125 0.08671875 0.090625
4 0.41171875 0.58203125 0.0390625 0.04609375
4 0.471875 0.5359375 0.01875 0.025
4 0.37109375 0.62265625 0.04609375 0.05859375
4 0.45625 0.5484375 0.02265625 0.0234375
4 0.96171875 0.85625 0.07421875 0.10390625
4 0.62109375 0.63671875 0.046875 0.05234375
4 0.725 0.59609375 0.04140625 0.03359375
4 0.25546875 0.60546875 0.05078125 0.0515625
4 0.50390625 0.54375 0.02421875 0.02890625
4 0.20390625 0.61171875 0.05 0.04453125
4 0.15546875 0.60625 0.04921875 0.053125
4 0.103125 0.628125 0.06328125 0.0515625
4 0.04609375 0.61875 0.03125 0.053125