4 0.1578125 0.7125 0.090625 0.0953125
3 0.11015625 0.6390625 0.0125 0.0484375
3 0.12421875 0.63984375 0.0125 0.05078125
4 0.8890625 0.76953125 0.11015625 0.09296875
4 0.15625 0.61171875 0.04765625 0.04296875
4 0.3125 0.61484375 0.04609375 0.05078125
4 0.2609375 0.61640625 0.0390625 0.04453125
4 0.20234375 0.61328125 0.04921875 0.05546875
4 0.7 0.578125 0.0296875 0.03125
4 0.75 0.62421875 0.0484375 0.04765625
4 0.9546875 0.846875 0.08828125 0.10546875
4 0.43125 0.56953125 0.0265625 0.03203125
4 0.459375 0.55078125 0.01796875 0.0265625
4 0.675 0.55390625 0.03046875 0.0328125
4 0.68359375 0.62734375 0.04453125 0.04140625
4 0.6375 0.5671875 0.02578125 0.0234375
3 0.8515625 0.6609375 0.01328125 0.06328125
4 0.70625 0.54765625 0.01875 0.02265625
4 0.690625 0.56796875 0.025 0.02421875
4 0.66015625 0.546875 0.01484375 0.021875
4 0.44609375 0.55859375 0.01796875 0.028125
4 0.48203125 0.53515625 0.0171875 0.01875
4 0.42578125 0.54140625 0.0390625 0.02265625
4 0.05703125 0.6015625 0.0515625 0.08984375