4 0.315625 0.61015625 0.04921875 0.05625
4 0.1609375 0.6125 0.05078125 0.04921875
4 0.70546875 0.58671875 0.02578125 0.0234375
4 0.92421875 0.796875 0.11171875 0.08984375
4 0.3640625 0.6375 0.046875 0.05
4 0.68671875 0.56875 0.02734375 0.0328125
4 0.17421875 0.70703125 0.090625 0.096875
4 0.09375 0.68515625 0.09375 0.10546875
4 0.19765625 0.63515625 0.05234375 0.04765625
4 0.45859375 0.55234375 0.01953125 0.02890625
4 0.71796875 0.60078125 0.0390625 0.03671875
4 0.25859375 0.61875 0.046875 0.0515625