4 0.74140625 0.3875 0.0640625 0.06953125
4 0.85078125 0.48828125 0.103125 0.10234375
4 0.33046875 0.30390625 0.02734375 0.040625
4 0.63125 0.296875 0.0296875 0.0375
4 0.78125 0.4234375 0.0859375 0.078125
4 0.35390625 0.521875 0.10234375 0.13984375
4 0.36015625 0.29609375 0.0328125 0.03046875
4 0.6546875 0.3078125 0.03671875 0.03828125
3 0.2421875 0.346875 0.015625 0.05234375
3 0.059375 0.38671875 0.01953125 0.06015625
3 0.17890625 0.4078125 0.01953125 0.06953125
4 0.30859375 0.259375 0.05078125 0.02421875
3 0.14609375 0.409375 0.015625 0.06953125
3 0.1578125 0.41015625 0.01796875 0.07109375