4 0.61484375 0.54453125 0.01796875 0.01953125
4 0.63515625 0.55859375 0.02421875 0.0265625
4 0.71796875 0.63515625 0.04453125 0.04296875
4 0.88203125 0.91171875 0.125 0.03984375
4 0.05703125 0.60703125 0.0609375 0.05234375
4 0.4703125 0.53125 0.0140625 0.02109375
4 0.35546875 0.590625 0.05546875 0.04765625
4 0.43359375 0.58515625 0.0328125 0.0375
4 0.5703125 0.59453125 0.0296875 0.03984375
4 0.69921875 0.61484375 0.0390625 0.0421875
4 0.66953125 0.58984375 0.03359375 0.0328125
4 0.603125 0.57109375 0.0296875 0.03125
4 0.259375 0.61171875 0.04609375 0.04296875
4 0.20859375 0.61171875 0.05 0.04609375