3 0.23984375 0.5640625 0.02578125 0.09453125
4 0.359375 0.27421875 0.02265625 0.02734375
4 0.78203125 0.29140625 0.0734375 0.053125
4 0.7078125 0.89765625 0.3875 0.2
4 0.2828125 0.95234375 0.33515625 0.09140625
4 0.04765625 0.4 0.0765625 0.08203125
0 0.23828125 0.35703125 0.16484375 0.16484375
3 0.26640625 0.61484375 0.02578125 0.1171875
3 0.2578125 0.59296875 0.02265625 0.1109375
3 0.8625 0.6421875 0.02578125 0.10703125
3 0.88203125 0.63515625 0.03125 0.13125
3 0.1609375 0.62109375 0.0328125 0.10390625
3 0.05078125 0.57734375 0.028125 0.09140625