4 0.665625 0.61640625 0.046875 0.0453125
4 0.0953125 0.596875 0.05078125 0.04921875
4 0.8734375 0.828125 0.11640625 0.1
4 0.8 0.75390625 0.10703125 0.08671875
4 0.628125 0.58125 0.040625 0.034375
4 0.33203125 0.5234375 0.0375 0.02578125
4 0.74296875 0.69921875 0.0859375 0.07734375
4 0.02421875 0.746875 0.0484375 0.08125
4 0.5640625 0.53046875 0.02265625 0.021875
4 0.9390625 0.89375 0.11875 0.07578125
4 0.5578125 0.58046875 0.0328125 0.03984375
4 0.03046875 0.665625 0.0609375 0.08515625
4 0.046875 0.5890625 0.046875 0.05546875