4 0.74609375 0.61796875 0.05234375 0.03828125
4 0.81953125 0.684375 0.0671875 0.06171875
4 0.221875 0.646875 0.12109375 0.06640625
4 0.45859375 0.54296875 0.02578125 0.0234375
4 0.48046875 0.58125 0.03515625 0.0375
4 0.43125 0.66171875 0.05546875 0.06875
4 0.3703125 0.765625 0.08125 0.11015625
4 0.96640625 0.859375 0.0640625 0.12265625
4 0.22734375 0.94609375 0.159375 0.10390625
4 0.10859375 0.7265625 0.10625 0.1125
4 0.86171875 0.71796875 0.06640625 0.071875
4 0.071875 0.959375 0.14375 0.07734375
4 0.4796875 0.5296875 0.02265625 0.02421875
4 0.72109375 0.5859375 0.03359375 0.0328125