4 0.19140625 0.6109375 0.05625 0.04765625
4 0.1421875 0.6078125 0.046875 0.04765625
4 0.0875 0.6078125 0.04375 0.0390625
4 0.66796875 0.559375 0.02734375 0.02578125
4 0.928125 0.81875 0.10703125 0.0984375
4 0.10703125 0.625 0.05625 0.04609375
4 0.828125 0.72578125 0.06796875 0.06875
4 0.68046875 0.64375 0.0484375 0.05859375
4 0.74375 0.63046875 0.0578125 0.05703125
4 0.87734375 0.76171875 0.09296875 0.08671875
4 0.97421875 0.88671875 0.0484375 0.08515625
4 0.67734375 0.5734375 0.03203125 0.02734375
4 0.08203125 0.74453125 0.11484375 0.109375
4 0.0640625 0.69765625 0.109375 0.11640625
4 0.25 0.60703125 0.04765625 0.05546875