4 0.1109375 0.26640625 0.05 0.05
4 0.02109375 0.225 0.0421875 0.059375
4 0.9546875 0.315625 0.084375 0.0921875
4 0.24921875 0.54765625 0.1234375 0.1546875
4 0.65625 0.33515625 0.13671875 0.09140625
4 0.784375 0.3671875 0.13828125 0.08203125
3 0.84296875 0.41875 0.0328125 0.10859375
3 0.6828125 0.49140625 0.03515625 0.10390625
4 0.19921875 0.2453125 0.07578125 0.03046875
4 0.1765625 0.44296875 0.11640625 0.14296875
4 0.075 0.2359375 0.0578125 0.04296875
4 0.29453125 0.275 0.07265625 0.05859375
4 0.39921875 0.29609375 0.090625 0.0625
4 0.5046875 0.309375 0.10625 0.06875