4 0.80234375 0.39375 0.0765625 0.06640625
3 0.1578125 0.40234375 0.01015625 0.06875
4 0.7328125 0.33359375 0.04296875 0.0375
3 0.20234375 0.39453125 0.01875 0.06953125
3 0.21796875 0.3765625 0.01953125 0.0703125
3 0.1484375 0.41484375 0.01875 0.06640625
3 0.09765625 0.41640625 0.01953125 0.06640625
4 0.70078125 0.303125 0.040625 0.03359375
4 0.9375 0.5421875 0.1140625 0.11171875
4 0.865625 0.33125 0.09375 0.04453125
4 0.88984375 0.471875 0.11015625 0.08984375
4 0.36484375 0.25390625 0.04609375 0.02265625
4 0.6828125 0.290625 0.025 0.03359375