4 0.7546875 0.6234375 0.046875 0.04140625
4 0.17109375 0.6984375 0.0890625 0.090625
4 0.27734375 0.6265625 0.07109375 0.0578125
4 0.203125 0.6265625 0.06015625 0.04765625
4 0.11875 0.625 0.0625 0.05
3 0.0375 0.65390625 0.01875 0.0625
4 0.1625 0.6046875 0.0515625 0.05234375
4 0.046875 0.615625 0.03203125 0.04296875
4 0.71796875 0.59375 0.03671875 0.03359375
4 0.69765625 0.57421875 0.025 0.02578125
4 0.6890625 0.56328125 0.02578125 0.0296875
4 0.66328125 0.54453125 0.0203125 0.02265625
4 0.43046875 0.534375 0.03203125 0.0234375
4 0.95859375 0.84375 0.0796875 0.11640625