4 0.1828125 0.64609375 0.11015625 0.06015625
4 0.72265625 0.58359375 0.03984375 0.03515625
4 0.46328125 0.53828125 0.0234375 0.02421875
4 0.421875 0.9109375 0.10625 0.13359375
4 0.0453125 0.58515625 0.03125 0.03046875
4 0.07265625 0.596875 0.05625 0.04609375
4 0.48984375 0.53984375 0.0234375 0.02421875
4 0.66328125 0.5390625 0.02109375 0.02421875
4 0.678125 0.55078125 0.02578125 0.034375
4 0.31171875 0.60546875 0.04765625 0.05078125
4 0.259375 0.62890625 0.0578125 0.05
4 0.74765625 0.61796875 0.0453125 0.04609375
4 0.82265625 0.68671875 0.07109375 0.06015625
4 0.95234375 0.840625 0.0921875 0.11015625
4 0.2828125 0.91953125 0.13046875 0.15625