4 0.8703125 0.78125 0.1 0.0828125
4 0.7140625 0.72890625 0.0921875 0.0625
4 0.38671875 0.63125 0.05234375 0.06640625
4 0.425 0.53046875 0.0171875 0.01875
4 0.93125 0.8375 0.12265625 0.103125
4 0.8109375 0.71875 0.08203125 0.0734375
4 0.7703125 0.67890625 0.0703125 0.0609375
4 0.721875 0.634375 0.0515625 0.04765625
4 0.70234375 0.61484375 0.05 0.0375
4 0.6796875 0.58828125 0.040625 0.03671875
4 0.61875 0.53984375 0.02578125 0.0234375
4 0.05546875 0.72734375 0.11015625 0.11484375
4 0.16015625 0.603125 0.0625 0.046875
4 0.10625 0.596875 0.05 0.04375
4 0.08359375 0.58671875 0.0328125 0.03125
4 0.221875 0.61796875 0.065625 0.0625
4 0.9609375 0.903125 0.075 0.05625