3 0.3359375 0.3125 0.01015625 0.04609375
4 0.3140625 0.48671875 0.0875 0.10390625
4 0.43046875 0.4546875 0.0796875 0.1140625
4 0.35 0.41171875 0.08671875 0.0953125
4 0.3875 0.37578125 0.04140625 0.0578125
4 0.45546875 0.37890625 0.05390625 0.06640625
4 0.70234375 0.303125 0.0453125 0.04453125
4 0.8625 0.33046875 0.09609375 0.04765625
4 0.6828125 0.29375 0.02734375 0.0375
4 0.73125 0.3296875 0.0421875 0.04921875
4 0.37578125 0.6 0.13203125 0.1828125
4 0.79296875 0.38203125 0.0640625 0.06484375
4 0.93046875 0.51640625 0.11953125 0.1
4 0.40234375 0.3546875 0.0421875 0.05078125
4 0.41875 0.33125 0.03515625 0.05234375
4 0.3828125 0.3 0.02578125 0.0359375
4 0.39453125 0.29140625 0.0265625 0.0421875
4 0.41015625 0.27734375 0.0203125 0.0328125
4 0.2703125 0.31171875 0.075 0.04453125
3 0.32421875 0.30859375 0.01015625 0.0390625
3 0.37578125 0.26640625 0.01015625 0.025