4 0.69609375 0.57109375 0.03203125 0.0328125
4 0.61328125 0.57734375 0.02890625 0.0328125
4 0.378125 0.72265625 0.07421875 0.09140625
4 0.82265625 0.6875 0.07109375 0.0625
3 0.96171875 0.73984375 0.02265625 0.07890625
4 0.6578125 0.68359375 0.05390625 0.06640625
3 0.94140625 0.73671875 0.01640625 0.06328125
4 0.6765625 0.54453125 0.02578125 0.040625
4 0.74609375 0.62109375 0.046875 0.04140625
4 0.43203125 0.5640625 0.02890625 0.034375
4 0.44921875 0.553125 0.01875 0.02578125
4 0.10703125 0.734375 0.1125 0.11953125
4 0.25078125 0.94609375 0.1375 0.10390625