4 0.43203125 0.56015625 0.01640625 0.02421875
4 0.0265625 0.61953125 0.03203125 0.040625
4 0.41640625 0.56640625 0.0265625 0.02890625
4 0.2984375 0.60625 0.04609375 0.0484375
4 0.259375 0.596875 0.04375 0.03203125
4 0.23671875 0.615625 0.04296875 0.03828125
4 0.184375 0.62890625 0.0515625 0.04140625
4 0.10078125 0.6015625 0.053125 0.04375
4 0.6453125 0.54453125 0.01953125 0.01796875
4 0.678125 0.57109375 0.03125 0.03046875
4 0.31640625 0.66171875 0.05234375 0.06875
4 0.29765625 0.746875 0.08984375 0.08515625
4 0.2953125 0.9 0.14453125 0.15
4 0.47734375 0.56171875 0.0265625 0.02734375
4 0.4890625 0.5390625 0.021875 0.02578125
4 0.45703125 0.53671875 0.01640625 0.0203125
4 0.46875 0.5328125 0.01484375 0.0203125
4 0.96875 0.88515625 0.059375 0.08359375
4 0.06953125 0.69140625 0.11328125 0.1140625
4 0.75859375 0.640625 0.05078125 0.04765625
4 0.70703125 0.59296875 0.03203125 0.0328125
4 0.6484375 0.59375 0.034375 0.04296875
4 0.4640625 0.59296875 0.03515625 0.03828125
4 0.7375 0.621875 0.0390625 0.05078125
4 0.8515625 0.74609375 0.09453125 0.0734375
4 0.92421875 0.8109375 0.1171875 0.10234375
4 0.41640625 0.5359375 0.02734375 0.01953125
3 0.2546875 0.65546875 0.015625 0.04765625
3 0.759375 0.6 0.01171875 0.03046875