4 0.64140625 0.71015625 0.06953125 0.075
4 0.96875 0.884375 0.059375 0.08984375
4 0.6859375 0.57890625 0.03671875 0.02890625
4 0.4875 0.54140625 0.02578125 0.025
4 0.06640625 0.73359375 0.10546875 0.10703125
4 0.43671875 0.53984375 0.02734375 0.02890625
4 0.0875 0.61328125 0.071875 0.05625
4 0.63828125 0.5375 0.02421875 0.0203125
4 0.66796875 0.56015625 0.0265625 0.02734375
4 0.18984375 0.6078125 0.05390625 0.04453125
4 0.24140625 0.60859375 0.0484375 0.040625
4 0.2875 0.603125 0.0421875 0.04765625
4 0.73515625 0.62109375 0.06640625 0.05859375