4 0.02109375 0.6828125 0.0421875 0.096875
4 0.06484375 0.6046875 0.02421875 0.04453125
4 0.56171875 0.534375 0.021875 0.02109375
4 0.66015625 0.61328125 0.0484375 0.0484375
4 0.79296875 0.75390625 0.0953125 0.08359375
4 0.33828125 0.553125 0.02578125 0.03125
4 0.953125 0.90859375 0.090625 0.04609375
4 0.69140625 0.74921875 0.08515625 0.10234375
4 0.33046875 0.53046875 0.0359375 0.02578125
4 0.3734375 0.52578125 0.025 0.028125
4 0.6265625 0.58515625 0.0359375 0.0390625
4 0.6015625 0.5625 0.02890625 0.0328125
4 0.58125 0.55078125 0.02265625 0.0234375
4 0.20390625 0.6046875 0.040625 0.04609375
4 0.15078125 0.60625 0.0421875 0.04375
4 0.1046875 0.60546875 0.040625 0.04453125