4 0.70234375 0.5890625 0.0359375 0.03359375
4 0.6734375 0.5640625 0.02265625 0.02890625
4 0.6859375 0.575 0.034375 0.02578125
4 0.66015625 0.55234375 0.0265625 0.0265625
4 0.41796875 0.56328125 0.02578125 0.0328125
4 0.965625 0.88125 0.065625 0.0984375
4 0.73828125 0.62265625 0.04765625 0.0421875
4 0.45859375 0.5390625 0.015625 0.01640625
4 0.4421875 0.54765625 0.02109375 0.021875
4 0.1 0.61640625 0.0734375 0.0734375
4 0.64453125 0.54453125 0.02109375 0.02421875
4 0.92578125 0.81171875 0.109375 0.09296875
4 0.46640625 0.53203125 0.0203125 0.02109375
4 0.41484375 0.53671875 0.0328125 0.021875