4 0.71875 0.59765625 0.03671875 0.03515625
4 0.365625 0.6375 0.0453125 0.05
4 0.2625 0.6203125 0.04375 0.04765625
4 0.3140625 0.6140625 0.0515625 0.0546875
4 0.92421875 0.8 0.10859375 0.0921875
4 0.7046875 0.5875 0.0296875 0.03046875
4 0.68515625 0.56875 0.025 0.0296875
4 0.66640625 0.55 0.02109375 0.0234375
4 0.12109375 0.62421875 0.071875 0.08046875
4 0.0640625 0.61328125 0.05078125 0.0453125
4 0.2 0.6453125 0.159375 0.11484375
4 0.171875 0.709375 0.0875 0.09453125
4 0.9640625 0.8671875 0.06875 0.103125