4 0.446875 0.55234375 0.0203125 0.02421875
4 0.69609375 0.5703125 0.02109375 0.02421875
4 0.7640625 0.61640625 0.0625 0.07109375
4 0.9640625 0.86484375 0.06953125 0.1
4 0.4359375 0.5625 0.02578125 0.02890625
4 0.70703125 0.58359375 0.0296875 0.03359375
4 0.6875 0.56171875 0.03046875 0.028125
4 0.678125 0.55390625 0.025 0.02578125
4 0.66484375 0.54453125 0.01796875 0.02109375
4 0.9234375 0.79375 0.10703125 0.0875
4 0.12109375 0.61015625 0.06484375 0.06171875
4 0.43046875 0.53671875 0.0296875 0.01953125
4 0.4796875 0.53203125 0.02109375 0.01953125
4 0.46171875 0.54453125 0.01796875 0.025