4 0.2109375 0.6140625 0.05 0.05
4 0.221875 0.6359375 0.05546875 0.0515625
4 0.32734375 0.54453125 0.04140625 0.03203125
4 0.38125 0.54375 0.0390625 0.0265625
4 0.4578125 0.5453125 0.01796875 0.021875
4 0.6734375 0.6015625 0.0328125 0.03515625
4 0.6640625 0.5890625 0.02734375 0.03046875
4 0.64296875 0.56328125 0.03125 0.02734375
4 0.61953125 0.54765625 0.03125 0.0484375
4 0.93828125 0.87578125 0.12109375 0.10625
4 0.71015625 0.63046875 0.0421875 0.0421875
4 0.16015625 0.9640625 0.13359375 0.0671875
4 0.4 0.64296875 0.0484375 0.0578125
4 0.46640625 0.63671875 0.04140625 0.05625
4 0.390625 0.5640625 0.0296875 0.03984375
4 0.440625 0.56328125 0.02421875 0.028125
4 0.053125 0.61328125 0.0578125 0.05
4 0.071875 0.62890625 0.05078125 0.0390625
4 0.009375 0.62734375 0.01875 0.05
4 0.64453125 0.57734375 0.0296875 0.02890625
3 0.23515625 0.64453125 0.01328125 0.04453125
3 0.89140625 0.70703125 0.02109375 0.059375
3 0.22265625 0.65546875 0.015625 0.04453125
4 0.1625 0.6109375 0.05 0.03359375
4 0.1578125 0.6328125 0.05546875 0.05546875
4 0.0609375 0.59296875 0.07578125 0.02890625