4 0.51640625 0.1578125 0.0265625 0.034375
4 0.47578125 0.14609375 0.02421875 0.02890625
4 0.0015625 0.99296875 0.003125 0.01015625
4 0.33828125 0.49765625 0.10546875 0.14453125
4 0.0703125 0.21875 0.03984375 0.0609375
4 0.1875 0.20625 0.040625 0.05078125
4 0.234375 0.20703125 0.05078125 0.0515625
4 0.45703125 0.23046875 0.0625 0.09453125
4 0.46171875 0.1578125 0.03125 0.03671875
4 0.49921875 0.1328125 0.02109375 0.0234375
4 0.953125 0.40546875 0.08984375 0.09296875
4 0.74453125 0.1796875 0.040625 0.04453125
4 0.06875 0.94921875 0.1375 0.09765625
4 0.35390625 0.85859375 0.184375 0.278125
4 0.2421875 0.68046875 0.16875 0.2359375
4 0.9796875 0.4734375 0.03671875 0.1125
4 0.79375 0.228125 0.04375 0.046875
4 0.52265625 0.25 0.07734375 0.14140625