4 0.2578125 0.609375 0.04609375 0.04296875
3 0.13359375 0.665625 0.0203125 0.05625
4 0.2703125 0.62578125 0.05390625 0.04375
4 0.684375 0.5609375 0.025 0.02578125
4 0.678125 0.55 0.02265625 0.0265625
4 0.6640625 0.53984375 0.02109375 0.0234375
4 0.4234375 0.53671875 0.0234375 0.0234375
4 0.440625 0.53359375 0.02265625 0.02109375
4 0.21171875 0.6125 0.0640625 0.04140625
4 0.20859375 0.625 0.05546875 0.0453125
4 0.115625 0.5984375 0.05078125 0.03203125
4 0.11640625 0.62421875 0.0609375 0.04453125
4 0.0484375 0.740625 0.096875 0.11015625
4 0.465625 0.5375 0.02421875 0.025
4 0.70234375 0.57734375 0.0375 0.0359375
4 0.95390625 0.8359375 0.08984375 0.09765625
4 0.80859375 0.82265625 0.08828125 0.09140625
4 0.8234375 0.6875 0.06796875 0.0578125
4 0.37890625 0.66484375 0.0578125 0.0671875
4 0.746875 0.61640625 0.04921875 0.04609375
4 0.3734375 0.59765625 0.06953125 0.040625
4 0.4828125 0.52890625 0.01796875 0.021875
3 0.81484375 0.63671875 0.01171875 0.04609375