4 0.6296875 0.6296875 0.03359375 0.04296875
4 0.659375 0.65234375 0.04921875 0.0609375
4 0.68125 0.684375 0.06484375 0.0625
4 0.69765625 0.72890625 0.07109375 0.0734375
4 0.746875 0.8078125 0.08828125 0.09765625
0 0.14296875 0.79453125 0.28515625 0.35234375
4 0.8609375 0.91015625 0.09296875 0.04140625
4 0.4390625 0.534375 0.00859375 0.01171875
4 0.42734375 0.5375 0.01484375 0.01796875
4 0.41875 0.5421875 0.015625 0.01796875
4 0.39296875 0.53203125 0.01875 0.01015625
4 0.6171875 0.58828125 0.03203125 0.03515625
4 0.08359375 0.62421875 0.06171875 0.04375
4 0.37421875 0.5375 0.02265625 0.0203125
4 0.40859375 0.54765625 0.021875 0.0234375
4 0.59375 0.56796875 0.0203125 0.025
4 0.6046875 0.5796875 0.02890625 0.0375
4 0.625 0.60546875 0.04296875 0.040625