4 0.64609375 0.53359375 0.01953125 0.02265625
4 0.8234375 0.6890625 0.065625 0.05703125
4 0.75 0.61953125 0.0453125 0.046875
4 0.52109375 0.5640625 0.03515625 0.03046875
3 0.2421875 0.68515625 0.01484375 0.0578125
3 0.2703125 0.6828125 0.0203125 0.059375
4 0.50078125 0.52578125 0.00859375 0.01484375
4 0.5125 0.52421875 0.00859375 0.0125
4 0.6515625 0.5390625 0.0171875 0.0203125
4 0.70625 0.57890625 0.034375 0.03515625
4 0.43203125 0.5625 0.0265625 0.0375
4 0.10703125 0.7328125 0.10625 0.1046875
4 0.690625 0.56640625 0.02890625 0.03125
4 0.67421875 0.54921875 0.03046875 0.03984375
4 0.4484375 0.5546875 0.0203125 0.0296875
4 0.46328125 0.546875 0.015625 0.025
4 0.4828125 0.53203125 0.01953125 0.02109375
4 0.49375 0.528125 0.009375 0.01796875