4 0.465625 0.14921875 0.0421875 0.03984375
4 0.515625 0.12109375 0.0125 0.015625
4 0.1046875 0.203125 0.0609375 0.04296875
4 0.75234375 0.18359375 0.03515625 0.04140625
4 0.6890625 0.134375 0.02890625 0.02578125
4 0.45625 0.12734375 0.0296875 0.0234375
4 0.715625 0.153125 0.02265625 0.03046875
4 0.115625 0.3359375 0.10703125 0.11171875
4 0.30625 0.353125 0.0921875 0.11484375
4 0.734375 0.1703125 0.01796875 0.0234375
3 0.021875 0.4296875 0.02890625 0.1
4 0.7875 0.2171875 0.0453125 0.0484375
4 0.328125 0.19375 0.05546875 0.06484375
4 0.390625 0.12890625 0.05703125 0.0359375
4 0.80625 0.36640625 0.08046875 0.08203125
4 0.50390625 0.12265625 0.01171875 0.0203125