4 0.58046875 0.63671875 0.04140625 0.053125
4 0.79921875 0.7234375 0.06875 0.07421875
4 0.62421875 0.56328125 0.03046875 0.03046875
4 0.3359375 0.5453125 0.05234375 0.02421875
4 0.74296875 0.640625 0.10078125 0.13203125
4 0.04296875 0.75859375 0.08515625 0.10859375
4 0.03046875 0.609375 0.0328125 0.04375
4 0.3734375 0.53984375 0.0296875 0.01953125
4 0.40390625 0.5578125 0.0203125 0.0265625
4 0.434375 0.534375 0.0171875 0.0203125
4 0.678125 0.6765625 0.0546875 0.0625
4 0.36953125 0.58671875 0.0296875 0.03203125
4 0.38828125 0.56640625 0.0328125 0.03984375
4 0.1546875 0.61328125 0.04609375 0.0453125
4 0.60078125 0.53125 0.01328125 0.0140625
4 0.2609375 0.60390625 0.04921875 0.06328125
4 0.20859375 0.615625 0.04609375 0.0375
4 0.08046875 0.6296875 0.0609375 0.046875