4 0.01484375 0.61875 0.0296875 0.04609375
4 0.940625 0.89765625 0.11640625 0.07421875
4 0.05078125 0.5953125 0.05 0.05546875
4 0.0984375 0.62421875 0.0578125 0.04375
4 0.0984375 0.59140625 0.04453125 0.025
4 0.1515625 0.59921875 0.053125 0.04140625
4 0.16875 0.61640625 0.0578125 0.0609375
4 0.2125 0.59609375 0.0421875 0.04765625
4 0.3328125 0.52578125 0.03515625 0.02265625
4 0.87578125 0.834375 0.11328125 0.0953125
4 0.80078125 0.759375 0.1015625 0.08359375
4 0.5640625 0.5328125 0.02109375 0.025
3 0.2546875 0.58671875 0.01171875 0.046875
4 0.62421875 0.58515625 0.03046875 0.0328125
4 0.5875 0.55234375 0.0234375 0.02421875
4 0.603125 0.5625 0.03046875 0.028125
4 0.37421875 0.52578125 0.01875 0.01875
4 0.340625 0.55078125 0.034375 0.03828125
4 0.653125 0.6015625 0.04296875 0.0546875
4 0.02265625 0.74765625 0.0453125 0.07890625