4 0.39921875 0.553125 0.02578125 0.02890625
4 0.67421875 0.59296875 0.0328125 0.034375
4 0.70546875 0.61953125 0.04453125 0.0453125
4 0.65703125 0.57890625 0.0234375 0.02890625
4 0.80234375 0.71875 0.07109375 0.06484375
4 0.4296875 0.53984375 0.01484375 0.021875
4 0.41640625 0.54375 0.01796875 0.02578125
4 0.60078125 0.53203125 0.02578125 0.02265625
4 0.4125 0.5984375 0.0453125 0.040625
4 0.76328125 0.6828125 0.06171875 0.05625
4 0.46171875 0.5234375 0.0390625 0.0578125
4 0.40390625 0.7609375 0.07734375 0.09453125