4 0.0578125 0.31484375 0.06953125 0.07890625
4 0.146875 0.2390625 0.06796875 0.05390625
4 0.078125 0.23515625 0.071875 0.0390625
4 0.02421875 0.22734375 0.0484375 0.04140625
4 0.2890625 0.26875 0.06640625 0.04921875
4 0.3796875 0.28359375 0.10625 0.06328125
4 0.58515625 0.325 0.11953125 0.06875
4 0.71171875 0.34609375 0.13046875 0.07578125
4 0.20703125 0.890625 0.23046875 0.21484375
3 0.9 0.3015625 0.01796875 0.059375
3 0.8625 0.315625 0.02265625 0.07265625
3 0.9796875 0.4375 0.03359375 0.08828125
3 0.72578125 0.44375 0.02421875 0.09609375
3 0.8796875 0.39140625 0.0375 0.08203125
3 0.959375 0.29765625 0.015625 0.06640625
4 0.4828125 0.309375 0.1015625 0.05703125