4 0.45078125 0.6109375 0.04140625 0.053125
4 0.08125 0.68828125 0.1203125 0.10546875
4 0.46015625 0.53984375 0.01796875 0.01953125
4 0.97109375 0.88515625 0.05546875 0.09140625
4 0.62265625 0.55078125 0.028125 0.04609375
4 0.1015625 0.73203125 0.11328125 0.0984375
4 0.09921875 0.61640625 0.04921875 0.03671875
4 0.0984375 0.60703125 0.05 0.04453125
4 0.06953125 0.60625 0.02578125 0.028125
4 0.07109375 0.5921875 0.02578125 0.0109375
4 0.1875 0.60859375 0.05 0.04765625
4 0.23671875 0.61328125 0.04609375 0.04296875
4 0.29765625 0.60234375 0.0515625 0.0640625
4 0.26328125 0.8421875 0.125 0.12109375
4 0.36875 0.72890625 0.0640625 0.08671875
4 0.35234375 0.6265625 0.04296875 0.0578125
4 0.41875 0.56484375 0.025 0.03046875
4 0.45390625 0.56796875 0.03203125 0.0328125
4 0.44140625 0.5515625 0.0234375 0.01640625
4 0.92734375 0.81171875 0.10703125 0.08984375
4 0.86640625 0.75546875 0.08515625 0.07421875
4 0.7375 0.6234375 0.046875 0.0421875
4 0.70546875 0.58984375 0.03359375 0.0359375
4 0.68984375 0.578125 0.02578125 0.02734375
4 0.67578125 0.56484375 0.03125 0.0328125
4 0.66015625 0.5546875 0.01640625 0.02109375