4 0.48828125 0.52734375 0.01875 0.0171875
4 0.4390625 0.534375 0.0171875 0.01484375
4 0.11640625 0.60625 0.0546875 0.05
4 0.12578125 0.62421875 0.0671875 0.05
4 0.23828125 0.65 0.10703125 0.05
4 0.3640625 0.63125 0.046875 0.05
4 0.5046875 0.6875 0.06015625 0.08359375
4 0.72265625 0.5875 0.04140625 0.046875
4 0.2578125 0.6109375 0.05078125 0.0421875
4 0.315625 0.6078125 0.05 0.0515625
4 0.1546875 0.88046875 0.12421875 0.14375
4 0.4671875 0.54140625 0.028125 0.02578125
4 0.3546875 0.74609375 0.0953125 0.08359375
4 0.459375 0.61640625 0.03828125 0.04609375
4 0.17109375 0.60703125 0.03984375 0.04765625
4 0.4234375 0.53671875 0.02265625 0.01953125
4 0.6859375 0.56328125 0.034375 0.03359375