4 0.75234375 0.2328125 0.028125 0.03515625
3 0.97421875 0.77421875 0.0453125 0.171875
3 0.42421875 0.35234375 0.01640625 0.05234375
3 0.3453125 0.3515625 0.01875 0.0625
1 0.57890625 0.3 0.01015625 0.034375
4 0.2734375 0.30703125 0.08671875 0.04921875
4 0.7 0.26640625 0.0296875 0.02890625
4 0.6609375 0.2875 0.03515625 0.034375
3 0.98984375 0.72109375 0.0140625 0.1390625
4 0.6890625 0.36484375 0.07109375 0.06953125
4 0.04296875 0.33125 0.08515625 0.10390625
4 0.1484375 0.34765625 0.12265625 0.07890625
4 0.4859375 0.45 0.11953125 0.10078125
4 0.7859375 0.27578125 0.01484375 0.0453125
4 0.68671875 0.278125 0.03046875 0.03359375
4 0.85 0.26171875 0.021875 0.0375