4 0.3953125 0.49921875 0.0171875 0.0453125
4 0.5171875 0.5125 0.0796875 0.0796875
3 0.128125 0.5765625 0.02265625 0.08359375
3 0.15859375 0.52265625 0.0125 0.05859375
4 0.34921875 0.5 0.08046875 0.12890625
4 0.4375 0.52265625 0.06171875 0.05859375
4 0.60390625 0.59453125 0.15078125 0.0953125
2 0.36640625 0.909375 0.13828125 0.1734375
4 0.22265625 0.44921875 0.0203125 0.02578125
4 0.26796875 0.46015625 0.025 0.028125
4 0.2921875 0.496875 0.02734375 0.034375
4 0.30625 0.51171875 0.01640625 0.03671875
4 0.23671875 0.4953125 0.03671875 0.04375