4 0.46875 0.346875 0.090625 0.0484375
4 0.228125 0.3265625 0.08359375 0.05234375
4 0.125 0.3296875 0.0609375 0.04296875
4 0.03671875 0.3140625 0.04765625 0.04140625
4 0.7609375 0.25703125 0.02578125 0.02578125
4 0.678125 0.2953125 0.03984375 0.03515625
4 0.70625 0.28828125 0.03359375 0.03515625
4 0.8359375 0.3078125 0.03984375 0.04140625
2 0.71328125 0.5453125 0.034375 0.13203125
4 0.65703125 0.30859375 0.040625 0.03515625
4 0.753125 0.2859375 0.034375 0.0328125
3 0.946875 0.59140625 0.02578125 0.09921875
3 0.55078125 0.30234375 0.0171875 0.05546875
3 0.96484375 0.4546875 0.02578125 0.090625
3 0.034375 0.49296875 0.028125 0.08359375
4 0.01953125 0.4125 0.0390625 0.06875
4 0.68359375 0.38203125 0.08203125 0.06953125