3 0.25 0.5453125 0.03984375 0.125
3 0.94765625 0.840625 0.05390625 0.19453125
3 0.76640625 0.70625 0.0375 0.09453125
4 0.7359375 0.27265625 0.02109375 0.03984375
4 0.8 0.2734375 0.03515625 0.028125
4 0.6453125 0.33125 0.0609375 0.0515625
4 0.69296875 0.2796875 0.06640625 0.06953125
4 0.05546875 0.77421875 0.1109375 0.1875
4 0.0125 0.4 0.025 0.05625
4 0.17578125 0.3546875 0.17734375 0.13203125
3 0.5015625 0.325 0.01640625 0.053125
1 0.58125 0.3 0.0140625 0.03828125
3 0.44140625 0.32265625 0.02578125 0.08359375
3 0.3734375 0.3765625 0.01953125 0.07265625
3 0.28828125 0.36953125 0.0203125 0.08671875
3 0.51015625 0.6265625 0.0484375 0.1484375
3 0.7640625 0.8296875 0.0453125 0.1734375
4 0.63203125 0.39609375 0.1109375 0.08203125
3 0.08515625 0.471875 0.02265625 0.1109375