4 0.46796875 0.409375 0.0453125 0.05546875
4 0.56796875 0.42265625 0.03984375 0.06640625
4 0.54609375 0.36640625 0.08515625 0.1015625
4 0.43671875 0.30703125 0.021875 0.02734375
4 0.465625 0.359375 0.028125 0.034375
4 0.44375 0.3828125 0.02890625 0.03828125
4 0.3984375 0.33046875 0.0390625 0.0578125
4 0.3546875 0.34375 0.025 0.02890625
4 0.3515625 0.3203125 0.02265625 0.02109375
4 0.66953125 0.55390625 0.20859375 0.140625
4 0.625 0.44296875 0.08359375 0.10078125
4 0.52890625 0.4625 0.071875 0.084375
4 0.4953125 0.43125 0.0546875 0.065625
3 0.74609375 0.41015625 0.01328125 0.05546875
4 0.3828125 0.42109375 0.05 0.06640625
3 0.89453125 0.42734375 0.02265625 0.090625
4 0.13515625 0.61484375 0.26953125 0.2015625
4 0.7703125 0.81328125 0.37421875 0.24296875
4 0.87109375 0.571875 0.19609375 0.1265625
3 0.35234375 0.44296875 0.01796875 0.0765625
3 0.73359375 0.409375 0.0109375 0.05546875
4 0.38125 0.38359375 0.05234375 0.04609375
4 0.34765625 0.29375 0.01953125 0.02734375