4 0.3765625 0.35703125 0.034375 0.0359375
4 0.21328125 0.33046875 0.02421875 0.03125
4 0.4171875 0.37421875 0.0390625 0.034375
3 0.77890625 0.35546875 0.015625 0.0484375
3 0.7453125 0.3859375 0.0140625 0.0546875
3 0.1875 0.39453125 0.0171875 0.04453125
3 0.15234375 0.409375 0.01796875 0.05390625
3 0.20703125 0.44609375 0.02265625 0.059375
4 0.23828125 0.39375 0.04140625 0.046875
4 0.4875 0.3953125 0.065625 0.05
2 0.33203125 0.5140625 0.034375 0.08359375
2 0.3625 0.59140625 0.03203125 0.10625
4 0.2875 0.31015625 0.01796875 0.01953125
4 0.2984375 0.31796875 0.0171875 0.01875
4 0.3078125 0.3203125 0.021875 0.02265625
3 0.125 0.440625 0.02265625 0.06953125
3 0.98984375 0.57109375 0.0140625 0.0796875
3 0.0171875 0.91640625 0.034375 0.159375
4 0.94921875 0.44453125 0.096875 0.090625
4 0.3296875 0.33671875 0.021875 0.028125
4 0.34921875 0.34453125 0.02890625 0.03046875
4 0.228125 0.36875 0.034375 0.03671875
4 0.39296875 0.3671875 0.03046875 0.03125