4 0.7203125 0.6109375 0.07109375 0.0765625
3 0.85234375 0.60625 0.02265625 0.07265625
3 0.284375 0.625 0.02265625 0.08359375
3 0.3765625 0.6703125 0.03671875 0.096875
3 0.528125 0.68046875 0.028125 0.096875
3 0.484375 0.6859375 0.02578125 0.08671875
3 0.45703125 0.96171875 0.05078125 0.06953125
3 0.78515625 0.603125 0.01484375 0.0484375
4 0.7390625 0.4265625 0.02265625 0.028125
4 0.75546875 0.42578125 0.0109375 0.028125
4 0.765625 0.4265625 0.009375 0.02421875
4 0.64296875 0.65546875 0.13515625 0.11953125
4 0.61484375 0.4828125 0.04296875 0.034375
4 0.8140625 0.4796875 0.065625 0.034375
4 0.88671875 0.45390625 0.0328125 0.04140625
4 0.72890625 0.44140625 0.03203125 0.02734375
3 0.78203125 0.6296875 0.01875 0.059375