3 0.5953125 0.578125 0.03671875 0.10625
3 0.13046875 0.4703125 0.0171875 0.05234375
3 0.66015625 0.675 0.03671875 0.128125
4 0.27890625 0.52890625 0.11640625 0.09609375
4 0.3359375 0.4640625 0.09140625 0.0671875
4 0.53125 0.44140625 0.0859375 0.059375
3 0.5453125 0.72578125 0.028125 0.13046875
3 0.60625 0.6703125 0.03203125 0.1109375
3 0.559375 0.63125 0.0375 0.0734375
4 0.14140625 0.5390625 0.1171875 0.08828125
4 0.34453125 0.6171875 0.1625 0.1109375
4 0.553125 0.4859375 0.09296875 0.0703125
4 0.4453125 0.4125 0.06796875 0.05625
4 0.67578125 0.40625 0.0546875 0.0484375
4 0.73515625 0.36796875 0.0390625 0.0359375
4 0.5421875 0.36875 0.0625 0.05546875
4 0.79296875 0.33046875 0.02265625 0.02578125
4 0.76171875 0.325 0.021875 0.02421875
4 0.7125 0.3125 0.040625 0.05703125
3 0.57734375 0.72578125 0.03359375 0.16171875
3 0.09453125 0.4734375 0.02109375 0.05703125