4 0.65546875 0.45 0.04453125 0.04296875
4 0.503125 0.4671875 0.0578125 0.06171875
4 0.6078125 0.459375 0.0671875 0.05859375
4 0.48125 0.42265625 0.05234375 0.065625
4 0.715625 0.7328125 0.290625 0.18671875
3 0.31875 0.4140625 0.0171875 0.06171875
3 0.371875 0.41015625 0.01953125 0.05625
4 0.53828125 0.4234375 0.04453125 0.04765625
4 0.00546875 0.6015625 0.0109375 0.059375
2 0.8875 0.890625 0.08203125 0.09375
4 0.5609375 0.4421875 0.04296875 0.05
4 0.56875 0.6140625 0.23125 0.1625
4 0.7359375 0.5453125 0.1578125 0.09375
4 0.42265625 0.453125 0.06015625 0.07734375