4 0.890625 0.7375 0.21328125 0.309375
4 0.32734375 0.4796875 0.02578125 0.09375
3 0.19609375 0.4671875 0.01796875 0.07421875
3 0.215625 0.4609375 0.015625 0.06953125
4 0.23203125 0.390625 0.03984375 0.04453125
4 0.28046875 0.3609375 0.03203125 0.04140625
4 0.2671875 0.34453125 0.0296875 0.028125
4 0.296875 0.38671875 0.040625 0.04609375
4 0.33828125 0.4125 0.05625 0.05234375
4 0.32734375 0.35390625 0.02578125 0.0296875
4 0.38203125 0.38515625 0.0484375 0.04453125
4 0.46015625 0.415625 0.08984375 0.06953125
4 0.45703125 0.521875 0.128125 0.1390625
3 0.621875 0.409375 0.015625 0.0546875
4 0.909375 0.43671875 0.1078125 0.065625
3 0.89453125 0.48671875 0.02265625 0.08046875
4 0.82265625 0.41015625 0.1109375 0.07890625
4 0.975 0.3734375 0.04375 0.059375
3 0.159375 0.68046875 0.0453125 0.1453125
2 0.065625 0.48984375 0.07109375 0.08671875
3 0.8703125 0.484375 0.0265625 0.0734375
3 0.16328125 0.46875 0.02578125 0.08359375
3 0.60234375 0.4078125 0.01640625 0.059375
1 0.475 0.36640625 0.015625 0.02890625
1 0.38515625 0.34296875 0.01953125 0.03515625