4 0.39140625 0.365625 0.02578125 0.03046875
3 0.1015625 0.51328125 0.02890625 0.10390625
3 0.14453125 0.40234375 0.0125 0.05
4 0.234375 0.31953125 0.01875 0.01796875
4 0.24140625 0.29453125 0.01484375 0.01953125
4 0.37265625 0.35546875 0.028125 0.034375
4 0.34765625 0.34375 0.03046875 0.02890625
4 0.328125 0.33359375 0.02265625 0.02421875
4 0.3125 0.32265625 0.02265625 0.025
3 0.78046875 0.3671875 0.0109375 0.0546875
2 0.5296875 0.8890625 0.08828125 0.215625
2 0.25234375 0.72890625 0.05703125 0.19453125
3 0.78984375 0.43828125 0.02890625 0.08046875
3 0.25234375 0.38515625 0.0125 0.0484375
3 0.18984375 0.403125 0.01171875 0.040625
4 0.93515625 0.42734375 0.103125 0.090625
4 0.41640625 0.375 0.0359375 0.0375
4 0.2125 0.3296875 0.025 0.03203125
3 0.078125 0.5078125 0.02578125 0.0921875
3 0.153125 0.46484375 0.02578125 0.06953125
3 0.909375 0.46015625 0.02265625 0.09375
3 0.11796875 0.6703125 0.04296875 0.1390625
3 0.83671875 0.43828125 0.03125 0.07734375