4 0.59375 0.51953125 0.05390625 0.04921875
4 0.35390625 0.5140625 0.04453125 0.034375
4 0.42421875 0.5078125 0.05625 0.065625
4 0.471875 0.48359375 0.0421875 0.05546875
4 0.33671875 0.509375 0.03515625 0.03984375
4 0.37890625 0.45859375 0.04375 0.04765625
4 0.39375 0.48515625 0.03046875 0.0421875
4 0.33203125 0.48203125 0.0359375 0.0359375
4 0.325 0.4421875 0.02578125 0.0296875
4 0.359375 0.434375 0.03359375 0.04765625
3 0.30625 0.5078125 0.01875 0.046875
4 0.00859375 0.7171875 0.0171875 0.11484375
4 0.26171875 0.72109375 0.346875 0.196875
4 0.92890625 0.59921875 0.13671875 0.10078125
3 0.15703125 0.621875 0.028125 0.08359375
3 0.1859375 0.615625 0.0265625 0.0953125
3 0.21484375 0.6046875 0.02109375 0.09453125
3 0.32421875 0.57578125 0.01328125 0.07578125
3 0.309375 0.5625 0.0140625 0.06015625
3 0.29375 0.590625 0.0140625 0.08828125
3 0.24140625 0.6125 0.01953125 0.05859375
4 0.36328125 0.559375 0.065625 0.07734375
4 0.44296875 0.5484375 0.06328125 0.0640625
4 0.53359375 0.53125 0.0734375 0.065625
4 0.490625 0.50703125 0.0578125 0.05546875