3 0.3265625 0.69609375 0.02265625 0.10078125
1 0.30546875 0.70625 0.01953125 0.059375
1 0.14921875 0.72734375 0.01953125 0.059375
3 0.784375 0.6234375 0.0171875 0.0796875
3 0.3921875 0.6578125 0.0171875 0.059375
3 0.3625 0.675 0.01953125 0.08671875
4 0.02109375 0.92421875 0.0421875 0.1421875
4 0.43046875 0.60859375 0.04453125 0.0484375
4 0.55234375 0.55859375 0.02890625 0.040625
4 0.51015625 0.56640625 0.02890625 0.0359375
4 0.759375 0.70703125 0.11640625 0.09921875
4 0.7390625 0.83671875 0.1640625 0.1671875
4 0.43671875 0.64375 0.0578125 0.07265625
4 0.578125 0.60859375 0.06640625 0.0515625
3 0.32578125 0.81953125 0.0328125 0.11796875
3 0.91640625 0.63515625 0.028125 0.09375
3 0.9546875 0.6 0.01796875 0.06796875