3 0.1328125 0.6234375 0.01875 0.0796875
3 0.2359375 0.6046875 0.0359375 0.08125
1 0.51484375 0.515625 0.01953125 0.05234375
3 0.0140625 0.621875 0.02109375 0.075
4 0.21640625 0.546875 0.0578125 0.0578125
3 0.6703125 0.49765625 0.0140625 0.0578125
4 0.45703125 0.5234375 0.05859375 0.0578125
4 0.40234375 0.53046875 0.0625 0.05859375
4 0.3234375 0.4984375 0.0359375 0.04140625
4 0.34765625 0.51953125 0.046875 0.05078125
0 0.259375 0.48046875 0.05546875 0.08359375
4 0.27578125 0.5203125 0.0390625 0.053125
4 0.30546875 0.546875 0.06171875 0.06484375
3 0.11328125 0.51640625 0.01328125 0.04296875
4 0.340625 0.64765625 0.19921875 0.1078125
4 0.80234375 0.53125 0.10546875 0.0765625
3 0.5796875 0.4984375 0.0171875 0.05234375
3 0.65625 0.48984375 0.0171875 0.0625