4 0.37421875 0.35546875 0.03125 0.0375
3 0.75 0.41953125 0.0171875 0.065625
3 0.14453125 0.49375 0.025 0.08359375
3 0.88203125 0.490625 0.02421875 0.08125
3 0.14765625 0.76015625 0.05078125 0.16640625
3 0.1421875 0.921875 0.0640625 0.1484375
4 0.415625 0.37265625 0.0375 0.0375
4 0.21328125 0.32890625 0.028125 0.0328125
4 0.8671875 0.4 0.09609375 0.06640625
4 0.96640625 0.3796875 0.0625 0.06875
4 0.93984375 0.425 0.096875 0.08203125
3 0.78828125 0.38984375 0.021875 0.05390625
3 0.76875 0.39453125 0.01328125 0.04765625
3 0.9046875 0.4890625 0.02265625 0.08515625
4 0.31328125 0.3234375 0.02109375 0.0265625
4 0.328125 0.33125 0.021875 0.02421875
4 0.34609375 0.34140625 0.034375 0.03046875
4 0.39453125 0.36484375 0.03203125 0.034375
3 0.12265625 0.46875 0.025 0.06484375