3 0.57109375 0.31171875 0.01328125 0.059375
1 0.42734375 0.44921875 0.02109375 0.06796875
1 0.41171875 0.4578125 0.034375 0.0765625
3 0.64609375 0.5625 0.03125 0.10390625
3 0.30859375 0.61796875 0.04296875 0.14609375
3 0.41015625 0.6265625 0.05390625 0.16328125
3 0.58671875 0.621875 0.04296875 0.13203125
4 0.2625 0.28671875 0.05390625 0.03828125
4 0.40234375 0.296875 0.05390625 0.05234375
4 0.11796875 0.89921875 0.2359375 0.19453125
3 0.60078125 0.30625 0.0140625 0.0484375
4 0.54296875 0.25234375 0.02421875 0.03828125
4 0.02109375 0.51484375 0.0421875 0.0703125
4 0.04140625 0.346875 0.08203125 0.190625
4 0.2453125 0.34765625 0.0625 0.0640625
4 0.1734375 0.38671875 0.09453125 0.0796875
4 0.06484375 0.4375 0.125 0.103125
4 0.4421875 0.21953125 0.02265625 0.01875
4 0.5578125 0.23046875 0.0296875 0.028125
3 0.5859375 0.3140625 0.0125 0.05078125