4 0.41953125 0.465625 0.0640625 0.06875
4 0.38515625 0.36953125 0.02578125 0.03125
3 0.97734375 0.5328125 0.03984375 0.0875
3 0.2609375 0.6078125 0.03359375 0.11015625
3 0.89609375 0.4953125 0.025 0.071875
3 0.303125 0.603125 0.02578125 0.10859375
3 0.26875 0.5203125 0.02109375 0.071875
4 0.6 0.4546875 0.07265625 0.08203125
4 0.534375 0.4234375 0.04140625 0.0296875
4 0.47890625 0.43515625 0.046875 0.06015625
4 0.4015625 0.43046875 0.04609375 0.0453125
4 0.4515625 0.396875 0.0328125 0.03515625
3 0.32734375 0.61015625 0.02421875 0.109375
3 0.303125 0.51484375 0.0171875 0.084375
3 0.29140625 0.475 0.01796875 0.07578125
3 0.32265625 0.44140625 0.01171875 0.0578125
3 0.3265625 0.39375 0.01171875 0.040625
3 0.91875 0.48515625 0.01796875 0.075
3 0.0921875 0.60078125 0.02578125 0.06953125
4 0.4953125 0.51015625 0.0625 0.08359375
3 0.37421875 0.9109375 0.059375 0.1703125
3 0.4265625 0.890625 0.0484375 0.184375
4 0.5359375 0.46953125 0.07265625 0.075
4 0.02421875 0.80390625 0.0484375 0.128125
4 0.0140625 0.60390625 0.028125 0.08359375
4 0.73125 0.49140625 0.13359375 0.08671875
3 0.3734375 0.58828125 0.03125 0.11484375