4 0.94296875 0.66875 0.1078125 0.09375
4 0.48828125 0.63671875 0.0625 0.05546875
4 0.33125 0.56640625 0.025 0.02890625
4 0.42734375 0.59921875 0.0421875 0.03984375
4 0.35703125 0.5875 0.0390625 0.03984375
4 0.38515625 0.62578125 0.0421875 0.05078125
4 0.4140625 0.65078125 0.06171875 0.06640625
4 0.68203125 0.81953125 0.10234375 0.153125
3 0.07578125 0.70703125 0.02109375 0.09921875
4 0.80859375 0.66484375 0.11640625 0.08671875
4 0.575 0.625 0.065625 0.05546875
3 0.1859375 0.7171875 0.01953125 0.08671875
3 0.2796875 0.67734375 0.01953125 0.0625