3 0.95859375 0.45078125 0.0234375 0.10390625
3 0.2609375 0.39453125 0.015625 0.0875
3 0.2703125 0.390625 0.015625 0.08515625
3 0.284375 0.390625 0.015625 0.08203125
1 0.58125 0.3 0.0140625 0.03828125
4 0.7625 0.2359375 0.03125 0.028125
3 0.78671875 0.75859375 0.0625 0.184375
3 0.88046875 0.715625 0.05078125 0.125
4 0.7625 0.284375 0.03671875 0.04140625
4 0.4984375 0.47734375 0.13359375 0.11484375
4 0.253125 0.51875 0.1703125 0.121875
4 0.675 0.27578125 0.04296875 0.0453125
3 0.93515625 0.46484375 0.03046875 0.09921875
3 0.98125 0.58203125 0.03203125 0.12734375
4 0.84375 0.28359375 0.034375 0.0296875
3 0.9703125 0.72890625 0.04921875 0.1875
3 0.9078125 0.43359375 0.03828125 0.090625
4 0.853125 0.25859375 0.028125 0.02421875
3 0.2390625 0.40234375 0.01796875 0.08359375
3 0.346875 0.378125 0.01640625 0.06875
3 0.325 0.384375 0.01640625 0.08203125
3 0.3109375 0.37578125 0.009375 0.06640625
3 0.2984375 0.3953125 0.01796875 0.08359375