4 0.55859375 0.028125 0.034375 0.05546875
3 0.440625 0.43828125 0.04765625 0.17109375
3 0.4953125 0.37890625 0.03828125 0.1140625
3 0.54453125 0.4078125 0.04140625 0.15703125
4 0.60703125 0.09765625 0.078125 0.07734375
1 0.63828125 0.10234375 0.0265625 0.103125
3 0.03515625 0.13359375 0.0140625 0.0546875
3 0.01640625 0.13515625 0.02109375 0.05546875
3 0.48203125 0.471875 0.05234375 0.18515625
4 0.3515625 0.0640625 0.0671875 0.03125
4 0.55703125 0.1484375 0.096875 0.09296875
4 0.21328125 0.140625 0.1359375 0.1078125
4 0.02421875 0.5 0.0484375 0.096875