4 0.69609375 0.33125 0.05625 0.053125
4 0.7796875 0.35234375 0.05390625 0.05234375
4 0.70390625 0.2859375 0.03359375 0.03515625
4 0.678125 0.29453125 0.0390625 0.0328125
4 0.596875 0.26875 0.05703125 0.03125
3 0.96484375 0.72734375 0.03671875 0.15625
3 0.971875 0.596875 0.034375 0.090625
4 0.6515625 0.30859375 0.0328125 0.0390625
4 0.234375 0.328125 0.08046875 0.04921875
3 0.30703125 0.32734375 0.025 0.06171875
4 0.02109375 0.3171875 0.0421875 0.040625
4 0.77421875 0.27578125 0.0484375 0.03125
3 0.39140625 0.378125 0.03046875 0.08359375