3 0.10234375 0.56484375 0.01796875 0.0421875
3 0.15078125 0.5515625 0.0125 0.0453125
4 0.29765625 0.490625 0.0359375 0.03984375
4 0.33515625 0.51796875 0.04765625 0.05
2 0.24921875 0.53828125 0.01328125 0.0484375
3 0.1390625 0.6125 0.01640625 0.0953125
4 0.2359375 0.4046875 0.02265625 0.03828125
4 0.27421875 0.42734375 0.01953125 0.02109375
3 0.08125 0.615625 0.0203125 0.0734375
4 0.23984375 0.4921875 0.034375 0.04140625
4 0.325 0.5484375 0.05 0.06328125
4 0.40078125 0.5171875 0.0234375 0.071875
4 0.440625 0.51796875 0.02421875 0.0703125
4 0.425 0.53828125 0.025 0.06875
1 0.49453125 0.49296875 0.015625 0.04140625
4 0.475 0.528125 0.0296875 0.0515625
4 0.89140625 0.55703125 0.11796875 0.08046875
4 0.9015625 0.50234375 0.08125 0.05390625
3 0.79140625 0.47578125 0.01171875 0.04453125
4 0.50390625 0.73671875 0.20234375 0.14453125
4 0.45546875 0.6234375 0.17890625 0.11953125
3 0.15703125 0.61484375 0.01953125 0.07734375
4 0.36875 0.49453125 0.03828125 0.040625
3 0.659375 0.50703125 0.01953125 0.0625
3 0.77421875 0.48671875 0.01484375 0.06328125
3 0.21875 0.4546875 0.0109375 0.034375