4 0.553125 0.5328125 0.07109375 0.0609375
4 0.08671875 0.69296875 0.1734375 0.128125
3 0.1859375 0.60234375 0.01796875 0.071875
3 0.20625 0.57265625 0.01640625 0.06640625
3 0.26015625 0.60078125 0.01953125 0.07578125
3 0.24140625 0.6015625 0.01875 0.078125
3 0.2703125 0.5640625 0.01875 0.05
3 0.24296875 0.55 0.021875 0.04140625
4 0.459375 0.63671875 0.19765625 0.1234375
3 0.4296875 0.56875 0.01875 0.053125
4 0.43515625 0.5609375 0.0671875 0.0859375
4 0.49921875 0.5109375 0.05546875 0.06015625
4 0.35 0.5328125 0.05859375 0.0640625
4 0.809375 0.57265625 0.153125 0.09921875
4 0.903125 0.52109375 0.09921875 0.06875
3 0.83671875 0.4984375 0.01015625 0.03671875
3 0.8484375 0.496875 0.01171875 0.03828125
3 0.86484375 0.490625 0.01328125 0.04296875
4 0.2296875 0.734375 0.23984375 0.12890625
4 0.94765625 0.66015625 0.0984375 0.2625
3 0.30078125 0.55234375 0.021875 0.06953125
3 0.21953125 0.62421875 0.0234375 0.08046875
3 0.82421875 0.49609375 0.0140625 0.04296875
3 0.26015625 0.5015625 0.01328125 0.040625
3 0.88515625 0.48125 0.01484375 0.0234375