4 0.6296875 0.49375 0.0765625 0.075
0 0.953125 0.50234375 0.08828125 0.15703125
4 0.425 0.44765625 0.040625 0.05859375
4 0.521875 0.41640625 0.03984375 0.04140625
4 0.028125 0.60546875 0.05625 0.0859375
4 0.06796875 0.77578125 0.1359375 0.1421875
4 0.56953125 0.4546875 0.0546875 0.0515625
4 0.5484375 0.43515625 0.0390625 0.04296875
3 0.7453125 0.43359375 0.015625 0.04296875
3 0.46015625 0.4328125 0.009375 0.03671875
3 0.34453125 0.44453125 0.01484375 0.06171875
3 0.78203125 0.45859375 0.01328125 0.0375
3 0.83046875 0.46875 0.0109375 0.028125
3 0.38671875 0.4953125 0.01640625 0.06015625
4 0.4390625 0.46796875 0.053125 0.05625