3 0.9359375 0.43359375 0.01484375 0.0625
3 0.8765625 0.48203125 0.01953125 0.065625
4 0.80234375 0.5328125 0.16796875 0.121875
3 0.98984375 0.41328125 0.0140625 0.05546875
3 0.303125 0.4953125 0.01953125 0.07578125
3 0.3609375 0.5859375 0.0265625 0.11640625
3 0.37109375 0.8859375 0.053125 0.1859375
3 0.12421875 0.8984375 0.0546875 0.1953125
4 0.47890625 0.54375 0.12734375 0.10546875
3 0.8546875 0.47421875 0.021875 0.0578125
3 0.82890625 0.4703125 0.0296875 0.05078125
4 0.09296875 0.59453125 0.02265625 0.075
4 0.13828125 0.5984375 0.025 0.07421875
3 0.16875 0.88046875 0.03984375 0.18203125
3 0.3078125 0.821875 0.05390625 0.1578125
3 0.34609375 0.790625 0.0296875 0.1390625
3 0.384375 0.58828125 0.0203125 0.1
3 0.378125 0.52890625 0.01875 0.0375
3 0.3515625 0.5515625 0.0203125 0.06875
3 0.36796875 0.478125 0.01875 0.07421875
4 0.4171875 0.45625 0.06640625 0.06484375
4 0.50859375 0.4703125 0.06875 0.05859375
4 0.65234375 0.478125 0.08828125 0.078125
4 0.58359375 0.44921875 0.0578125 0.0484375
4 0.540625 0.4265625 0.04921875 0.04296875
4 0.4671875 0.42734375 0.03828125 0.0390625
4 0.41953125 0.42578125 0.04296875 0.02890625
4 0.38359375 0.3734375 0.02265625 0.0234375
3 0.75390625 0.41875 0.015625 0.03671875
3 0.94765625 0.4296875 0.0109375 0.05078125