4 0.3203125 0.4109375 0.04609375 0.05078125
4 0.321875 0.35859375 0.03359375 0.0296875
4 0.35859375 0.3703125 0.03828125 0.04609375
4 0.49453125 0.3859375 0.059375 0.059375
4 0.46875 0.41484375 0.0984375 0.07421875
4 0.39609375 0.39453125 0.05390625 0.053125
4 0.2796875 0.37421875 0.02734375 0.0328125
4 0.29765625 0.3921875 0.03515625 0.040625
3 0.60546875 0.38046875 0.0171875 0.065625
3 0.2625 0.6375 0.05390625 0.16328125
2 0.38671875 0.715625 0.05078125 0.1734375
3 0.72578125 0.44453125 0.0234375 0.06875
3 0.76484375 0.44453125 0.02578125 0.06875
3 0.77265625 0.378125 0.01875 0.0671875
3 0.16484375 0.93359375 0.0625 0.12578125
3 0.1703125 0.77890625 0.05625 0.1640625
3 0.1453125 0.728125 0.04453125 0.15546875
3 0.115625 0.7265625 0.0375 0.15
3 0.0328125 0.8109375 0.065625 0.10078125
3 0.06171875 0.81015625 0.04140625 0.125
3 0.08671875 0.9375 0.08203125 0.11796875
3 0.02265625 0.9078125 0.0453125 0.1703125
3 0.0515625 0.59609375 0.040625 0.1171875
3 0.0359375 0.6578125 0.03984375 0.128125
4 0.24921875 0.4203125 0.0578125 0.06015625
4 0.33359375 0.45 0.0640625 0.0734375
4 0.23671875 0.390625 0.0328125 0.03671875