0 0.80234375 0.33359375 0.21328125 0.13203125
3 0.046875 0.59765625 0.03828125 0.11875
3 0.64375 0.36015625 0.02578125 0.07109375
3 0.01953125 0.79921875 0.0390625 0.1765625
3 0.7109375 0.47109375 0.0296875 0.08515625
3 0.0859375 0.60078125 0.03359375 0.12421875
4 0.3296875 0.39375 0.06640625 0.05859375
4 0.41328125 0.39375 0.07890625 0.05390625
3 0.740625 0.45546875 0.02109375 0.08828125
3 0.596875 0.35625 0.01796875 0.05703125
4 0.28828125 0.37421875 0.05 0.04609375
4 0.97265625 0.8578125 0.0484375 0.16640625
4 0.4859375 0.49296875 0.13671875 0.11796875
4 0.20703125 0.41484375 0.05859375 0.05859375