4 0.4765625 0.5390625 0.13828125 0.1453125
4 0.58203125 0.6015625 0.1234375 0.08125
4 0.71875 0.61171875 0.0734375 0.07265625
4 0.64375 0.6546875 0.13359375 0.12421875
4 0.75625 0.5078125 0.06484375 0.08046875
0 0.79375 0.471875 0.07734375 0.08359375
3 0.78046875 0.61484375 0.0203125 0.0765625
3 0.30234375 0.53984375 0.0140625 0.0453125
3 0.9125 0.50234375 0.01328125 0.04375
4 0.625 0.4734375 0.06796875 0.078125
4 0.69921875 0.55078125 0.0859375 0.0578125
2 0.83359375 0.775 0.10546875 0.1171875
4 0.3421875 0.60078125 0.09921875 0.06953125
3 0.62109375 0.778125 0.03125 0.11796875
3 0.01953125 0.57265625 0.0171875 0.05546875
4 0.7296875 0.44296875 0.02734375 0.01875