4 0.315625 0.4953125 0.03984375 0.05234375
4 0.19609375 0.5015625 0.03984375 0.0453125
3 0.15625 0.67734375 0.028125 0.11796875
3 0.6890625 0.55390625 0.01953125 0.07265625
4 0.25625 0.53515625 0.06015625 0.06484375
4 0.34609375 0.51328125 0.05 0.0609375
4 0.4015625 0.53359375 0.078125 0.08203125
3 0.07421875 0.67109375 0.02734375 0.09453125
4 0.2984375 0.5734375 0.06328125 0.075
3 0.090625 0.7203125 0.0296875 0.121875
1 0.51640625 0.51875 0.0140625 0.0484375
4 0.1796875 0.4546875 0.021875 0.028125
4 0.271875 0.50625 0.05 0.05859375