3 0.25625 0.60234375 0.028125 0.06796875
4 0.00703125 0.596875 0.0140625 0.05546875
4 0.80703125 0.53671875 0.159375 0.121875
3 0.46171875 0.92734375 0.065625 0.1390625
3 0.10078125 0.6109375 0.03125 0.1109375
3 0.05234375 0.6125 0.03125 0.11484375
3 0.971875 0.5296875 0.028125 0.0796875
3 0.85078125 0.465625 0.02578125 0.0765625
3 0.91484375 0.45859375 0.028125 0.06953125
3 0.80546875 0.4359375 0.02578125 0.05234375
4 0.52890625 0.50234375 0.06953125 0.0828125
4 0.57265625 0.4390625 0.0625 0.053125
4 0.54140625 0.41953125 0.04921875 0.046875
4 0.49609375 0.4609375 0.05078125 0.06328125
4 0.428125 0.4609375 0.0515625 0.06015625
3 0.165625 0.85703125 0.04140625 0.18125
3 0.12578125 0.825 0.03984375 0.09921875
3 0.08359375 0.90546875 0.04921875 0.18203125
3 0.3703125 0.7203125 0.04296875 0.1578125
3 0.40234375 0.59375 0.01953125 0.109375
3 0.36875 0.5921875 0.03046875 0.09921875
3 0.240625 0.671875 0.03125 0.13046875
3 0.28671875 0.66953125 0.0328125 0.1359375
3 0.3125 0.6359375 0.0328125 0.12421875
3 0.28359375 0.58203125 0.02265625 0.05234375
3 0.3015625 0.5703125 0.021875 0.04375
3 0.30546875 0.55859375 0.01875 0.040625
4 0.63671875 0.47265625 0.084375 0.07421875
3 0.13515625 0.925 0.053125 0.14375
3 0.20078125 0.6890625 0.02734375 0.1078125
3 0.4140625 0.7234375 0.0359375 0.1328125
3 0.328125 0.48203125 0.0171875 0.07109375