3 0.015625 0.66875 0.03125 0.13515625
3 0.74921875 0.46171875 0.0203125 0.06953125
3 0.0671875 0.659375 0.04375 0.159375
3 0.178125 0.71953125 0.071875 0.16484375
4 0.9234375 0.425 0.1140625 0.09375
4 0.47109375 0.54375 0.13203125 0.14453125
3 0.5953125 0.37578125 0.01640625 0.053125
3 0.82109375 0.45078125 0.034375 0.09453125
4 0.77109375 0.63046875 0.2015625 0.17734375
3 0.13359375 0.84921875 0.05703125 0.21171875
4 0.2390625 0.39765625 0.03671875 0.04375
4 0.28125 0.36796875 0.034375 0.0421875
4 0.43359375 0.37578125 0.03515625 0.04375
4 0.390625 0.3703125 0.06171875 0.0875
4 0.33828125 0.3953125 0.0796875 0.0953125
4 0.25625 0.42890625 0.059375 0.06875
4 0.48359375 0.4234375 0.0859375 0.0828125
3 0.11328125 0.6328125 0.04296875 0.13203125
3 0.22578125 0.70390625 0.0546875 0.18515625
3 0.10234375 0.55078125 0.05390625 0.0640625
3 0.83125 0.46875 0.025 0.08515625
4 0.2703125 0.34765625 0.028125 0.03359375
4 0.31875 0.32734375 0.0234375 0.0265625
4 0.22734375 0.39140625 0.0359375 0.0421875