4 0.3109375 0.50546875 0.0421875 0.04296875
3 0.709375 0.52109375 0.01484375 0.0609375
4 0.2953125 0.44453125 0.02109375 0.02265625
4 0.32265625 0.45546875 0.02890625 0.03125
4 0.34296875 0.46953125 0.03515625 0.04296875
4 0.39765625 0.50390625 0.046875 0.05390625
4 0.45859375 0.5234375 0.07734375 0.078125
3 0.1171875 0.63671875 0.0234375 0.08828125
3 0.1203125 0.95234375 0.03515625 0.08828125
4 0.69296875 0.58359375 0.16484375 0.096875
4 0.97421875 0.5640625 0.0453125 0.08671875
3 0.08515625 0.9515625 0.034375 0.090625
3 0.03515625 0.6921875 0.028125 0.121875
3 0.0875 0.6390625 0.02421875 0.10390625
3 0.6125 0.51875 0.0203125 0.059375
3 0.74140625 0.52421875 0.02421875 0.090625
3 0.16484375 0.97734375 0.02265625 0.03828125
3 0.02421875 0.9390625 0.0484375 0.11484375
4 0.73984375 0.8625 0.2359375 0.14921875
3 0.23828125 0.9671875 0.05703125 0.059375
4 0.4203125 0.60078125 0.08671875 0.09765625