4 0.703125 0.6203125 0.08203125 0.0734375
4 0.33515625 0.6015625 0.1125 0.0765625
4 0.4328125 0.5625 0.07890625 0.06015625
4 0.48046875 0.5765625 0.0953125 0.065625
3 0.5828125 0.753125 0.034375 0.12421875
3 0.56953125 0.74375 0.02890625 0.11640625
3 0.1875 0.596875 0.02265625 0.0765625
3 0.975 0.86328125 0.04453125 0.1390625
3 0.94453125 0.85859375 0.03203125 0.1453125
4 0.75078125 0.4984375 0.06015625 0.06640625
4 0.03828125 0.85078125 0.0765625 0.090625
4 0.62890625 0.66875 0.09921875 0.09296875
4 0.34296875 0.63046875 0.115625 0.0859375
4 0.703125 0.5359375 0.078125 0.06328125
3 0.91015625 0.85390625 0.0375 0.16171875
3 0.6171875 0.7578125 0.03203125 0.1234375
3 0.121875 0.6234375 0.02265625 0.065625