4 0.4828125 0.80390625 0.30703125 0.26015625
3 0.21484375 0.5015625 0.0203125 0.06875
3 0.18984375 0.5265625 0.02265625 0.0859375
3 0.80078125 0.42734375 0.0171875 0.05546875
3 0.10390625 0.496875 0.01953125 0.0625
3 0.1578125 0.51875 0.01953125 0.065625
3 0.42890625 0.5609375 0.028125 0.09375
4 0.03671875 0.71953125 0.0734375 0.1765625
3 0.2375 0.4984375 0.02421875 0.0703125
4 0.31015625 0.4671875 0.09609375 0.065625
4 0.4640625 0.44453125 0.0953125 0.0765625
4 0.5484375 0.35234375 0.05703125 0.05234375
3 0.38203125 0.5296875 0.02578125 0.08671875
3 0.7203125 0.5171875 0.01953125 0.090625