3 0.64453125 0.59921875 0.02265625 0.10078125
3 0.45859375 0.659375 0.01953125 0.10390625
3 0.4859375 0.69296875 0.028125 0.10078125
3 0.5453125 0.784375 0.03984375 0.096875
4 0.4859375 0.440625 0.06796875 0.05546875
4 0.0140625 0.640625 0.028125 0.1078125
4 0.46171875 0.8765625 0.2015625 0.23984375
4 0.271875 0.5375 0.06640625 0.06171875
4 0.78671875 0.41796875 0.0796875 0.0390625
4 0.78203125 0.34375 0.0265625 0.02578125
3 0.584375 0.67734375 0.04375 0.1109375
4 0.534375 0.59921875 0.109375 0.09296875
4 0.56484375 0.41640625 0.03515625 0.03125
4 0.70703125 0.4171875 0.0296875 0.028125
4 0.60078125 0.54921875 0.0828125 0.08125
4 0.38984375 0.4828125 0.08203125 0.0625
4 0.33203125 0.54921875 0.08359375 0.05859375
4 0.61171875 0.39609375 0.03359375 0.02578125
4 0.6671875 0.409375 0.03125 0.0328125