4 0.01171875 0.6109375 0.02265625 0.090625
4 0.52578125 0.4953125 0.0703125 0.08984375
3 0.33828125 0.4140625 0.0171875 0.04453125
3 0.38515625 0.409375 0.01171875 0.04140625
4 0.41796875 0.40859375 0.034375 0.025
4 0.4171875 0.42734375 0.0328125 0.034375
4 0.4609375 0.3625 0.0265625 0.03671875
4 0.515625 0.40546875 0.025 0.028125
4 0.43984375 0.38125 0.021875 0.028125
4 0.40390625 0.37890625 0.02109375 0.0265625
4 0.43203125 0.44453125 0.05 0.0375
4 0.48984375 0.4359375 0.04765625 0.06484375
4 0.51875 0.459375 0.05859375 0.059375
4 0.5765625 0.44296875 0.046875 0.05390625
4 0.65 0.4390625 0.03203125 0.03515625
4 0.615625 0.46015625 0.065625 0.0609375
4 0.44375 0.4703125 0.0609375 0.06171875
4 0.43359375 0.490625 0.05 0.04296875
4 0.05859375 0.7796875 0.11640625 0.15625
3 0.78515625 0.4671875 0.0140625 0.059375
4 0.98125 0.49140625 0.03125 0.07265625
4 0.1546875 0.58828125 0.184375 0.1078125