3 0.38046875 0.971875 0.05078125 0.0484375
3 0.93125 0.51875 0.01484375 0.053125
4 0.68515625 0.5515625 0.07734375 0.065625
4 0.5796875 0.54375 0.0671875 0.059375
4 0.4921875 0.52109375 0.08515625 0.1171875
3 0.934375 0.5640625 0.02265625 0.08125
3 0.30703125 0.56953125 0.02421875 0.0765625
3 0.2796875 0.88359375 0.0375 0.17734375
3 0.2 0.95 0.05390625 0.09296875
4 0.3921875 0.5234375 0.0515625 0.06171875
4 0.38203125 0.63203125 0.134375 0.1109375
4 0.97734375 0.5640625 0.03984375 0.07265625
4 0.80546875 0.71015625 0.15625 0.1703125
3 0.3296875 0.7484375 0.034375 0.121875
4 0.0125 0.89296875 0.025 0.1078125
3 0.12109375 0.9703125 0.03671875 0.05234375
3 0.83984375 0.575 0.01953125 0.065625