3 0.74453125 0.37578125 0.01953125 0.0578125
4 0.965625 0.4171875 0.06328125 0.06640625
4 0.96171875 0.37734375 0.0703125 0.06484375
4 0.40078125 0.3875 0.0578125 0.05859375
4 0.35078125 0.42265625 0.06640625 0.07578125
4 0.3015625 0.390625 0.04140625 0.04921875
4 0.33125 0.35625 0.03125 0.0359375
4 0.3453125 0.3421875 0.02421875 0.025
4 0.303125 0.3390625 0.0265625 0.0328125
4 0.28359375 0.3296875 0.01875 0.01953125
4 0.2390625 0.40546875 0.04453125 0.0515625
4 0.2328125 0.3734375 0.03671875 0.0328125
4 0.21328125 0.334375 0.02109375 0.03046875
4 0.45703125 0.5328125 0.11796875 0.13515625
4 0.88359375 0.3953125 0.1 0.075
4 0.25078125 0.44453125 0.05546875 0.0484375
4 0.4859375 0.41328125 0.09296875 0.06953125
4 0.88359375 0.43125 0.05078125 0.07734375
3 0.7828125 0.3609375 0.02578125 0.0625
3 0.15234375 0.4546875 0.02578125 0.08359375
3 0.21015625 0.4703125 0.02265625 0.0796875