4 0.68359375 0.45078125 0.15390625 0.11796875
4 0.59453125 0.4390625 0.1171875 0.08984375
4 0.92890625 0.42109375 0.0953125 0.06484375
4 0.40703125 0.38515625 0.075 0.0578125
4 0.1671875 0.4140625 0.06953125 0.08046875
3 0.06640625 0.48671875 0.01875 0.0734375
4 0.31796875 0.37734375 0.0390625 0.0640625
1 0.8234375 0.3328125 0.01953125 0.04609375
0 0.2515625 0.3765625 0.10078125 0.13125
3 0.04765625 0.4859375 0.015625 0.07578125
4 0.55546875 0.5578125 0.21328125 0.134375
4 0.84296875 0.4078125 0.11015625 0.07265625
4 0.35859375 0.3984375 0.075 0.05703125
1 0.721875 0.35625 0.0171875 0.04375
1 0.640625 0.36796875 0.0140625 0.04140625
4 0.96875 0.33125 0.05703125 0.05234375
4 0.10390625 0.56953125 0.20703125 0.125
4 0.8125 0.83828125 0.36953125 0.19765625
3 0.08828125 0.47265625 0.0171875 0.06484375