3 0.134375 0.73828125 0.03984375 0.12421875
4 0.89609375 0.84375 0.2015625 0.18046875
4 0.8671875 0.50234375 0.1640625 0.1265625
4 0.88203125 0.55859375 0.04921875 0.07265625
4 0.4515625 0.5265625 0.07421875 0.0640625
3 0.10078125 0.7390625 0.03046875 0.125
4 0.34296875 0.52578125 0.05546875 0.05390625
4 0.37421875 0.5015625 0.046875 0.04921875
4 0.35234375 0.5765625 0.1 0.08828125
4 0.07265625 0.68046875 0.14453125 0.11796875
3 0.1921875 0.59296875 0.0234375 0.09140625
4 0.96328125 0.5328125 0.0671875 0.07734375