3 0.2453125 0.428125 0.03125 0.10625
3 0.35234375 0.39375 0.02890625 0.0796875
3 0.57265625 0.3 0.01953125 0.065625
3 0.80390625 0.24140625 0.01171875 0.0453125
4 0.3859375 0.32265625 0.1125 0.0640625
4 0.30546875 0.30390625 0.11484375 0.0734375
4 0.3515625 0.26171875 0.0828125 0.0390625
4 0.13359375 0.3484375 0.134375 0.08671875
4 0.1390625 0.25859375 0.06171875 0.03125
4 0.1359375 0.2875 0.078125 0.03671875
4 0.72421875 0.36640625 0.1078125 0.08984375
4 0.903125 0.2578125 0.040625 0.03515625
4 0.9359375 0.2375 0.03046875 0.034375
4 0.84375 0.25 0.04609375 0.0453125
4 0.87421875 0.24453125 0.0359375 0.0375
4 0.74140625 0.484375 0.128125 0.121875
4 0.91875 0.30546875 0.0546875 0.05390625
2 0.91640625 0.39921875 0.02578125 0.090625