4 0.978125 0.3265625 0.01015625 0.0125
4 0.9734375 0.33359375 0.01171875 0.01171875
4 0.81875 0.36328125 0.01015625 0.0125
4 0.8328125 0.36484375 0.0109375 0.0140625
4 0.77578125 0.3921875 0.01484375 0.015625
1 0.47578125 0.36640625 0.0046875 0.0171875
4 0.965625 0.3203125 0.01171875 0.01171875
4 0.98203125 0.3203125 0.00859375 0.0125
4 0.35 0.6390625 0.07265625 0.06328125
4 0.25234375 0.63046875 0.096875 0.0859375
4 0.33671875 0.5734375 0.06171875 0.05234375
4 0.5140625 0.54765625 0.0453125 0.04296875
4 0.7375 0.41171875 0.01796875 0.0171875
4 0.634375 0.46328125 0.028125 0.02578125
4 0.78203125 0.403125 0.01875 0.01484375
1 0.48515625 0.36484375 0.00546875 0.01640625
1 0.5265625 0.3578125 0.00625 0.01640625
1 0.37578125 0.37890625 0.00703125 0.01640625
3 0.328125 0.709375 0.02265625 0.11875
4 0.9453125 0.3375 0.015625 0.01640625
4 0.89296875 0.39765625 0.0296875 0.03359375
4 0.6859375 0.45078125 0.02578125 0.02734375
4 0.52578125 0.49609375 0.034375 0.02890625