4 0.28203125 0.43203125 0.02109375 0.021875
4 0.53046875 0.34609375 0.03203125 0.02109375
4 0.5515625 0.346875 0.0390625 0.0265625
4 0.7921875 0.38359375 0.0546875 0.03671875
4 0.84140625 0.39453125 0.04921875 0.028125
4 0.8859375 0.38359375 0.03828125 0.02109375
4 0.7640625 0.334375 0.06796875 0.05390625
4 0.74609375 0.3515625 0.028125 0.01796875
4 0.8296875 0.37109375 0.01953125 0.01640625
4 0.90703125 0.40625 0.0265625 0.0296875
4 0.29765625 0.7203125 0.15234375 0.17265625
0 0.89453125 0.64453125 0.20859375 0.12734375
4 0.25234375 0.41484375 0.0234375 0.0234375
4 0.3015625 0.40625 0.046875 0.05
1 0.07890625 0.77890625 0.02109375 0.09140625
1 0.21171875 0.94921875 0.0171875 0.09765625
4 0.2046875 0.40703125 0.02265625 0.02265625
4 0.53046875 0.36328125 0.03828125 0.01875