4 0.509375 0.34453125 0.02265625 0.01640625
4 0.86796875 0.42578125 0.065625 0.03984375
4 0.94140625 0.43671875 0.07109375 0.04375
4 0.45390625 0.51796875 0.05 0.04375
4 0.51171875 0.52109375 0.05546875 0.04140625
4 0.69921875 0.92265625 0.2359375 0.15
4 0.43984375 0.88125 0.240625 0.23359375
4 0.45859375 0.725 0.1796875 0.19296875
4 0.28984375 0.72109375 0.1609375 0.20078125
4 0.303125 0.59296875 0.09296875 0.11015625
4 0.17734375 0.55078125 0.165625 0.26015625
4 0.084375 0.50703125 0.02421875 0.0890625
4 0.06875 0.465625 0.0484375 0.05859375
4 0.05390625 0.4296875 0.0578125 0.06484375
4 0.02421875 0.41171875 0.03046875 0.03828125
4 0.01796875 0.39375 0.0265625 0.03203125
4 0.01171875 0.3859375 0.0234375 0.040625
4 0.8078125 0.65078125 0.075 0.05703125
4 0.59296875 0.596875 0.04375 0.04296875
4 0.36640625 0.48125 0.03515625 0.0296875
4 0.31796875 0.4546875 0.03515625 0.03046875
4 0.28515625 0.4625 0.0265625 0.0234375
4 0.22734375 0.41171875 0.02265625 0.01875
4 0.1203125 0.36171875 0.015625 0.015625
4 0.48671875 0.34609375 0.02265625 0.01953125
4 0.5515625 0.35546875 0.03125 0.02265625
4 0.58359375 0.36328125 0.02578125 0.021875
4 0.66796875 0.378125 0.04765625 0.02265625
4 0.68671875 0.3578125 0.03671875 0.025
4 0.7890625 0.38359375 0.07109375 0.05
4 0.81796875 0.39921875 0.04921875 0.02890625
4 0.73515625 0.340625 0.021875 0.015625
4 0.784375 0.81875 0.12421875 0.1171875
4 0.66640625 0.66796875 0.07578125 0.05859375
4 0.79609375 0.690625 0.09296875 0.0734375
4 0.55390625 0.60546875 0.06484375 0.05546875
4 0.4125 0.5234375 0.01484375 0.034375
4 0.35625 0.5 0.03515625 0.03125
4 0.26171875 0.403125 0.028125 0.04453125
1 0.1953125 0.95 0.0125 0.09609375
1 0.0625 0.77890625 0.025 0.1