4 0.16796875 0.40859375 0.02734375 0.01953125
1 0.065625 0.78515625 0.02578125 0.10390625
1 0.19921875 0.95234375 0.0171875 0.09140625
4 0.03984375 0.36796875 0.02578125 0.02734375
4 0.35 0.45546875 0.0296875 0.02734375
4 0.38515625 0.49453125 0.03046875 0.025
4 0.38359375 0.51953125 0.04140625 0.03515625
4 0.29765625 0.47578125 0.028125 0.025
4 0.20703125 0.40703125 0.01953125 0.0234375
4 0.22734375 0.4046875 0.0171875 0.01875
4 0.16171875 0.38671875 0.0171875 0.01640625
4 0.16484375 0.3765625 0.01328125 0.01640625
4 0.13359375 0.37265625 0.02578125 0.0296875
4 0.49453125 0.3515625 0.0328125 0.02265625
4 0.56640625 0.36328125 0.02578125 0.01953125
4 0.63125 0.37421875 0.03828125 0.0234375
4 0.6578125 0.37890625 0.046875 0.02890625
4 0.684375 0.3609375 0.0421875 0.0265625
4 0.70234375 0.384375 0.040625 0.02734375
4 0.73359375 0.38046875 0.01796875 0.01796875
4 0.83515625 0.39453125 0.06328125 0.03671875
4 0.88359375 0.40625 0.03359375 0.03671875
4 0.78984375 0.39609375 0.02734375 0.02578125
4 0.728125 0.79375 0.07109375 0.05390625
4 0.83515625 0.7203125 0.08125 0.0640625
4 0.74921875 0.628125 0.0703125 0.04375
4 0.3546875 0.63203125 0.134375 0.14296875
4 0.48671875 0.57421875 0.05 0.0390625
4 0.61796875 0.5859375 0.13359375 0.1140625
4 0.4625 0.50390625 0.04375 0.034375
4 0.42109375 0.4796875 0.03359375 0.0265625
4 0.04296875 0.4328125 0.0453125 0.04609375
4 0.21171875 0.43671875 0.03125 0.02578125
4 0.27421875 0.42578125 0.07421875 0.0671875
4 0.00703125 0.37734375 0.0140625 0.02890625