4 0.31796875 0.40078125 0.04296875 0.02734375
4 0.67109375 0.64296875 0.1234375 0.11484375
4 0.49453125 0.49453125 0.059375 0.06015625
4 0.728125 0.42265625 0.015625 0.01640625
4 0.746875 0.41015625 0.0140625 0.0125
4 0.775 0.40625 0.015625 0.01640625
4 0.27734375 0.403125 0.03828125 0.02890625
4 0.97578125 0.41640625 0.03046875 0.03828125
4 0.521875 0.36171875 0.02109375 0.02265625
4 0.8078125 0.38046875 0.015625 0.01875
4 0.77421875 0.384375 0.0140625 0.01484375
4 0.171875 0.425 0.05390625 0.02890625
4 0.665625 0.43125 0.03046875 0.0296875
4 0.64140625 0.48515625 0.0296875 0.02578125
4 0.8125 0.46796875 0.0515625 0.04765625
4 0.34765625 0.58125 0.18203125 0.14609375
4 0.834375 0.378125 0.0140625 0.0171875
4 0.98828125 0.3640625 0.0171875 0.01171875
4 0.98671875 0.38046875 0.02421875 0.02734375
4 0.54453125 0.3609375 0.02109375 0.02109375
4 0.6 0.4578125 0.02578125 0.0234375
4 0.62578125 0.46953125 0.0234375 0.02734375
4 0.2296875 0.4171875 0.0390625 0.02890625
4 0.11484375 0.43984375 0.06015625 0.025