4 0.68671875 0.48984375 0.028125 0.0203125
4 0.9953125 0.3328125 0.00625 0.0265625
4 0.98515625 0.36484375 0.0203125 0.0203125
4 0.82265625 0.36171875 0.0109375 0.01015625
4 0.821875 0.37421875 0.01171875 0.0125
4 0.80390625 0.3890625 0.01796875 0.02109375
4 0.78984375 0.37734375 0.0140625 0.01796875
4 0.77578125 0.3953125 0.01484375 0.015625
4 0.7640625 0.38828125 0.0140625 0.0140625
4 0.75859375 0.41796875 0.01875 0.01640625
4 0.72421875 0.33046875 0.0125 0.01015625
0 0.50703125 0.85 0.9828125 0.29609375
4 0.72890625 0.41796875 0.01953125 0.01953125
4 0.61171875 0.3515625 0.02578125 0.0140625
4 0.48359375 0.3796875 0.0296875 0.0203125
4 0.35703125 0.39140625 0.0328125 0.025
4 0.17109375 0.425 0.05546875 0.0359375
4 0.03828125 0.45859375 0.06171875 0.0390625
4 0.70859375 0.33359375 0.01484375 0.01484375
4 0.4625 0.375 0.02734375 0.02890625
4 0.32421875 0.396875 0.03828125 0.03046875
4 0.7078125 0.44765625 0.03046875 0.021875
4 0.11484375 0.4390625 0.05859375 0.034375
4 0.4953125 0.503125 0.03203125 0.03359375
4 0.64453125 0.34453125 0.02265625 0.01953125
4 0.58125 0.35546875 0.02421875 0.02265625
4 0.98671875 0.3875 0.0234375 0.0328125
4 0.67421875 0.44453125 0.01875 0.03125
4 0.6296875 0.48515625 0.0328125 0.025
4 0.57578125 0.496875 0.03515625 0.03125
4 0.7734375 0.55546875 0.07265625 0.08125
4 0.5421875 0.58828125 0.04375 0.03515625
4 0.90625 0.96328125 0.184375 0.06875
4 0.63671875 0.44375 0.02578125 0.02890625
4 0.5 0.56328125 0.0453125 0.04453125
4 0.28515625 0.6046875 0.0640625 0.05390625
4 0.80859375 0.4140625 0.01484375 0.0109375
4 0.7921875 0.42421875 0.01640625 0.01484375
4 0.77734375 0.43515625 0.0140625 0.009375
4 0.75859375 0.44609375 0.021875 0.01796875
4 0.72890625 0.465625 0.021875 0.0171875