4 0.20703125 0.278125 0.053125 0.03984375
4 0.57421875 0.21640625 0.0234375 0.015625
4 0.6609375 0.19765625 0.01953125 0.01953125
1 0.4234375 0.240625 0.00625 0.01875
1 0.52265625 0.22421875 0.00546875 0.01875
1 0.37734375 0.24140625 0.00703125 0.02109375
1 0.79375 0.87265625 0.03671875 0.1375
4 0.61484375 0.20859375 0.02578125 0.02109375
4 0.0578125 0.31015625 0.071875 0.0375
4 0.25546875 0.27265625 0.04296875 0.025
4 0.30625 0.26484375 0.04921875 0.02890625
4 0.34765625 0.259375 0.03515625 0.02734375
1 0.4296875 0.23984375 0.00703125 0.02109375
1 0.52890625 0.22578125 0.00546875 0.01484375
1 0.53671875 0.2234375 0.0046875 0.015625
1 0.54140625 0.22265625 0.0046875 0.01796875
1 0.5453125 0.221875 0.0046875 0.01640625
4 0.6328125 0.20546875 0.01328125 0.01640625
4 0.6453125 0.203125 0.0109375 0.0125
4 0.69375 0.19921875 0.01640625 0.01171875
4 0.8484375 0.22265625 0.01171875 0.0125
4 0.13359375 0.29296875 0.06796875 0.03984375
4 0.49453125 0.22890625 0.028125 0.02109375
4 0.00546875 0.3203125 0.0109375 0.025