4 0.425 0.62578125 0.15234375 0.12578125
4 0.603125 0.73359375 0.20625 0.19296875
4 0.56328125 0.86640625 0.278125 0.2625
1 0.1265625 0.81328125 0.04765625 0.16484375
4 0.1484375 0.57421875 0.09609375 0.1078125
1 0.50234375 0.43046875 0.015625 0.06953125
4 0.0625 0.40390625 0.0390625 0.05078125
4 0.0453125 0.3015625 0.02109375 0.025
1 0.05 0.6609375 0.04296875 0.15859375
1 0.48671875 0.43125 0.01640625 0.0703125
4 0.046875 0.38671875 0.03203125 0.04453125
4 0.9671875 0.35703125 0.0625 0.04375
4 0.0890625 0.2984375 0.02421875 0.03203125
4 0.09296875 0.3078125 0.02265625 0.021875
4 0.115625 0.321875 0.028125 0.03125
4 0.1234375 0.3984375 0.0453125 0.04765625
4 0.11484375 0.38203125 0.03984375 0.040625
4 0.103125 0.36484375 0.03828125 0.0453125
4 0.084375 0.353125 0.028125 0.03671875
4 0.071875 0.34375 0.01875 0.03046875
4 0.29765625 0.5 0.1625 0.2109375
4 0.2609375 0.6625 0.1515625 0.18046875