4 0.340625 0.5515625 0.01796875 0.0125
4 0.33359375 0.53828125 0.0125 0.015625
4 0.33203125 0.525 0.0109375 0.0125
4 0.36640625 0.54609375 0.0171875 0.0203125
4 0.3734375 0.528125 0.01328125 0.0171875
4 0.36015625 0.5328125 0.0125 0.015625
4 0.4 0.5984375 0.02890625 0.03203125
4 0.971875 0.87421875 0.05390625 0.04921875
4 0.9046875 0.7625 0.04765625 0.0359375
2 0.3796875 0.71640625 0.02109375 0.075
4 0.4171875 0.55703125 0.02734375 0.0453125
4 0.34140625 0.56796875 0.021875 0.03046875
4 0.3796875 0.5546875 0.01640625 0.01953125
4 0.7546875 0.71171875 0.03359375 0.028125
4 0.63125 0.6640625 0.0234375 0.02109375
4 0.6484375 0.65390625 0.0203125 0.0234375
4 0.6609375 0.64296875 0.021875 0.0203125
4 0.60078125 0.628125 0.02109375 0.01875
4 0.57734375 0.61640625 0.0140625 0.015625
4 0.52109375 0.6171875 0.0453125 0.03671875
4 0.53359375 0.60859375 0.0171875 0.01640625
4 0.77890625 0.56953125 0.03203125 0.02421875
4 0.4921875 0.56171875 0.01328125 0.015625
4 0.8546875 0.56796875 0.02421875 0.01796875
4 0.98671875 0.5921875 0.0234375 0.02421875
4 0.7609375 0.690625 0.03046875 0.025
4 0.828125 0.57734375 0.02890625 0.02109375
4 0.60859375 0.67734375 0.08125 0.05859375
4 0.75625 0.56015625 0.02421875 0.0203125
4 0.2828125 0.55390625 0.02734375 0.01953125
4 0.66953125 0.81796875 0.11484375 0.10625
4 0.490625 0.759375 0.078125 0.08984375
4 0.93828125 0.60078125 0.04140625 0.02265625
4 0.8328125 0.75546875 0.04375 0.03515625
4 0.7328125 0.72578125 0.03671875 0.0265625