4 0.6109375 0.38046875 0.01875 0.01640625
4 0.49765625 0.3671875 0.0171875 0.015625
4 0.475 0.37421875 0.0203125 0.0140625
4 0.42421875 0.38515625 0.0125 0.02421875
4 0.3984375 0.38671875 0.0234375 0.0171875
4 0.29140625 0.40546875 0.040625 0.034375
4 0.25234375 0.41875 0.03828125 0.01953125
4 0.17421875 0.4390625 0.028125 0.025
4 0.68671875 0.375 0.015625 0.02265625
4 0.709375 0.378125 0.01171875 0.01484375
1 0.96875 0.52734375 0.00859375 0.02734375
1 0.94609375 0.50234375 0.00859375 0.02578125
4 0.7296875 0.37890625 0.02421875 0.04609375
4 0.04921875 0.45390625 0.05625 0.03359375
3 0.709375 0.79765625 0.0296875 0.12109375
4 0.1375 0.43359375 0.05390625 0.02890625
4 0.3734375 0.390625 0.02265625 0.02265625
4 0.6953125 0.38828125 0.01640625 0.01875
1 0.87890625 0.72578125 0.034375 0.12265625