4 0.3546875 0.37265625 0.01171875 0.0109375
1 0.90703125 0.96328125 0.18359375 0.06875
1 0.590625 0.978125 0.0140625 0.03984375
1 0.54765625 0.67578125 0.0296875 0.121875
4 0.89609375 0.43671875 0.05625 0.0453125
4 0.890625 0.403125 0.0328125 0.03046875
4 0.4828125 0.365625 0.0171875 0.02265625
4 0.51875 0.346875 0.015625 0.0203125
4 0.5234375 0.33125 0.0125 0.01875
4 0.1515625 0.4640625 0.02890625 0.02421875
4 0.19921875 0.440625 0.02578125 0.01953125
4 0.2421875 0.45234375 0.021875 0.01796875
4 0.18515625 0.48515625 0.02421875 0.0296875
4 0.2453125 0.43125 0.02109375 0.02265625
4 0.25625 0.4109375 0.01640625 0.01796875
4 0.271875 0.41640625 0.0203125 0.0140625
4 0.29296875 0.39140625 0.0140625 0.01484375
4 0.30625 0.3984375 0.01484375 0.01484375
4 0.325 0.39921875 0.015625 0.01875
4 0.325 0.378125 0.01171875 0.0109375
4 0.3421875 0.3828125 0.01484375 0.01328125
4 0.34375 0.3671875 0.0109375 0.0125
4 0.36640625 0.35859375 0.0109375 0.0109375
4 0.38125 0.35703125 0.0109375 0.00859375
4 0.33984375 0.3046875 0.021875 0.01953125
4 0.10859375 0.3609375 0.0296875 0.028125
4 0.18671875 0.53046875 0.025 0.02265625
4 0.23515625 0.490625 0.01796875 0.01953125
4 0.51171875 0.4078125 0.028125 0.0296875
4 0.05 0.37109375 0.03671875 0.02109375
4 0.4625 0.3796875 0.021875 0.028125
4 0.2078125 0.340625 0.01875 0.01875
4 0.515625 0.3625 0.0203125 0.02421875
4 0.2421875 0.33125 0.0125 0.0125
4 0.26953125 0.32421875 0.0125 0.0109375
4 0.07421875 0.98125 0.14453125 0.03359375
4 0.06015625 0.50234375 0.046875 0.04140625
4 0.403125 0.47421875 0.0484375 0.05234375
4 0.490625 0.3375 0.015625 0.01640625