4 0.28203125 0.45546875 0.02421875 0.02265625
4 0.7703125 0.62578125 0.07265625 0.05234375
4 0.459375 0.490625 0.03671875 0.01953125
4 0.85859375 0.421875 0.05703125 0.03671875
4 0.81953125 0.39375 0.05390625 0.0296875
4 0.87578125 0.38125 0.034375 0.02265625
4 0.77109375 0.3828125 0.046875 0.0296875
4 0.671875 0.890625 0.25859375 0.21484375
4 0.3 0.76953125 0.18671875 0.21875
4 0.11640625 0.56875 0.0828125 0.09609375
4 0.3828125 0.51015625 0.03515625 0.03203125
4 0.23203125 0.55078125 0.0953125 0.11484375
4 0.46328125 0.51875 0.053125 0.03671875
4 0.36875 0.4578125 0.03203125 0.02578125
4 0.26484375 0.42890625 0.01953125 0.02109375
4 0.57265625 0.38359375 0.03984375 0.02734375
4 0.18671875 0.4015625 0.040625 0.03359375
4 0.65625 0.378125 0.02890625 0.02734375
4 0.14765625 0.37265625 0.0140625 0.0140625
4 0.115625 0.36640625 0.01640625 0.0140625
1 0.0625 0.78046875 0.03125 0.10234375
1 0.1984375 0.94921875 0.01875 0.09765625
4 0.42734375 0.34296875 0.03125 0.03125
4 0.49375 0.36796875 0.03515625 0.01875
4 0.0703125 0.46015625 0.05546875 0.05859375
4 0.66328125 0.615625 0.06796875 0.04765625