4 0.09609375 0.3078125 0.0171875 0.02109375
4 0.08515625 0.3046875 0.0078125 0.01953125
4 0.09453125 0.2921875 0.01171875 0.01328125
4 0.0828125 0.28125 0.0140625 0.015625
4 0.1921875 0.38984375 0.05 0.04609375
1 0.48671875 0.43125 0.015625 0.0671875
4 0.0984375 0.36328125 0.02734375 0.03984375
4 0.08828125 0.3546875 0.03359375 0.0390625
4 0.08125 0.340625 0.021875 0.0328125
4 0.1078125 0.315625 0.021875 0.02578125
4 0.06953125 0.33125 0.01875 0.02890625
4 0.2265625 0.33671875 0.025 0.03125
1 0.503125 0.4328125 0.01328125 0.065625
1 0.04609375 0.6671875 0.04140625 0.1640625
4 0.53984375 0.678125 0.1765625 0.1546875
4 0.1234375 0.3921875 0.05390625 0.05859375
4 0.04921875 0.28671875 0.02578125 0.03671875
4 0.0609375 0.31015625 0.01875 0.02265625
4 0.05 0.32265625 0.02421875 0.0328125
4 0.05546875 0.40625 0.0453125 0.05390625
4 0.10625 0.3734375 0.03359375 0.04921875
1 0.1296875 0.81328125 0.04296875 0.15546875
4 0.321875 0.63671875 0.28203125 0.34296875
4 0.4609375 0.43359375 0.084375 0.05390625
4 0.96875 0.33984375 0.059375 0.0765625