4 0.60859375 0.45546875 0.02109375 0.021875
4 0.78046875 0.421875 0.021875 0.02265625
4 0.4421875 0.40703125 0.02578125 0.01484375
1 0.94921875 0.73671875 0.0328125 0.12421875
4 0.06171875 0.69140625 0.08359375 0.0625
4 0.31171875 0.64140625 0.02109375 0.04140625
4 0.27734375 0.64765625 0.034375 0.05390625
4 0.44296875 0.51328125 0.03984375 0.03984375
4 0.0109375 0.49296875 0.02109375 0.02734375
4 0.65234375 0.425 0.0125 0.0125
4 0.30078125 0.43046875 0.03515625 0.02265625
4 0.6828125 0.41953125 0.0125 0.01484375
4 0.8265625 0.37421875 0.0140625 0.01484375
4 0.46484375 0.39453125 0.02109375 0.0171875
4 0.603125 0.4359375 0.03125 0.04296875
4 0.796875 0.4078125 0.01953125 0.021875
4 0.8453125 0.36875 0.0109375 0.01171875
4 0.871875 0.36640625 0.01328125 0.0140625
4 0.8703125 0.37734375 0.0140625 0.0171875
4 0.865625 0.403125 0.01875 0.03125
4 0.53046875 0.48046875 0.02109375 0.02265625
4 0.06875 0.47734375 0.06328125 0.0375
4 0.71484375 0.4875 0.05625 0.0625