4 0.64609375 0.65078125 0.028125 0.021875
4 0.60625 0.93359375 0.125 0.128125
4 0.7171875 0.87265625 0.1203125 0.12578125
4 0.62734375 0.77109375 0.0796875 0.08125
4 0.56171875 0.834375 0.0359375 0.07734375
4 0.509375 0.7828125 0.075 0.08359375
4 0.56875 0.71796875 0.06640625 0.07421875
4 0.5328125 0.68515625 0.0515625 0.065625
4 0.4734375 0.7171875 0.05390625 0.05390625
4 0.45234375 0.67578125 0.0484375 0.04375
4 0.50234375 0.6578125 0.0390625 0.06484375
4 0.46875 0.625 0.04765625 0.078125
4 0.4234375 0.65859375 0.03984375 0.03515625
4 0.41328125 0.6484375 0.03359375 0.0484375
0 0.4265625 0.80703125 0.13984375 0.2734375
4 0.85625 0.815625 0.0703125 0.0609375
4 0.93984375 0.79296875 0.11796875 0.1296875
4 0.87265625 0.74921875 0.0453125 0.03359375
4 0.8203125 0.72734375 0.04296875 0.0296875
4 0.7453125 0.69453125 0.11015625 0.10234375
4 0.6046875 0.65625 0.0234375 0.01484375
4 0.6078125 0.62265625 0.021875 0.02421875
4 0.64296875 0.6359375 0.015625 0.01328125
4 0.58203125 0.6296875 0.01640625 0.0171875
4 0.5578125 0.58828125 0.03984375 0.03515625
4 0.546875 0.6109375 0.01796875 0.01484375
4 0.52734375 0.6125 0.0140625 0.0125
4 0.52890625 0.6 0.01328125 0.0140625
4 0.52734375 0.58828125 0.01015625 0.0125
4 0.98515625 0.5984375 0.02734375 0.02578125
4 0.3625 0.55 0.028125 0.03359375