1 0.1265625 0.81015625 0.046875 0.15625
4 0.41796875 0.81875 0.221875 0.22890625
4 0.33359375 0.55390625 0.125 0.10859375
4 0.08984375 0.4625 0.13203125 0.07109375
4 0.41953125 0.40390625 0.11796875 0.05390625
4 0.16171875 0.36640625 0.03671875 0.04140625
1 0.48671875 0.43203125 0.01875 0.06796875
1 0.04765625 0.6625 0.04140625 0.1625
4 0.084375 0.35625 0.0359375 0.03359375
4 0.7765625 0.3796875 0.0953125 0.0546875
4 0.2359375 0.40390625 0.07734375 0.04609375
1 0.503125 0.4328125 0.015625 0.06875
4 0.228125 0.32265625 0.03046875 0.05703125
4 0.0734375 0.27265625 0.0125 0.01640625
4 0.0828125 0.28125 0.015625 0.015625
4 0.0171875 0.2890625 0.01328125 0.0171875
4 0.03671875 0.28125 0.0140625 0.01484375
4 0.04609375 0.29375 0.0171875 0.0203125
2 0.27734375 0.93046875 0.05390625 0.13515625