4 0.7828125 0.30703125 0.01171875 0.01171875
4 0.06171875 0.39296875 0.0015625 0.00234375
3 0.81796875 0.73515625 0.05078125 0.12890625
1 0.90703125 0.67734375 0.0296875 0.12578125
1 0.1203125 0.6984375 0.034375 0.13828125
1 0.08046875 0.703125 0.04453125 0.13515625
4 0.77890625 0.3171875 0.01171875 0.0109375
4 0.715625 0.31796875 0.00703125 0.01015625
4 0.4640625 0.3296875 0.01328125 0.0109375
4 0.70625 0.32421875 0.00703125 0.01015625
4 0.39453125 0.33984375 0.02578125 0.01484375
4 0.8125 0.34375 0.01796875 0.02421875
4 0.63203125 0.353125 0.01171875 0.0109375
4 0.0578125 0.40390625 0.04921875 0.0296875
4 0.54375 0.409375 0.021875 0.0171875
4 0.31171875 0.559375 0.05234375 0.03984375
0 0.6203125 0.29296875 0.02890625 0.0171875
4 0.66015625 0.34921875 0.01015625 0.0109375
4 0.64453125 0.35625 0.0125 0.01328125
4 0.14375 0.3875 0.040625 0.02265625
4 0.10390625 0.396875 0.0421875 0.02421875
4 0.79140625 0.303125 0.00859375 0.01015625
4 0.8171875 0.30078125 0.01015625 0.01171875
4 0.80390625 0.30234375 0.00859375 0.0109375
4 0.8015625 0.31015625 0.01015625 0.0125
3 0.91796875 0.74609375 0.05546875 0.12109375
4 0.32734375 0.35390625 0.02421875 0.01640625
1 0.7078125 0.984375 0.0125 0.02734375