4 0.12265625 0.37578125 0.04375 0.0515625
4 0.07109375 0.4046875 0.04296875 0.05078125
4 0.08671875 0.30703125 0.02421875 0.02421875
4 0.2265625 0.32421875 0.02578125 0.053125
4 0.4921875 0.39609375 0.1 0.0546875
4 0.13515625 0.40234375 0.04609375 0.0390625
4 0.040625 0.2953125 0.025 0.025
3 0.4109375 0.40859375 0.015625 0.05
1 0.04765625 0.6625 0.03671875 0.1546875
1 0.48671875 0.43125 0.01640625 0.07109375
3 0.5625 0.45859375 0.0140625 0.0625
3 0.8578125 0.56875 0.034375 0.09609375
4 0.98046875 0.36875 0.03671875 0.02890625
1 0.13125 0.81171875 0.04453125 0.15390625
1 0.5015625 0.43046875 0.01171875 0.06875