1 0.78046875 0.39296875 0.01875 0.0734375
4 0.3359375 0.3484375 0.04921875 0.05703125
3 0.60859375 0.34609375 0.0125 0.05390625
4 0.50546875 0.35859375 0.05703125 0.04609375
4 0.76328125 0.621875 0.171875 0.14375
1 0.7625 0.3921875 0.01640625 0.07109375
1 0.259375 0.4203125 0.03046875 0.10390625
1 0.33125 0.59140625 0.0328125 0.15390625
1 0.3953125 0.73984375 0.04375 0.146875
4 0.34609375 0.25078125 0.01796875 0.02109375
4 0.36796875 0.240625 0.01640625 0.01875
4 0.346875 0.328125 0.03828125 0.04453125
4 0.33203125 0.30078125 0.03046875 0.0375
4 0.3640625 0.28671875 0.02578125 0.03828125
4 0.37265625 0.29765625 0.0234375 0.034375
4 0.37578125 0.30859375 0.02421875 0.0359375
4 0.39921875 0.31484375 0.0453125 0.04375
4 0.40234375 0.33359375 0.04375 0.05234375
4 0.50625 0.27265625 0.03359375 0.05859375
4 0.3328125 0.23671875 0.01953125 0.0203125
4 0.3453125 0.2203125 0.0109375 0.01484375
4 0.3265625 0.221875 0.01171875 0.015625
4 0.96015625 0.3640625 0.0765625 0.0484375