3 0.77734375 0.39609375 0.0171875 0.06640625
4 0.5609375 0.46953125 0.0953125 0.10234375
1 0.39921875 0.74453125 0.03828125 0.15625
1 0.32890625 0.59140625 0.02734375 0.15
4 0.66171875 0.54765625 0.1359375 0.1375
1 0.76171875 0.390625 0.015625 0.06953125
1 0.77734375 0.3921875 0.01953125 0.071875
4 0.3296875 0.24765625 0.0171875 0.01953125
4 0.50703125 0.271875 0.03359375 0.0546875
4 0.75703125 0.98046875 0.11640625 0.03515625
4 0.84453125 0.68359375 0.20703125 0.1734375
4 0.97421875 0.60703125 0.0484375 0.08984375