1 0.5390625 0.2234375 0.00390625 0.01484375
1 0.37109375 0.24140625 0.00546875 0.02109375
1 0.790625 0.871875 0.04375 0.13984375
4 0.13828125 0.29921875 0.05859375 0.03203125
1 0.51484375 0.228125 0.00546875 0.01484375
1 0.534375 0.22421875 0.00390625 0.01484375
1 0.5296875 0.22578125 0.0046875 0.015625
1 0.52265625 0.22734375 0.00390625 0.01484375
1 0.4171875 0.24140625 0.00390625 0.02109375
4 0.26171875 0.275 0.03671875 0.0265625
4 0.06875 0.3109375 0.071875 0.0328125
4 0.009375 0.31640625 0.01875 0.04140625
4 0.1609375 0.53203125 0.08125 0.046875
1 0.4234375 0.24140625 0.0078125 0.01953125
4 0.29296875 0.25234375 0.05078125 0.02265625
4 0.8421875 0.2171875 0.02421875 0.01953125
4 0.75390625 0.2609375 0.02109375 0.01796875
4 0.65546875 0.203125 0.01484375 0.01328125
4 0.30390625 0.26796875 0.04453125 0.025
4 0.590625 0.21484375 0.01640625 0.01328125
4 0.5671875 0.2171875 0.02421875 0.01953125