1 0.42890625 0.2375 0.00546875 0.01953125
4 0.3484375 0.25703125 0.03828125 0.0265625
4 0.3078125 0.26328125 0.04765625 0.0234375
4 0.984375 0.18515625 0.0109375 0.0109375
4 0.97421875 0.18984375 0.01328125 0.015625
4 0.99296875 0.1953125 0.01171875 0.01640625
4 0.13125 0.29296875 0.06953125 0.04375
4 0.81171875 0.30859375 0.08359375 0.10390625
1 0.79375 0.87109375 0.03671875 0.14140625
1 0.36328125 0.23828125 0.00546875 0.01875
1 0.3765625 0.23671875 0.00546875 0.01875
1 0.52109375 0.22578125 0.00546875 0.015625
4 0.9 0.39453125 0.10078125 0.07265625
1 0.42265625 0.23828125 0.00546875 0.01875
4 0.64921875 0.2046875 0.015625 0.01171875
4 0.575 0.21328125 0.025 0.01875
4 0.259375 0.265625 0.04609375 0.03515625
4 0.20546875 0.278125 0.06171875 0.03515625
4 0.8390625 0.21953125 0.01796875 0.02265625
4 0.00546875 0.3203125 0.0109375 0.028125
4 0.05625 0.309375 0.07265625 0.03984375
4 0.81796875 0.16875 0.025 0.01796875
4 0.66015625 0.19765625 0.02265625 0.02109375
4 0.63046875 0.2046875 0.02109375 0.015625
4 0.59453125 0.2109375 0.01640625 0.015625
1 0.54140625 0.22265625 0.00390625 0.0171875
1 0.53671875 0.22265625 0.0046875 0.0171875
1 0.52890625 0.22421875 0.00625 0.01875