4 0.19375 0.375 0.03984375 0.0296875
4 0.1046875 0.39609375 0.04375 0.025
1 0.709375 0.97890625 0.0125 0.0375
4 0.05859375 0.40390625 0.04375 0.02734375
4 0.6125 0.37265625 0.01484375 0.01640625
4 0.54375 0.42578125 0.02421875 0.025
4 0.478125 0.42265625 0.02109375 0.025
4 0.37421875 0.4953125 0.04140625 0.03828125
4 0.31875 0.5609375 0.053125 0.04453125
4 0.0859375 0.60703125 0.07578125 0.06171875
4 0.1625 0.609375 0.0609375 0.05234375
4 0.65234375 0.3421875 0.01015625 0.0109375
4 0.6078125 0.38828125 0.015625 0.0171875
4 0.5875 0.3859375 0.015625 0.01484375
4 0.57578125 0.378125 0.01484375 0.01640625
4 0.5578125 0.39921875 0.01796875 0.01484375
4 0.3984375 0.459375 0.03203125 0.02421875
4 0.23046875 0.37421875 0.0421875 0.025
4 0.1453125 0.38828125 0.0390625 0.02578125
1 0.9078125 0.68046875 0.03203125 0.1234375
1 0.12265625 0.69765625 0.04140625 0.1375
1 0.08203125 0.70390625 0.0421875 0.1328125
4 0.43359375 0.334375 0.02421875 0.015625
4 0.3953125 0.33828125 0.02421875 0.01875
4 0.640625 0.3546875 0.01328125 0.0125
4 0.7453125 0.34765625 0.01953125 0.02109375
4 0.35390625 0.353125 0.03515625 0.02265625
4 0.67734375 0.34765625 0.01171875 0.0125