4 0.546875 0.45390625 0.0875 0.0640625
4 0.4578125 0.43125 0.0296875 0.02890625
4 0.53125 0.4125 0.021875 0.0203125
4 0.7328125 0.41328125 0.0390625 0.04375
4 0.02734375 0.4015625 0.0546875 0.046875
4 0.57578125 0.3890625 0.01640625 0.0171875
4 0.090625 0.39140625 0.03984375 0.03828125
4 0.615625 0.37421875 0.01796875 0.01875
4 0.19453125 0.37578125 0.08203125 0.03515625
4 0.76796875 0.340625 0.01796875 0.021875
4 0.68359375 0.8875 0.3609375 0.22109375
4 0.21875 0.60546875 0.0625 0.06484375
4 0.33671875 0.48984375 0.1421875 0.125
3 0.8828125 0.50703125 0.02421875 0.08125
3 0.86875 0.43671875 0.0125 0.03125
1 0.6625 0.95234375 0.0125 0.09140625
4 0.1015625 0.89921875 0.203125 0.17265625
4 0.81640625 0.3453125 0.021875 0.0265625
4 0.665625 0.3421875 0.0125 0.01796875
4 0.7421875 0.34765625 0.02109375 0.0296875
4 0.409375 0.3296875 0.028125 0.01875
4 0.63828125 0.28515625 0.02109375 0.02265625
1 0.84375 0.66875 0.034375 0.1171875
4 0.80859375 0.2828125 0.015625 0.0203125
4 0.1015625 0.36796875 0.02734375 0.0296875
4 0.503125 0.44375 0.02578125 0.0265625
4 0.52265625 0.40546875 0.01796875 0.0171875
4 0.55546875 0.38671875 0.01796875 0.0171875
4 0.08046875 0.61171875 0.06875 0.0515625
4 0.65078125 0.52890625 0.0765625 0.07109375
4 0.428125 0.49453125 0.03828125 0.03125