4 0.78125 0.17265625 0.02578125 0.01328125
4 0.82578125 0.17578125 0.0390625 0.01953125
4 0.878125 0.1953125 0.02109375 0.0203125
4 0.89296875 0.1984375 0.03046875 0.02109375
4 0.91953125 0.20234375 0.04453125 0.02265625
4 0.9671875 0.21640625 0.0421875 0.021875
1 0.34453125 0.34453125 0.015625 0.03515625
1 0.28984375 0.31015625 0.07109375 0.14609375
4 0.65859375 0.72734375 0.2078125 0.2421875
4 0.5171875 0.340625 0.075 0.09296875
4 0.3484375 0.2421875 0.046875 0.08828125
4 0.31953125 0.22578125 0.0125 0.02734375
4 0.3140625 0.2109375 0.025 0.034375
4 0.309375 0.19296875 0.02421875 0.034375
4 0.34765625 0.18671875 0.0234375 0.028125
4 0.3046875 0.1796875 0.02578125 0.0328125
4 0.29375 0.16015625 0.03046875 0.04765625
4 0.25 0.165625 0.0234375 0.02890625
4 0.24375 0.14140625 0.0140625 0.021875
4 0.2625 0.13046875 0.0109375 0.0125
4 0.2765625 0.12890625 0.01171875 0.0125
4 0.77265625 0.37734375 0.0421875 0.03671875
4 0.97890625 0.46328125 0.03984375 0.05625
4 0.61328125 0.446875 0.1109375 0.11484375
4 0.65234375 0.33671875 0.03671875 0.03515625
1 0.51328125 0.725 0.03515625 0.12109375
1 0.3734375 0.40859375 0.01953125 0.05859375
4 0.25546875 0.190625 0.02890625 0.03984375
4 0.3765625 0.29453125 0.05078125 0.0609375
0 0.59453125 0.26875 0.0609375 0.0625
4 0.45546875 0.40546875 0.0984375 0.11796875
4 0.85234375 0.70546875 0.23359375 0.28125
4 0.7265625 0.38203125 0.0453125 0.0359375
4 0.371875 0.1453125 0.0140625 0.01484375
4 0.38828125 0.1796875 0.0171875 0.0140625
4 0.40390625 0.159375 0.028125 0.02890625
4 0.446875 0.18828125 0.0125 0.0125
4 0.528125 0.1375 0.01484375 0.0109375
4 0.6984375 0.16875 0.03046875 0.025