4 0.55390625 0.56953125 0.0515625 0.03984375
4 0.3171875 0.46953125 0.0296875 0.0234375
4 0.45078125 0.34765625 0.0296875 0.02109375
4 0.028125 0.33984375 0.01953125 0.02109375
1 0.2140625 0.95078125 0.02109375 0.09375
1 0.0796875 0.77734375 0.02265625 0.09140625
4 0.209375 0.39453125 0.01171875 0.01640625
4 0.22890625 0.42109375 0.01796875 0.0203125
4 0.2453125 0.41484375 0.0203125 0.0171875
4 0.25234375 0.40390625 0.01796875 0.0171875
4 0.259375 0.4421875 0.02421875 0.02265625
4 0.2828125 0.41953125 0.0234375 0.0203125
4 0.2875 0.434375 0.021875 0.02109375
4 0.3296875 0.43671875 0.025 0.0203125
4 0.34453125 0.46328125 0.02734375 0.02734375
4 0.5015625 0.5703125 0.05859375 0.04140625
4 0.4875 0.5296875 0.04453125 0.03359375
4 0.4890625 0.5078125 0.0421875 0.0296875
4 0.84765625 0.3984375 0.05234375 0.025
4 0.79453125 0.384375 0.05546875 0.028125
4 0.68828125 0.3796875 0.04609375 0.01875
4 0.67265625 0.34765625 0.0265625 0.021875
4 0.69140625 0.3546875 0.02109375 0.0203125
4 0.70625 0.3546875 0.03515625 0.02265625
4 0.73984375 0.36484375 0.025 0.0140625
4 0.72421875 0.36796875 0.01953125 0.01875
4 0.62890625 0.36640625 0.04296875 0.02265625
4 0.1296875 0.36796875 0.0171875 0.015625
4 0.534375 0.3640625 0.0375 0.0234375
4 0.71484375 0.690625 0.08125 0.06015625
4 0.65078125 0.61171875 0.06484375 0.04375
4 0.5234375 0.77421875 0.2 0.21875
4 0.8140625 0.6875 0.08828125 0.05859375
4 0.725 0.603125 0.06953125 0.04765625
4 0.40546875 0.51171875 0.05546875 0.03984375
4 0.4328125 0.47421875 0.04140625 0.03125
4 0.95234375 0.43671875 0.06640625 0.03984375
4 0.8765625 0.421875 0.07109375 0.03515625
4 0.0390625 0.39765625 0.03828125 0.04140625