4 0.415625 0.2953125 0.03359375 0.04140625
3 0.29375 0.26640625 0.00859375 0.025
3 0.3015625 0.30625 0.01015625 0.0375
4 0.46484375 0.31015625 0.04375 0.04140625
4 0.08046875 0.79765625 0.16015625 0.11640625
4 0.3875 0.26875 0.02265625 0.02109375
4 0.35703125 0.26875 0.028125 0.02265625
4 0.259375 0.296875 0.02265625 0.03203125
4 0.20078125 0.3359375 0.0734375 0.03359375
1 0.2578125 0.42109375 0.02734375 0.10078125
1 0.3328125 0.590625 0.04296875 0.14765625
0 0.37109375 0.3453125 0.11015625 0.13203125
1 0.76328125 0.39609375 0.015625 0.06640625
4 0.77265625 0.3609375 0.07890625 0.04765625
4 0.96328125 0.36484375 0.0703125 0.046875
4 0.87109375 0.378125 0.065625 0.03125
4 0.82890625 0.36171875 0.06875 0.0296875
1 0.7796875 0.39375 0.01640625 0.06796875
4 0.37890625 0.25 0.02265625 0.03046875
4 0.340625 0.2625 0.0171875 0.02265625
4 0.50703125 0.271875 0.03359375 0.0546875
4 0.39921875 0.2765625 0.021875 0.021875
4 0.3890625 0.25625 0.025 0.0203125
1 0.39375 0.740625 0.04296875 0.14765625