3 0.4328125 0.79140625 0.05546875 0.12109375
3 0.66796875 0.8125 0.04296875 0.12890625
4 0.7796875 0.41796875 0.02265625 0.02734375
4 0.853125 0.43359375 0.02109375 0.03359375
4 0.6859375 0.43515625 0.0140625 0.01640625
4 0.6609375 0.45 0.015625 0.0125
4 0.05859375 0.475 0.05078125 0.04140625
4 0.5765625 0.48125 0.02265625 0.02109375
4 0.49765625 0.51953125 0.02734375 0.02734375
4 0.42421875 0.55625 0.03515625 0.03359375
4 0.8296875 0.37421875 0.01171875 0.015625
4 0.1484375 0.696875 0.08984375 0.07265625
4 0.61171875 0.93359375 0.328125 0.12890625
4 0.3671875 0.41484375 0.03203125 0.02109375
4 0.4078125 0.409375 0.02578125 0.0140625
4 0.4328125 0.40234375 0.021875 0.01875
4 0.53125 0.38359375 0.01796875 0.0203125
4 0.5125 0.38828125 0.015625 0.015625
4 0.57734375 0.37578125 0.01640625 0.01328125
4 0.5328125 0.5015625 0.021875 0.02265625
4 0.62265625 0.44375 0.0453125 0.0578125
4 0.6296875 0.49375 0.01171875 0.0171875
4 0.6546875 0.48046875 0.01875 0.01484375
4 0.66875 0.42734375 0.02265625 0.02734375
4 0.70625 0.425 0.01796875 0.0171875
4 0.8078125 0.3953125 0.01640625 0.0203125
4 0.86484375 0.403125 0.0171875 0.02265625
3 0.89296875 0.415625 0.00859375 0.02109375
4 0.8453125 0.3828125 0.01171875 0.01328125
4 0.8671875 0.378125 0.01015625 0.02421875
4 0.30625 0.61640625 0.046875 0.04140625
4 0.53125 0.48671875 0.0203125 0.01875
4 0.15078125 0.45390625 0.0546875 0.03828125
4 0.2125 0.44765625 0.053125 0.021875
4 0.81640625 0.42578125 0.02578125 0.028125
1 0.94765625 0.74453125 0.034375 0.12734375
4 0.975 0.575 0.046875 0.121875
4 0.37890625 0.55234375 0.034375 0.03359375
4 0.55546875 0.51328125 0.0203125 0.02265625
4 0.25390625 0.675 0.06484375 0.06640625
4 0.8421875 0.365625 0.0078125 0.01015625
4 0.83671875 0.36953125 0.009375 0.0109375
3 0.50703125 0.771875 0.03671875 0.11484375
3 0.58203125 0.790625 0.0328125 0.12265625