4 0.5671875 0.4109375 0.021875 0.01953125
3 0.834375 0.42890625 0.015625 0.05546875
4 0.478125 0.46015625 0.02421875 0.02890625
4 0.71796875 0.3671875 0.02109375 0.02265625
4 0.703125 0.37890625 0.02578125 0.0296875
4 0.634375 0.34921875 0.02265625 0.01953125
4 0.61484375 0.359375 0.01484375 0.0125
4 0.54375 0.39296875 0.01875 0.0171875
4 0.06875 0.39765625 0.0515625 0.0328125
4 0.11875 0.38828125 0.04453125 0.03046875
4 0.16015625 0.37734375 0.03984375 0.03203125
1 0.20546875 0.36484375 0.00625 0.01875
1 0.25859375 0.36171875 0.00546875 0.0203125
1 0.34140625 0.34921875 0.0046875 0.015625
4 0.38203125 0.51640625 0.040625 0.03828125
4 0.36875 0.4984375 0.0390625 0.02890625
4 0.35078125 0.4640625 0.10703125 0.08984375
4 0.0671875 0.590625 0.134375 0.109375
4 0.0609375 0.646875 0.09296875 0.065625
4 0.46484375 0.31875 0.028125 0.028125
4 0.4109375 0.33515625 0.015625 0.01484375
4 0.39375 0.3375 0.021875 0.015625
1 0.36796875 0.34296875 0.00390625 0.0140625
1 0.36484375 0.34296875 0.003125 0.015625
1 0.35625 0.34296875 0.0046875 0.0125
1 0.3484375 0.346875 0.00390625 0.0125
4 0.7453125 0.38125 0.028125 0.03359375
4 0.28515625 0.53828125 0.05 0.04375
4 0.61328125 0.38671875 0.01875 0.01484375
4 0.578125 0.365625 0.02578125 0.03984375
4 0.63203125 0.28828125 0.02265625 0.02265625
3 0.6421875 0.73671875 0.05390625 0.12265625
3 0.08671875 0.71953125 0.05078125 0.10625
4 0.75625 0.3984375 0.0265625 0.0359375
4 0.71953125 0.41640625 0.03515625 0.04140625
4 0.82734375 0.40546875 0.0765625 0.03203125
4 0.7734375 0.42578125 0.0375 0.05078125
4 0.6734375 0.4 0.04375 0.06015625
4 0.6546875 0.425 0.04296875 0.04296875
4 0.7078125 0.43515625 0.0390625 0.0359375
4 0.70234375 0.46015625 0.03828125 0.046875
4 0.640625 0.4390625 0.03515625 0.03984375
4 0.615625 0.46015625 0.0421875 0.04921875
4 0.66640625 0.49296875 0.071875 0.078125
4 0.6609375 0.35703125 0.0109375 0.01171875
4 0.4140625 0.659375 0.121875 0.09765625
4 0.490625 0.57265625 0.084375 0.078125
1 0.83671875 0.6734375 0.03359375 0.11796875
4 0.02265625 0.41015625 0.0453125 0.02890625
4 0.6453125 0.3390625 0.0140625 0.0171875
4 0.64453125 0.36640625 0.015625 0.0125
4 0.6515625 0.353125 0.0125 0.0109375
4 0.6640625 0.34453125 0.015625 0.0125
4 0.603125 0.59609375 0.0953125 0.1078125
4 0.5828125 0.4890625 0.059375 0.0609375
4 0.55625 0.52578125 0.07265625 0.06484375
4 0.64921875 0.54609375 0.0625 0.06953125
4 0.7296875 0.35625 0.01875 0.02265625
4 0.75625 0.3578125 0.03046875 0.04765625
4 0.81015625 0.36171875 0.01875 0.0265625
4 0.8125 0.34296875 0.0203125 0.02265625
4 0.81640625 0.31640625 0.0125 0.0140625
4 0.77109375 0.33984375 0.03125 0.0484375
4 0.78828125 0.328125 0.01171875 0.0203125
4 0.81875 0.29921875 0.0140625 0.02578125
4 0.79765625 0.30390625 0.01640625 0.02578125
3 0.8671875 0.425 0.015625 0.040625
4 0.56875 0.3078125 0.02421875 0.01171875
4 0.53671875 0.31015625 0.01484375 0.0125