4 0.6578125 0.43828125 0.06015625 0.05625
4 0.60078125 0.49765625 0.03046875 0.03203125
4 0.5296875 0.53671875 0.0453125 0.034375
4 0.4671875 0.5390625 0.03984375 0.03828125
4 0.2953125 0.58828125 0.05625 0.05078125
0 0.85625 0.30390625 0.04375 0.02109375
4 0.92421875 0.35390625 0.0109375 0.01875
4 0.97421875 0.37265625 0.02265625 0.0265625
4 0.746875 0.41796875 0.025 0.02265625
4 0.08203125 0.43203125 0.0765625 0.04375
4 0.79296875 0.47421875 0.05078125 0.04765625
4 0.79609375 0.57109375 0.08984375 0.09609375
4 0.58046875 0.55546875 0.03828125 0.03125
4 0.4421875 0.58203125 0.046875 0.03984375
4 0.15859375 0.64296875 0.0921875 0.04765625
4 0.31015625 0.653125 0.05546875 0.04375
4 0.51171875 0.74765625 0.1578125 0.15859375
4 0.51796875 0.353125 0.03125 0.025
4 0.5171875 0.51328125 0.0359375 0.034375
4 0.4390625 0.521875 0.03984375 0.03984375
4 0.378125 0.55859375 0.05234375 0.03203125
4 0.34453125 0.5984375 0.0609375 0.04609375
4 0.84453125 0.42109375 0.03515625 0.03359375
4 0.290625 0.39921875 0.05234375 0.02734375
4 0.91953125 0.39296875 0.02734375 0.02734375
1 0.3765625 0.375 0.00546875 0.02109375
4 0.4828125 0.3578125 0.03203125 0.0265625
4 0.8921875 0.4328125 0.034375 0.04140625
4 0.60703125 0.446875 0.0296875 0.03125