1 0.47578125 0.76875 0.03671875 0.125
4 0.90390625 0.40625 0.07265625 0.05078125
1 0.609375 0.96328125 0.0171875 0.06875
4 0.40703125 0.18046875 0.02421875 0.02265625
4 0.31953125 0.175 0.034375 0.03359375
4 0.3328125 0.221875 0.05078125 0.05234375
4 0.49609375 0.20625 0.02109375 0.02109375
4 0.2578125 0.2015625 0.02578125 0.0375
4 0.46484375 0.20546875 0.02578125 0.02109375
4 0.41171875 0.25546875 0.05078125 0.05703125
4 0.271875 0.2296875 0.03984375 0.0484375
4 0.253125 0.15859375 0.01640625 0.02421875
4 0.53984375 0.22890625 0.02734375 0.02421875
4 0.45078125 0.29453125 0.05625 0.05703125
1 0.28046875 0.43046875 0.01875 0.06484375
1 0.3515625 0.609375 0.02734375 0.09375