4 0.2546875 0.18671875 0.02421875 0.03046875
4 0.26015625 0.2046875 0.02890625 0.03203125
4 0.41953125 0.2609375 0.04140625 0.0484375
4 0.4671875 0.303125 0.05859375 0.0796875
4 0.64375 0.48359375 0.125 0.12421875
4 0.59921875 0.62890625 0.1625 0.19453125
4 0.24375 0.14296875 0.01484375 0.015625
4 0.27578125 0.1265625 0.009375 0.01171875
4 0.71953125 0.16328125 0.021875 0.01640625
4 0.90703125 0.9625 0.18359375 0.07109375
4 0.74140625 0.38203125 0.03671875 0.03984375
4 0.79296875 0.35859375 0.046875 0.03359375
4 0.61640625 0.29296875 0.03125 0.02265625
4 0.53515625 0.24375 0.02578125 0.025
4 0.36484375 0.23359375 0.0453125 0.04609375
4 0.8171875 0.19765625 0.03515625 0.025
3 0.31328125 0.35859375 0.03828125 0.05859375
3 0.265625 0.34921875 0.02265625 0.07734375
1 0.51328125 0.725 0.0328125 0.11640625
1 0.37421875 0.40859375 0.015625 0.05390625
1 0.3453125 0.33828125 0.0140625 0.04765625
1 0.29453125 0.33359375 0.05 0.1
4 0.27109375 0.22890625 0.0375 0.05
4 0.38671875 0.1609375 0.01953125 0.02734375
4 0.3078125 0.18828125 0.02734375 0.03203125
4 0.51640625 0.36015625 0.08046875 0.09609375
4 0.7921875 0.6109375 0.2109375 0.23046875
4 0.846875 0.8765625 0.303125 0.2421875
4 0.24609375 0.1578125 0.01875 0.01875
4 0.97578125 0.18828125 0.0453125 0.02734375
4 0.97265625 0.21640625 0.05078125 0.02734375
4 0.9171875 0.203125 0.0484375 0.02265625
4 0.8890625 0.196875 0.028125 0.0203125
4 0.87734375 0.196875 0.021875 0.02265625
4 0.8515625 0.19296875 0.02578125 0.0234375
4 0.790625 0.175 0.034375 0.0203125
4 0.76875 0.171875 0.0296875 0.05390625
4 0.98203125 0.871875 0.0328125 0.1265625
4 0.24921875 0.16640625 0.01640625 0.02109375
4 0.27890625 0.14765625 0.01640625 0.0203125
4 0.31484375 0.159375 0.015625 0.02109375
4 0.2890625 0.16328125 0.01640625 0.02109375
4 0.325 0.17109375 0.01875 0.0234375
4 0.1890625 0.17578125 0.02265625 0.03203125