1 0.521875 0.228125 0.0046875 0.0171875
4 0.25 0.2765625 0.04453125 0.028125
1 0.421875 0.24296875 0.00703125 0.021875
1 0.53046875 0.22578125 0.0046875 0.01640625
1 0.5359375 0.225 0.0046875 0.0171875
1 0.53984375 0.2234375 0.00546875 0.01640625
4 0.60625 0.32421875 0.03203125 0.01953125
4 0.82265625 0.23125 0.0109375 0.0109375
4 0.83359375 0.23515625 0.01171875 0.0140625
4 0.95234375 0.21953125 0.01875 0.02265625
4 0.9796875 0.21640625 0.01796875 0.01875
4 0.98125 0.1859375 0.01171875 0.0125
4 0.99375 0.23125 0.009375 0.02890625
4 0.99453125 0.18515625 0.00859375 0.01328125
4 0.84453125 0.221875 0.01171875 0.01015625
4 0.6046875 0.34453125 0.03515625 0.02734375
4 0.06953125 0.31328125 0.065625 0.03984375
4 0.17109375 0.29375 0.1265625 0.0671875
4 0.76171875 0.26875 0.01953125 0.02109375
4 0.9234375 0.23359375 0.0234375 0.025
4 0.9625 0.23046875 0.01796875 0.01875
1 0.4171875 0.24375 0.0046875 0.0203125
1 0.51484375 0.2296875 0.0046875 0.01875
1 0.79296875 0.87265625 0.03828125 0.14140625
4 0.37578125 0.45078125 0.0640625 0.05625