4 0.60234375 0.42265625 0.05546875 0.0453125
4 0.7171875 0.403125 0.021875 0.03515625
4 0.75390625 0.3984375 0.0359375 0.03671875
4 0.8921875 0.415625 0.078125 0.08828125
4 0.95859375 0.4640625 0.078125 0.06875
4 0.4515625 0.4015625 0.06015625 0.109375
4 0.51640625 0.35390625 0.0140625 0.0140625
4 0.48125 0.3484375 0.01640625 0.01875
4 0.19375 0.43125 0.03671875 0.034375
4 0.4828125 0.37109375 0.015625 0.025
4 0.09296875 0.36484375 0.028125 0.01875
4 0.18671875 0.45703125 0.0359375 0.0359375
4 0.2515625 0.428125 0.01875 0.02421875
4 0.59296875 0.975 0.015625 0.04609375
1 0.59296875 0.975 0.015625 0.04609375
4 0.4671875 0.3390625 0.01328125 0.0171875
4 0.49609375 0.32578125 0.01796875 0.03515625
4 0.4921875 0.34375 0.0140625 0.0203125
4 0.02265625 0.52890625 0.040625 0.03828125
4 0.5171875 0.36953125 0.01953125 0.01953125
1 0.5484375 0.6609375 0.03125 0.096875
4 0.4015625 0.35859375 0.03125 0.0203125
4 0.4796875 0.32734375 0.01484375 0.01640625
4 0.30703125 0.3953125 0.01796875 0.021875
4 0.325 0.38515625 0.015625 0.0203125
4 0.0640625 0.87734375 0.128125 0.19765625
4 0.1359375 0.68359375 0.1375 0.11484375
4 0.20703125 0.61953125 0.09296875 0.090625
4 0.25703125 0.56015625 0.07734375 0.06875
4 0.29921875 0.5078125 0.06484375 0.0640625
4 0.3421875 0.47734375 0.05078125 0.0515625
4 0.325 0.803125 0.14296875 0.153125
4 0.68515625 0.80859375 0.57734375 0.37890625
1 0.98359375 0.9 0.009375 0.05703125
4 0.3453125 0.64765625 0.1015625 0.09921875
4 0.36640625 0.5734375 0.0796875 0.0734375
4 0.375 0.5265625 0.06953125 0.0578125
4 0.4625 0.50859375 0.053125 0.06328125
4 0.40078125 0.49140625 0.05 0.053125
4 0.440625 0.4609375 0.0453125 0.059375
4 0.4984375 0.45234375 0.04921875 0.05390625
4 0.3640625 0.4515625 0.04140625 0.0390625
4 0.384375 0.4328125 0.0359375 0.0390625
4 0.3921875 0.41640625 0.03046875 0.03125
4 0.41015625 0.40859375 0.02265625 0.03203125