1 0.50234375 0.4328125 0.01875 0.071875
1 0.4859375 0.43125 0.0171875 0.07109375
1 0.0484375 0.66796875 0.04765625 0.17265625
4 0.73828125 0.759375 0.2640625 0.19765625
1 0.1234375 0.8109375 0.0546875 0.15390625
3 0.2328125 0.3515625 0.0125 0.03359375
4 0.07578125 0.2953125 0.015625 0.01640625
4 0.0921875 0.29140625 0.01640625 0.01640625
4 0.08203125 0.28046875 0.0140625 0.01796875
4 0.88984375 0.38359375 0.0890625 0.03671875
4 0.57734375 0.41328125 0.121875 0.05
4 0.04296875 0.290625 0.01640625 0.021875
4 0.24453125 0.48515625 0.084375 0.07890625
4 0.02734375 0.3046875 0.02109375 0.02109375
4 0.0671875 0.32109375 0.021875 0.02265625
4 0.08671875 0.340625 0.0265625 0.0296875
4 0.115625 0.37109375 0.0375 0.04453125
4 0.0609375 0.290625 0.01875 0.02421875
0 0.04921875 0.3671875 0.06484375 0.10390625
4 0.15078125 0.41484375 0.05625 0.0609375
4 0.22578125 0.3359375 0.02421875 0.0328125
4 0.6046875 0.390625 0.0734375 0.03125