4 0.28671875 0.41640625 0.02890625 0.02578125
4 0.2375 0.3953125 0.021875 0.0171875
4 0.1625 0.371875 0.01640625 0.01484375
4 0.10859375 0.3453125 0.015625 0.0171875
4 0.79375 0.38359375 0.0546875 0.0375
4 0.76640625 0.33515625 0.065625 0.059375
4 0.846875 0.396875 0.0484375 0.03046875
4 0.8171875 0.73984375 0.10390625 0.0796875
4 0.88828125 0.3828125 0.0375 0.02265625
4 0.82890625 0.371875 0.02265625 0.01796875
1 0.0796875 0.77734375 0.02578125 0.09609375
1 0.21171875 0.94921875 0.0140625 0.09765625
4 0.18671875 0.37265625 0.02109375 0.02109375
4 0.3640625 0.45078125 0.0296875 0.02734375
4 0.10859375 0.47578125 0.05859375 0.06015625
4 0.60078125 0.55546875 0.05078125 0.03984375
4 0.225 0.44296875 0.0421875 0.0328125
4 0.4609375 0.3390625 0.03046875 0.02109375
4 0.50390625 0.3453125 0.034375 0.01953125
4 0.53125 0.34765625 0.034375 0.0203125
4 0.553125 0.34921875 0.0359375 0.021875
4 0.7359375 0.36953125 0.06875 0.04921875
4 0.571875 0.834375 0.203125 0.20703125
4 0.90625 0.40546875 0.028125 0.03125
4 0.78671875 0.41640625 0.065625 0.0328125