4 0.3296875 0.45078125 0.02890625 0.0234375
0 0.2640625 0.39453125 0.03515625 0.03515625
4 0.1671875 0.38125 0.02109375 0.02890625
4 0.375 0.3359375 0.02421875 0.01484375
1 0.0796875 0.77578125 0.02578125 0.09375
1 0.2125 0.95 0.015625 0.09609375
4 0.534375 0.359375 0.04296875 0.02734375
4 0.87890625 0.421875 0.06640625 0.03515625
4 0.95234375 0.43515625 0.06640625 0.04140625
4 0.678125 0.90625 0.27734375 0.18359375
4 0.1375 0.57734375 0.0828125 0.09375
4 0.01171875 0.3234375 0.015625 0.0171875
4 0.24921875 0.4296875 0.025 0.025
4 0.4140625 0.49453125 0.03671875 0.02734375
4 0.48828125 0.525 0.0296875 0.03125
4 0.71484375 0.6 0.06328125 0.04296875
4 0.1859375 0.37109375 0.01328125 0.01171875
4 0.34140625 0.32734375 0.0265625 0.02890625
4 0.625 0.365625 0.05 0.0234375
4 0.59375 0.36015625 0.0328125 0.02578125
4 0.6859375 0.37734375 0.04765625 0.02109375
4 0.69296875 0.35390625 0.03125 0.021875
4 0.08046875 0.33203125 0.0109375 0.01171875
4 0.11796875 0.3515625 0.01015625 0.009375
4 0.8484375 0.39765625 0.05078125 0.02265625
4 0.82265625 0.3921875 0.040625 0.03046875
4 0.81328125 0.3796875 0.0578125 0.0390625
4 0.740625 0.36796875 0.03828125 0.025
4 0.73671875 0.35390625 0.0484375 0.02109375
4 0.3859375 0.87890625 0.203125 0.2375
4 0.7296875 0.68515625 0.1015625 0.0734375
4 0.64765625 0.60546875 0.0671875 0.0515625
4 0.209375 0.65703125 0.11171875 0.1265625
4 0.546875 0.53125 0.0484375 0.03828125
4 0.4640625 0.53828125 0.0625 0.04921875
4 0.37890625 0.50234375 0.03828125 0.03046875
4 0.384375 0.4625 0.0265625 0.02109375
4 0.28125 0.44921875 0.025 0.02421875
4 0.22265625 0.39765625 0.01953125 0.025