4 0.390625 0.1640625 0.01171875 0.01171875
4 0.4109375 0.16796875 0.01328125 0.01171875
4 0.5390625 0.1375 0.0109375 0.0109375
4 0.67578125 0.31171875 0.03828125 0.034375
4 0.26796875 0.22734375 0.04375 0.053125
4 0.56953125 0.28046875 0.0359375 0.03046875
4 0.3640625 0.27578125 0.0609375 0.05625
4 0.44140625 0.1828125 0.0234375 0.01796875
4 0.72734375 0.55390625 0.16953125 0.18203125
4 0.9046875 0.784375 0.1875 0.26875
4 0.51640625 0.22578125 0.02734375 0.02265625
1 0.60703125 0.96484375 0.0125 0.06640625
1 0.47734375 0.76328125 0.034375 0.13515625
1 0.3515625 0.61171875 0.02421875 0.09765625
1 0.28046875 0.43125 0.01875 0.06640625
4 0.7078125 0.759375 0.21484375 0.26484375
4 0.25703125 0.19375 0.025 0.02421875
4 0.2546875 0.17265625 0.02265625 0.021875
4 0.27421875 0.13125 0.02734375 0.0328125
4 0.3765625 0.146875 0.0171875 0.0125