4 0.76953125 0.49921875 0.02578125 0.01953125
4 0.5453125 0.69296875 0.0484375 0.03984375
4 0.74921875 0.72109375 0.03828125 0.04609375
4 0.78984375 0.50234375 0.0390625 0.021875
4 0.7453125 0.5125 0.028125 0.03125
4 0.66640625 0.50390625 0.03359375 0.0203125
4 0.575 0.4890625 0.034375 0.0203125
4 0.06875 0.52890625 0.03046875 0.03359375
1 0.078125 0.74375 0.02578125 0.10859375
4 0.06953125 0.50859375 0.01875 0.0171875
4 0.0609375 0.49609375 0.01640625 0.02265625
4 0.34140625 0.54375 0.01953125 0.02421875
4 0.93515625 0.54296875 0.06015625 0.028125
4 0.82421875 0.53046875 0.0359375 0.025
4 0.83125 0.51484375 0.0390625 0.0203125
1 0.16640625 0.915625 0.02265625 0.09765625
4 0.33984375 0.57265625 0.02734375 0.025
4 0.43046875 0.60625 0.02578125 0.02109375