4 0.3484375 0.25703125 0.0390625 0.02734375
4 0.8078125 0.25078125 0.01875 0.01875
4 0.759375 0.259375 0.02421875 0.02265625
4 0.12421875 0.30078125 0.046875 0.03046875
4 0.64609375 0.32578125 0.03125 0.02734375
4 0.5703125 0.34296875 0.04140625 0.03125
4 0.47265625 0.38359375 0.05 0.04140625
4 0.1609375 0.30390625 0.0640625 0.03671875
4 0.2625 0.2703125 0.06484375 0.0375
4 0.884375 0.30546875 0.04921875 0.0140625
4 0.97734375 0.19609375 0.0140625 0.0140625
4 0.01171875 0.3234375 0.0234375 0.028125
4 0.88828125 0.3859375 0.22109375 0.1453125
1 0.79375 0.87421875 0.03671875 0.13984375
4 0.0625 0.31171875 0.06796875 0.03515625
4 0.9875 0.240625 0.02265625 0.0234375