4 0.7890625 0.3296875 0.01328125 0.015625
4 0.034375 0.64609375 0.06796875 0.05
4 0.66328125 0.58671875 0.08515625 0.09375
4 0.37421875 0.490625 0.03828125 0.03125
3 0.17734375 0.715625 0.034375 0.12265625
3 0.221875 0.71171875 0.034375 0.13515625
1 0.73515625 0.98515625 0.015625 0.025
1 0.80546875 0.946875 0.0171875 0.10234375
1 0.8359375 0.6703125 0.0296875 0.1203125
3 0.071875 0.73125 0.02734375 0.13359375
4 0.80078125 0.30390625 0.0109375 0.0125
4 0.7703125 0.3515625 0.0265625 0.034375
4 0.66796875 0.35390625 0.01640625 0.01484375
4 0.59296875 0.384375 0.01328125 0.0109375
4 0.7015625 0.3828125 0.03359375 0.034375
4 0.1265625 0.38125 0.065625 0.04140625
4 0.746875 0.39375 0.03046875 0.03359375
4 0.03359375 0.403125 0.0421875 0.03515625
4 0.5703125 0.49765625 0.08671875 0.11171875
4 0.2375 0.5328125 0.04921875 0.04453125
4 0.67109375 0.3390625 0.0109375 0.01171875
4 0.69453125 0.31875 0.01640625 0.01640625
4 0.78046875 0.31015625 0.0109375 0.0109375
4 0.81953125 0.29921875 0.009375 0.01171875
4 0.7640625 0.325 0.01484375 0.0171875
4 0.7265625 0.3625 0.02265625 0.02421875
4 0.62421875 0.3609375 0.0171875 0.0234375
4 0.60390625 0.3546875 0.02578125 0.03515625
4 0.55234375 0.415625 0.0234375 0.0265625
4 0.53671875 0.3921875 0.03125 0.05390625
4 0.5046875 0.43515625 0.03515625 0.04375
4 0.4828125 0.43359375 0.01171875 0.02109375
4 0.4265625 0.33203125 0.01640625 0.0171875
4 0.409375 0.3328125 0.01953125 0.01484375
3 0.1015625 0.725 0.0296875 0.11640625