4 0.53125 0.39765625 0.02421875 0.02421875
4 0.56796875 0.3921875 0.0234375 0.0203125
4 0.5609375 0.309375 0.01875 0.01796875
4 0.61328125 0.3828125 0.0203125 0.0203125
4 0.29609375 0.628125 0.05234375 0.0578125
1 0.91015625 0.6765625 0.0328125 0.1328125
4 0.3 0.35546875 0.03671875 0.02265625
4 0.02734375 0.640625 0.0546875 0.05625
4 0.4484375 0.47109375 0.03515625 0.03359375
4 0.8015625 0.3 0.01875 0.01640625
4 0.28984375 0.51328125 0.025 0.0390625
4 0.43359375 0.3328125 0.0203125 0.0265625
1 0.121875 0.69453125 0.03125 0.13515625
4 0.15625 0.384375 0.0484375 0.03125
4 0.23515625 0.56484375 0.0640625 0.05390625
4 0.26640625 0.5203125 0.0390625 0.03046875
4 0.0390625 0.41015625 0.03828125 0.02734375
4 0.5609375 0.4140625 0.0265625 0.0296875
4 0.09453125 0.39609375 0.05078125 0.03359375
4 0.41171875 0.3375 0.0296875 0.02109375
4 0.5359375 0.32109375 0.01875 0.01796875
1 0.0828125 0.696875 0.03515625 0.13515625