4 0.13359375 0.36328125 0.07109375 0.0359375
4 0.1953125 0.35859375 0.05078125 0.034375
4 0.2203125 0.37109375 0.0515625 0.03828125
4 0.7359375 0.36484375 0.0234375 0.02109375
4 0.79375 0.37890625 0.0265625 0.0265625
4 0.68828125 0.37578125 0.0328125 0.02265625
4 0.72265625 0.38671875 0.028125 0.01875
4 0.825 0.3078125 0.021875 0.021875
4 0.86953125 0.29921875 0.0234375 0.01796875
4 0.12109375 0.91171875 0.23984375 0.17265625
4 0.56484375 0.52734375 0.0296875 0.02890625
4 0.90234375 0.35 0.0328125 0.03359375
4 0.9546875 0.29765625 0.02265625 0.025