4 0.909375 0.58125 0.04296875 0.021875
4 0.35234375 0.57265625 0.03984375 0.06640625
4 0.3515625 0.634375 0.0328125 0.03984375
4 0.5546875 0.62890625 0.02421875 0.02109375
4 0.75 0.690625 0.07109375 0.05234375
4 0.7125 0.84609375 0.12109375 0.14140625
4 0.91015625 0.80078125 0.0640625 0.04765625
4 0.55859375 0.85 0.10234375 0.11640625
4 0.66796875 0.959375 0.1390625 0.07734375
4 0.9859375 0.59765625 0.02578125 0.02421875
4 0.9453125 0.5890625 0.040625 0.02109375
4 0.9296875 0.584375 0.02734375 0.02265625
4 0.52109375 0.68203125 0.04609375 0.05546875
4 0.671875 0.653125 0.02734375 0.02734375
4 0.54375 0.60625 0.01640625 0.01484375
4 0.5 0.57109375 0.01171875 0.0171875
4 0.534375 0.521875 0.01484375 0.01640625
4 0.60625 0.5375 0.01171875 0.0109375
4 0.6171875 0.540625 0.0125 0.00859375
4 0.63203125 0.540625 0.01640625 0.00859375
4 0.7765625 0.56796875 0.03359375 0.03203125
4 0.4609375 0.55390625 0.01875 0.025
0 0.828125 0.57578125 0.06953125 0.0421875
4 0.484375 0.5640625 0.0109375 0.015625
0 0.42734375 0.60703125 0.05390625 0.08984375
4 0.52578125 0.61171875 0.01953125 0.021875
4 0.4921875 0.59296875 0.015625 0.015625
4 0.5734375 0.6140625 0.02109375 0.03046875
4 0.61328125 0.628125 0.01796875 0.01875
4 0.6484375 0.66484375 0.02578125 0.02109375
4 0.56640625 0.709375 0.07109375 0.08203125