4 0.6859375 0.84453125 0.125 0.11875
4 0.82578125 0.93828125 0.14375 0.11875
4 0.55859375 0.8875 0.1109375 0.15
4 0.8375 0.72578125 0.05 0.03515625
4 0.440625 0.73984375 0.07109375 0.07890625
4 0.58515625 0.74296875 0.08203125 0.09375
4 0.49609375 0.653125 0.05390625 0.05234375
4 0.3515625 0.625 0.0328125 0.04609375
4 0.9828125 0.60859375 0.03125 0.02890625
4 0.82734375 0.57734375 0.0328125 0.025
4 0.4734375 0.571875 0.015625 0.01484375
4 0.28046875 0.5546875 0.02890625 0.01953125
4 0.33203125 0.52421875 0.01015625 0.0140625
4 0.67734375 0.6703125 0.0296875 0.025
4 0.7578125 0.7375 0.01640625 0.0359375
4 0.95859375 0.8203125 0.06640625 0.0453125
4 0.94609375 0.78203125 0.06640625 0.040625
4 0.98671875 0.590625 0.0234375 0.02109375
4 0.85625 0.56953125 0.0265625 0.0203125
4 0.7421875 0.56015625 0.021875 0.0171875
4 0.8984375 0.821875 0.0609375 0.04296875
4 0.7609375 0.7125 0.0390625 0.0375
4 0.71953125 0.6734375 0.02890625 0.02578125
4 0.6875 0.696875 0.034375 0.03125
0 0.5984375 0.621875 0.05703125 0.04765625
4 0.5125 0.578125 0.03359375 0.04296875
4 0.75859375 0.5640625 0.02421875 0.01796875
4 0.33984375 0.56015625 0.02578125 0.02890625
4 0.86875 0.57109375 0.025 0.01953125