1 0.39453125 0.740625 0.04453125 0.14765625
4 0.37890625 0.2484375 0.01953125 0.034375
4 0.63515625 0.43515625 0.10546875 0.075
4 0.08828125 0.734375 0.16015625 0.09609375
1 0.7796875 0.390625 0.01640625 0.07265625
4 0.5078125 0.27109375 0.0328125 0.05703125
4 0.36640625 0.24609375 0.0109375 0.01796875
4 0.8734375 0.67890625 0.25 0.225
4 0.33515625 0.24140625 0.0171875 0.01640625
1 0.76328125 0.39140625 0.01484375 0.07421875
1 0.2609375 0.41953125 0.03046875 0.09765625
1 0.33515625 0.5890625 0.0390625 0.153125