4 0.090625 0.4625 0.04921875 0.0296875
4 0.0328125 0.4734375 0.0609375 0.0359375
4 0.63046875 0.46171875 0.02578125 0.01875
4 0.509375 0.52890625 0.03828125 0.02890625
4 0.14609375 0.9203125 0.2921875 0.153125
4 0.5890625 0.4671875 0.02265625 0.02578125
4 0.86953125 0.38359375 0.01796875 0.02109375
4 0.696875 0.40078125 0.0140625 0.0125
4 0.653125 0.44765625 0.01796875 0.01796875
4 0.6390625 0.440625 0.0171875 0.01875
4 0.38984375 0.56484375 0.04140625 0.03359375
4 0.140625 0.4578125 0.05390625 0.02734375
4 0.31328125 0.7109375 0.05859375 0.0671875
4 0.38984375 0.603125 0.05234375 0.04375
4 0.5734375 0.49375 0.0296875 0.0296875
1 0.95 0.73671875 0.03359375 0.1265625
4 0.67578125 0.4140625 0.03046875 0.0359375
4 0.36796875 0.41015625 0.02734375 0.02265625
4 0.2796875 0.43203125 0.04375 0.02421875
4 0.21484375 0.4375 0.04296875 0.02890625