4 0.78671875 0.25859375 0.0171875 0.0125
4 0.7953125 0.26796875 0.0171875 0.01484375
4 0.8421875 0.22109375 0.01015625 0.0109375
4 0.846875 0.2296875 0.0140625 0.01171875
4 0.9796875 0.1875 0.01015625 0.01015625
4 0.96953125 0.19609375 0.0109375 0.01328125
4 0.97421875 0.21796875 0.0171875 0.01875
1 0.790625 0.87421875 0.04375 0.13984375
4 0.57734375 0.215625 0.02734375 0.01875
4 0.88046875 0.22421875 0.0140625 0.01484375
4 0.2828125 0.25234375 0.05390625 0.025
4 0.5734375 0.34609375 0.03515625 0.02890625
4 0.46484375 0.41328125 0.0484375 0.04375
4 0.9015625 0.48203125 0.1265625 0.09375
4 0.47578125 0.659375 0.18203125 0.15234375
4 0.72734375 0.18828125 0.0140625 0.01640625
4 0.0109375 0.31796875 0.02109375 0.03515625
4 0.06796875 0.309375 0.06796875 0.0359375
4 0.69921875 0.30078125 0.02421875 0.01953125
4 0.21484375 0.28203125 0.0453125 0.03203125
4 0.77265625 0.2796875 0.0203125 0.01640625
4 0.340625 0.2578125 0.03984375 0.02421875
4 0.92265625 0.23828125 0.021875 0.02265625
4 0.82578125 0.23046875 0.01484375 0.0140625
4 0.99296875 0.23359375 0.01015625 0.03359375
4 0.13828125 0.29609375 0.0609375 0.03359375
4 0.68984375 0.2890625 0.02421875 0.01796875
4 0.80625 0.25078125 0.0171875 0.01328125