3 0.2234375 0.34140625 0.01015625 0.04140625
4 0.3375 0.44140625 0.12421875 0.0625
4 0.08984375 0.303125 0.01953125 0.02265625
4 0.0578125 0.31328125 0.02890625 0.028125
4 0.1328125 0.34765625 0.03203125 0.0375
4 0.38828125 0.5703125 0.1296875 0.12734375
4 0.08125 0.34765625 0.034375 0.04140625
4 0.5890625 0.71484375 0.20625 0.175
1 0.4875 0.43046875 0.0171875 0.0734375
1 0.05078125 0.65625 0.0453125 0.15390625
3 0.684375 0.36640625 0.01015625 0.05
4 0.96796875 0.35703125 0.0609375 0.034375
4 0.79765625 0.37734375 0.0890625 0.034375
4 0.2921875 0.4328125 0.09765625 0.05546875
4 0.990625 0.38125 0.015625 0.01796875
4 0.75078125 0.403125 0.09453125 0.03046875
3 0.7078125 0.37890625 0.01328125 0.04765625
4 0.08125 0.28046875 0.01640625 0.01796875
3 0.69375 0.36328125 0.00859375 0.046875
4 0.0421875 0.28984375 0.0203125 0.01875
1 0.1265625 0.81171875 0.05078125 0.15703125
1 0.503125 0.43046875 0.01796875 0.07109375
4 0.38046875 0.4140625 0.08203125 0.05703125
3 0.00859375 0.40859375 0.0140625 0.05859375