4 0.73828125 0.35078125 0.02734375 0.028125
4 0.58125 0.38671875 0.025 0.0234375
4 0.54140625 0.39140625 0.01953125 0.025
4 0.7296875 0.4359375 0.04140625 0.0484375
4 0.640625 0.56875 0.0859375 0.08671875
4 0.16328125 0.5984375 0.0671875 0.05703125
4 0.42734375 0.8875 0.20234375 0.20625
4 0.24375 0.66015625 0.05078125 0.028125
4 0.67109375 0.3484375 0.0171875 0.0140625
4 0.65390625 0.34140625 0.01171875 0.01171875
4 0.63828125 0.34921875 0.01015625 0.01015625
4 0.57421875 0.37265625 0.02265625 0.01875
4 0.6140625 0.359375 0.01015625 0.01171875
4 0.6015625 0.36640625 0.01484375 0.01328125
4 0.4859375 0.4359375 0.0203125 0.02109375
4 0.68203125 0.49375 0.059375 0.0625
4 0.38046875 0.7140625 0.14140625 0.1375
4 0.1890625 0.55390625 0.0515625 0.04296875
4 0.46328125 0.409375 0.065625 0.07734375
1 0.63671875 0.95625 0.015625 0.08359375
4 0.5515625 0.52890625 0.08125 0.08359375
4 0.2828125 0.571875 0.05390625 0.04765625
1 0.84296875 0.66953125 0.03515625 0.1265625
4 0.64375 0.35625 0.01484375 0.01640625