4 0.1546875 0.58046875 0.09765625 0.125
4 0.0390625 0.54375 0.078125 0.23359375
4 0.025 0.38125 0.034375 0.04765625
4 0.03046875 0.40078125 0.0359375 0.04921875
4 0.06015625 0.40703125 0.06171875 0.0390625
4 0.065625 0.3890625 0.046875 0.0265625
4 0.0703125 0.434375 0.05078125 0.053125
4 0.09140625 0.4671875 0.05390625 0.06875
4 0.11171875 0.4625 0.05390625 0.040625
4 0.11796875 0.46015625 0.05 0.01796875
4 0.1171875 0.5125 0.0734375 0.10078125
4 0.14453125 0.5625 0.07890625 0.1234375
4 0.19453125 0.6171875 0.11953125 0.13203125
4 0.234375 0.6484375 0.125 0.1
4 0.2390625 0.709375 0.13203125 0.15234375
4 0.18359375 0.79609375 0.15546875 0.17734375
4 0.24453125 0.8765625 0.17109375 0.18203125
4 0.34921875 0.91875 0.19921875 0.1578125
4 0.46171875 0.9609375 0.2171875 0.0734375
4 0.13671875 0.415625 0.04296875 0.053125
4 0.15625 0.4234375 0.04609375 0.0484375
4 0.1734375 0.4390625 0.0546875 0.06953125
4 0.1953125 0.46484375 0.05234375 0.0640625
4 0.19921875 0.48828125 0.02734375 0.0734375
4 0.2484375 0.49140625 0.07734375 0.096875
4 0.26015625 0.52265625 0.06953125 0.08515625
4 0.2859375 0.5453125 0.07578125 0.1015625
4 0.3375 0.58046875 0.10625 0.11953125
4 0.3515625 0.628125 0.08125 0.1078125
4 0.3921875 0.65234375 0.11328125 0.13203125
4 0.40546875 0.6921875 0.10625 0.121875
4 0.43203125 0.7359375 0.053125 0.15390625
4 0.5546875 0.7078125 0.21171875 0.359375
4 0.6375 0.8625 0.196875 0.21640625
4 0.775 0.915625 0.21796875 0.1640625
4 0.8515625 0.96171875 0.14453125 0.0703125
4 0.884375 0.8015625 0.09140625 0.084375
4 0.96953125 0.79453125 0.0578125 0.06953125
4 0.98046875 0.85390625 0.0359375 0.07734375
4 0.9859375 0.7265625 0.02578125 0.059375
4 0.9625 0.70546875 0.071875 0.071875
4 0.8890625 0.690625 0.0640625 0.0609375
4 0.87578125 0.66328125 0.0734375 0.0625
4 0.846875 0.6515625 0.034375 0.05234375
4 0.79375 0.6375 0.05859375 0.0546875
4 0.7734375 0.625 0.04609375 0.046875
4 0.66484375 0.65859375 0.05390625 0.0625
4 0.71328125 0.6125 0.04296875 0.053125
4 0.73046875 0.59453125 0.04296875 0.04375
4 0.6921875 0.58203125 0.04140625 0.04140625
4 0.634375 0.60546875 0.0375 0.046875
4 0.653125 0.5640625 0.0421875 0.04140625
4 0.634375 0.553125 0.0359375 0.040625
4 0.57890625 0.5265625 0.04609375 0.05
4 0.540625 0.50703125 0.03828125 0.03828125
4 0.521875 0.4984375 0.0296875 0.0359375
4 0.50625 0.490625 0.0375 0.040625
4 0.48125 0.484375 0.0234375 0.0296875
4 0.4703125 0.47578125 0.0265625 0.0296875
4 0.4546875 0.46328125 0.0265625 0.034375
4 0.43984375 0.45703125 0.0296875 0.03203125
4 0.42734375 0.51796875 0.05546875 0.0515625
4 0.41875 0.45546875 0.015625 0.02265625
4 0.3984375 0.44453125 0.02578125 0.028125
4 0.409375 0.42890625 0.025 0.01953125
4 0.3890625 0.42421875 0.025 0.0296875
4 0.36875 0.41171875 0.02421875 0.03359375
4 0.3296875 0.40703125 0.02265625 0.02421875
4 0.27578125 0.40078125 0.0265625 0.0234375
4 0.23828125 0.39921875 0.025 0.021875
4 0.21640625 0.2875 0.04140625 0.01640625
4 0.5171875 0.303125 0.02890625 0.0296875
4 0.65234375 0.3359375 0.03359375 0.02734375
4 0.70703125 0.34375 0.028125 0.03125
4 0.6859375 0.340625 0.01640625 0.025
4 0.8015625 0.3578125 0.03828125 0.03515625
4 0.81953125 0.36484375 0.0296875 0.0328125
4 0.84765625 0.36640625 0.03828125 0.0390625
4 0.8671875 0.37578125 0.03359375 0.03203125
4 0.8953125 0.3796875 0.04609375 0.03671875
4 0.965625 0.390625 0.04453125 0.04609375