4 0.6328125 0.3578125 0.0125 0.01171875
4 0.6390625 0.34921875 0.01328125 0.01171875
4 0.69765625 0.325 0.0109375 0.015625
4 0.159375 0.64609375 0.07109375 0.05390625
4 0.334375 0.484375 0.03828125 0.03984375
4 0.81796875 0.3 0.01328125 0.025
4 0.028125 0.66796875 0.05625 0.0421875
4 0.4125 0.33359375 0.0140625 0.015625
4 0.66484375 0.3375 0.01171875 0.0125
1 0.73203125 0.98671875 0.015625 0.02265625
1 0.76484375 0.94375 0.015625 0.10859375
1 0.92578125 0.90625 0.015625 0.05
4 0.3953125 0.33984375 0.0234375 0.0171875
4 0.14453125 0.578125 0.059375 0.04375
1 0.8375 0.6703125 0.0328125 0.1203125
4 0.65234375 0.3609375 0.0125 0.01484375
4 0.77109375 0.36328125 0.02265625 0.02734375
4 0.5921875 0.36953125 0.0140625 0.01484375
4 0.55234375 0.403125 0.01640625 0.0140625
4 0.47890625 0.42109375 0.02109375 0.0234375
4 0.48515625 0.43671875 0.025 0.02265625
4 0.403125 0.45625 0.00859375 0.028125
4 0.25703125 0.55625 0.05625 0.04765625
4 0.4828125 0.45546875 0.01484375 0.0265625
4 0.59140625 0.39609375 0.01953125 0.01171875
4 0.1609375 0.38125 0.0390625 0.02421875
4 0.12890625 0.3890625 0.0328125 0.02421875
4 0.0921875 0.3953125 0.040625 0.02734375
4 0.0453125 0.40546875 0.0484375 0.02890625
4 0.4265625 0.33125 0.01484375 0.0140625
4 0.43828125 0.3296875 0.01171875 0.01328125
4 0.45078125 0.32578125 0.01484375 0.0140625
4 0.55234375 0.3875 0.0171875 0.0171875
4 0.6328125 0.37265625 0.0171875 0.0171875
4 0.61640625 0.35859375 0.0125 0.0140625