4 0.4375 0.48828125 0.04296875 0.03125
4 0.334375 0.4625 0.03515625 0.03359375
1 0.19921875 0.95 0.0171875 0.09609375
1 0.06640625 0.78125 0.02578125 0.1
4 0.02578125 0.3234375 0.0109375 0.01328125
4 0.05390625 0.3375 0.01484375 0.01640625
4 0.09453125 0.33984375 0.01328125 0.01640625
4 0.02421875 0.37578125 0.04296875 0.03984375
4 0.21875 0.40703125 0.028125 0.02265625
4 0.51796875 0.91640625 0.2265625 0.1625
4 0.790625 0.384375 0.07578125 0.0453125
4 0.06796875 0.33828125 0.0140625 0.01796875
4 0.6921875 0.90703125 0.25390625 0.18203125
4 0.8296875 0.69375 0.096875 0.06640625
4 0.45 0.72421875 0.159375 0.15625
4 0.38125 0.51015625 0.04375 0.03359375