4 0.73515625 0.6234375 0.06640625 0.04609375
4 0.91875 0.740625 0.125 0.09765625
4 0.175 0.38984375 0.0140625 0.02109375
4 0.36484375 0.4625 0.034375 0.03359375
4 0.16015625 0.60078125 0.10078125 0.11484375
4 0.3234375 0.62890625 0.1265625 0.14140625
4 0.428125 0.88125 0.21171875 0.23359375
1 0.0640625 0.78046875 0.028125 0.10234375
1 0.1984375 0.95078125 0.01875 0.09375
4 0.50234375 0.35703125 0.09609375 0.06796875
4 0.9453125 0.43984375 0.0625 0.0375
4 0.55390625 0.3578125 0.0234375 0.02109375
4 0.56640625 0.3609375 0.0265625 0.02109375
4 0.59140625 0.3640625 0.03125 0.0265625
4 0.60390625 0.36875 0.028125 0.0203125
4 0.62890625 0.37109375 0.03828125 0.0234375
4 0.74296875 0.3734375 0.03203125 0.01953125
4 0.72109375 0.36796875 0.040625 0.02578125
4 0.6671875 0.3796875 0.046875 0.0234375
4 0.73359375 0.41328125 0.0828125 0.0359375
4 0.77421875 0.384375 0.046875 0.02890625
4 0.81875 0.3984375 0.06875 0.03203125
4 0.20859375 0.4078125 0.01640625 0.015625
4 0.240625 0.41953125 0.021875 0.02578125
4 0.45703125 0.6109375 0.21796875 0.16015625
4 0.67890625 0.63359375 0.07109375 0.04921875
4 0.790625 0.82734375 0.12265625 0.09609375
4 0.1421875 0.375 0.01328125 0.01171875
4 0.2 0.3890625 0.01796875 0.02109375
4 0.15234375 0.3953125 0.01640625 0.015625
4 0.26796875 0.4359375 0.02421875 0.02109375
4 0.2984375 0.4296875 0.0234375 0.028125
4 0.32578125 0.44140625 0.02578125 0.02109375
4 0.3203125 0.4640625 0.03125 0.02109375
4 0.3203125 0.48828125 0.03046875 0.02734375
4 0.36640625 0.51015625 0.0390625 0.03359375
4 0.39453125 0.496875 0.03515625 0.03046875
4 0.4265625 0.48984375 0.0359375 0.0296875
4 0.46875 0.55234375 0.103125 0.08671875
4 0.5515625 0.54296875 0.0546875 0.03984375