4 0.9921875 0.6 0.0125 0.01953125
4 0.528125 0.52265625 0.01171875 0.0171875
4 0.5484375 0.52890625 0.01015625 0.00859375
4 0.70703125 0.5609375 0.01640625 0.0125
4 0.86875 0.5734375 0.01640625 0.01640625
4 0.90078125 0.578125 0.02890625 0.0203125
4 0.896875 0.8265625 0.06015625 0.040625
4 0.34375 0.5375 0.0140625 0.01640625
4 0.75078125 0.715625 0.03203125 0.03125
4 0.71328125 0.67578125 0.0265625 0.02421875
4 0.64296875 0.653125 0.028125 0.02578125
4 0.63671875 0.63671875 0.0203125 0.01484375
4 0.6234375 0.67109375 0.02578125 0.02578125
4 0.59296875 0.61484375 0.01875 0.01953125
0 0.5515625 0.615625 0.03828125 0.0359375
4 0.87421875 0.78046875 0.05546875 0.03515625
4 0.91328125 0.58125 0.03203125 0.01953125
4 0.2921875 0.53671875 0.01640625 0.01796875
4 0.5296875 0.5859375 0.01484375 0.0140625
4 0.93203125 0.58671875 0.02265625 0.0234375
4 0.978125 0.5921875 0.04140625 0.02421875