4 0.65390625 0.309375 0.01875 0.02734375
4 0.3515625 0.503125 0.04375 0.05625
0 0.59453125 0.36328125 0.0609375 0.07265625
4 0.68828125 0.31015625 0.025 0.02890625
4 0.01953125 0.32421875 0.03828125 0.03515625
4 0.1390625 0.30234375 0.06015625 0.0375
4 0.07265625 0.3109375 0.059375 0.0328125
4 0.76484375 0.27109375 0.0234375 0.02109375
4 0.26875 0.27109375 0.034375 0.02890625
4 0.83828125 0.23671875 0.0125 0.0140625
1 0.79140625 0.87421875 0.04296875 0.13984375
4 0.65625 0.20234375 0.02265625 0.01640625
4 0.38828125 0.490625 0.0296875 0.0234375
4 0.30546875 0.2703125 0.04375 0.0328125
4 0.8265625 0.2296875 0.0125 0.01328125
4 0.60078125 0.2125 0.02265625 0.02109375
4 0.99140625 0.24296875 0.0140625 0.03125
4 0.21796875 0.28203125 0.05234375 0.03125