4 0.58046875 0.40703125 0.1171875 0.0640625
4 0.62890625 0.36640625 0.10234375 0.0453125
1 0.7796875 0.3921875 0.0171875 0.0703125
1 0.259375 0.41953125 0.02734375 0.0921875
1 0.76328125 0.3921875 0.015625 0.071875
4 0.1484375 0.96328125 0.1859375 0.06015625
4 0.1703125 0.72421875 0.15625 0.09609375
4 0.753125 0.3875 0.1203125 0.06171875
4 0.96640625 0.37109375 0.0640625 0.0421875
4 0.88203125 0.3640625 0.1 0.05234375
4 0.4765625 0.33515625 0.04453125 0.0375
4 0.35078125 0.265625 0.02109375 0.025
3 0.35625 0.35234375 0.0171875 0.053125
3 0.29921875 0.34375 0.01328125 0.05
3 0.28203125 0.33984375 0.015625 0.05390625
1 0.396875 0.73984375 0.03828125 0.14453125
1 0.3265625 0.58984375 0.034375 0.15546875
4 0.19921875 0.3328125 0.08203125 0.0453125
3 0.2671875 0.33671875 0.01484375 0.04453125
4 0.30859375 0.240625 0.01796875 0.01796875
4 0.32421875 0.22421875 0.01484375 0.015625
4 0.3515625 0.23125 0.01328125 0.0140625
4 0.365625 0.2953125 0.028125 0.04140625
4 0.37578125 0.309375 0.03203125 0.04375
4 0.3921875 0.32421875 0.03359375 0.046875
4 0.41328125 0.34140625 0.04296875 0.0578125
4 0.509375 0.2828125 0.0296875 0.03671875
4 0.5125 0.38359375 0.11015625 0.05390625