4 0.640625 0.20234375 0.01015625 0.0140625
4 0.28046875 0.25703125 0.03671875 0.0265625
4 0.6515625 0.19765625 0.01484375 0.0140625
4 0.7390625 0.19140625 0.01484375 0.01015625
4 0.96953125 0.20234375 0.00546875 0.01171875
4 0.984375 0.2046875 0.015625 0.01796875
4 0.9609375 0.20546875 0.01171875 0.015625
4 0.953125 0.209375 0.0125 0.0171875
4 0.946875 0.2171875 0.01640625 0.0203125
4 0.96875 0.23671875 0.015625 0.0203125
4 0.834375 0.228125 0.01171875 0.01171875
4 0.60546875 0.21484375 0.01171875 0.01640625
4 0.5890625 0.21796875 0.01953125 0.01328125
4 0.72109375 0.27578125 0.01796875 0.01875
1 0.42265625 0.24609375 0.00546875 0.02109375
1 0.4171875 0.24609375 0.0046875 0.02109375
4 0.5671875 0.21953125 0.02421875 0.01484375
4 0.95390625 0.24765625 0.021875 0.02578125
4 0.690625 0.30859375 0.02578125 0.02890625
4 0.5515625 0.34921875 0.03359375 0.03125
4 0.46875 0.38671875 0.0421875 0.03984375
4 0.2578125 0.54296875 0.07578125 0.04296875
4 0.30546875 0.46328125 0.059375 0.04765625
4 0.64140625 0.309375 0.0296875 0.02734375
4 0.071875 0.3125 0.0640625 0.03359375
4 0.14453125 0.29765625 0.0640625 0.02890625
4 0.34375 0.25703125 0.0484375 0.03125
4 0.98046875 0.215625 0.0125 0.01484375
1 0.790625 0.87421875 0.04375 0.14375