4 0.32734375 0.540625 0.02265625 0.021875
4 0.60546875 0.68828125 0.0609375 0.03828125
4 0.7375 0.5171875 0.0453125 0.021875
4 0.6 0.72109375 0.065625 0.04140625
4 0.459375 0.61328125 0.03515625 0.034375
1 0.08203125 0.74765625 0.02421875 0.09609375
4 0.38984375 0.60390625 0.03828125 0.0296875
1 0.165625 0.91484375 0.01875 0.09609375
4 0.7375 0.96875 0.15625 0.05859375
4 0.30078125 0.553125 0.0203125 0.021875
4 0.6546875 0.52265625 0.0296875 0.01875
4 0.19140625 0.49375 0.01953125 0.01640625
4 0.50390625 0.4921875 0.0328125 0.02109375
4 0.07265625 0.54140625 0.0359375 0.0453125
4 0.06171875 0.48671875 0.021875 0.0265625
4 0.0671875 0.50078125 0.0234375 0.02890625
4 0.1453125 0.46640625 0.0140625 0.0140625
4 0.2484375 0.50234375 0.01484375 0.0125