1 0.9421875 0.50625 0.00859375 0.01953125
1 0.81328125 0.72421875 0.0296875 0.12421875
4 0.49375 0.36796875 0.01484375 0.0140625
4 0.459375 0.371875 0.015625 0.0140625
4 0.5953125 0.3984375 0.01171875 0.01171875
4 0.73203125 0.38828125 0.015625 0.0171875
4 0.359375 0.3921875 0.02265625 0.0203125
4 0.30234375 0.40078125 0.02265625 0.0203125
4 0.25625 0.41328125 0.03359375 0.02265625
4 0.534375 0.41875 0.015625 0.0125
4 0.08359375 0.44453125 0.03828125 0.02890625
4 0.51875 0.43671875 0.01640625 0.0171875
4 0.4296875 0.48515625 0.02421875 0.02578125
4 0.39296875 0.4875 0.02578125 0.02109375
4 0.22421875 0.56171875 0.0421875 0.034375
4 0.0109375 0.459375 0.02109375 0.02265625
4 0.0390625 0.4546875 0.04296875 0.0265625
4 0.2234375 0.415625 0.0296875 0.0203125
4 0.321875 0.3984375 0.015625 0.01640625
4 0.39140625 0.384375 0.0140625 0.0140625
4 0.40390625 0.37890625 0.01484375 0.0125
4 0.47109375 0.37109375 0.01015625 0.01328125
4 0.5921875 0.39296875 0.009375 0.01015625
4 0.61328125 0.38125 0.009375 0.00859375
4 0.61875 0.3875 0.01015625 0.009375
4 0.61328125 0.3984375 0.01171875 0.01015625
4 0.56484375 0.4046875 0.01171875 0.0109375
4 0.56328125 0.415625 0.01328125 0.0109375
4 0.5484375 0.41171875 0.0109375 0.0140625
4 0.7171875 0.35 0.00703125 0.009375
4 0.7140625 0.3546875 0.00859375 0.0109375
4 0.73671875 0.3671875 0.01484375 0.0328125
1 0.97421875 0.52890625 0.0078125 0.02578125
4 0.4875 0.50078125 0.02578125 0.02265625
4 0.93671875 0.45078125 0.01953125 0.03125