4 0.071875 0.275 0.01015625 0.01484375
4 0.05390625 0.2609375 0.009375 0.009375
1 0.50390625 0.43203125 0.01484375 0.0703125
1 0.12421875 0.8125 0.053125 0.1546875
4 0.48671875 0.403125 0.1046875 0.04765625
4 0.9703125 0.36796875 0.05703125 0.034375
4 0.68828125 0.36875 0.24296875 0.11484375
4 0.08203125 0.2828125 0.01171875 0.0125
1 0.04375 0.66328125 0.0421875 0.1609375
1 0.4859375 0.43046875 0.0171875 0.07265625
4 0.22890625 0.32109375 0.03125 0.05859375
4 0.015625 0.28203125 0.01171875 0.0109375