1 0.546875 0.365625 0.00859375 0.02265625
4 0.84765625 0.41875 0.028125 0.02890625
4 0.94921875 0.390625 0.01875 0.02734375
4 0.02734375 0.94921875 0.0546875 0.0953125
4 0.53046875 0.621875 0.078125 0.05625
1 0.6125 0.35859375 0.00859375 0.02109375
1 0.6296875 0.35625 0.00703125 0.02109375
1 0.71015625 0.34765625 0.00546875 0.01640625
1 0.72421875 0.34296875 0.00546875 0.01875
4 0.7328125 0.51015625 0.05703125 0.05859375
4 0.93828125 0.41875 0.02265625 0.02109375
4 0.89609375 0.4 0.02734375 0.0296875
4 0.72421875 0.47578125 0.0375 0.028125
4 0.53125 0.58359375 0.06015625 0.05234375
4 0.22578125 0.41875 0.075 0.04609375
4 0.87890625 0.428125 0.025 0.02265625
4 0.35546875 0.38828125 0.16328125 0.0890625
4 0.67109375 0.5203125 0.04921875 0.0375
4 0.8515625 0.321875 0.02109375 0.01875