4 0.6234375 0.390625 0.0265625 0.0265625
4 0.3546875 0.75625 0.265625 0.1625
4 0.19609375 0.57265625 0.0796875 0.04140625
4 0.42109375 0.54453125 0.046875 0.04765625
4 0.70703125 0.5625 0.1109375 0.10859375
4 0.62421875 0.47890625 0.04140625 0.03359375
4 0.78203125 0.38125 0.02421875 0.02109375
4 0.80703125 0.3375 0.01953125 0.01640625
4 0.01796875 0.35703125 0.03515625 0.08515625
4 0.83203125 0.309375 0.01171875 0.01484375
4 0.86796875 0.30234375 0.0171875 0.01640625
1 0.44453125 0.303125 0.00546875 0.01484375
1 0.46328125 0.29921875 0.00546875 0.02265625
1 0.55703125 0.28828125 0.00546875 0.01875
1 0.54140625 0.28828125 0.00546875 0.01875
4 0.1859375 0.3390625 0.0796875 0.06328125
4 0.2140625 0.34765625 0.03828125 0.04453125
4 0.778125 0.33828125 0.0140625 0.01484375
4 0.73828125 0.25859375 0.0171875 0.01328125
4 0.83203125 0.32421875 0.0171875 0.0140625
4 0.81484375 0.3078125 0.0125 0.0140625
4 0.8359375 0.296875 0.01015625 0.01171875
4 0.8515625 0.3125 0.0140625 0.01484375
4 0.94765625 0.3046875 0.02421875 0.0234375
4 0.98828125 0.26328125 0.01328125 0.01640625
4 0.88203125 0.29609375 0.015625 0.015625
4 0.8859375 0.28203125 0.0109375 0.0140625
4 0.87265625 0.2828125 0.009375 0.0125
4 0.825 0.2390625 0.01796875 0.01484375
4 0.8828125 0.4015625 0.04765625 0.04609375
4 0.64453125 0.39921875 0.0296875 0.0265625
4 0.678125 0.36328125 0.02109375 0.02734375
4 0.76640625 0.35625 0.02109375 0.02109375
4 0.7203125 0.35859375 0.03359375 0.0359375
4 0.91953125 0.321875 0.02734375 0.02734375
4 0.109375 0.36171875 0.06796875 0.04296875
4 0.96796875 0.328125 0.0328125 0.0359375
4 0.2984375 0.32890625 0.04921875 0.0421875
0 0.7 0.25703125 0.03984375 0.03125