1 0.81171875 0.953125 0.01015625 0.08984375
4 0.6828125 0.28984375 0.0125 0.01484375
1 0.2890625 0.32265625 0.00625 0.01796875
4 0.52265625 0.36171875 0.01796875 0.0171875
4 0.56875 0.35234375 0.0171875 0.0140625
4 0.69921875 0.39765625 0.03671875 0.03828125
4 0.590625 0.3359375 0.01875 0.02421875
4 0.5734375 0.98203125 0.0125 0.03125
4 0.6265625 0.89765625 0.32109375 0.2
4 0.14140625 0.578125 0.0609375 0.04765625
4 0.5109375 0.51875 0.08359375 0.08359375
4 0.33046875 0.47265625 0.04140625 0.04140625
4 0.371875 0.43203125 0.028125 0.02265625
4 0.78359375 0.325 0.02109375 0.025
4 0.3234375 0.31640625 0.0328125 0.025
1 0.5734375 0.98125 0.0125 0.03359375
1 0.6328125 0.96640625 0.015625 0.0625
4 0.74453125 0.32265625 0.01953125 0.0234375
4 0.721875 0.3109375 0.01796875 0.01796875
1 0.86796875 0.63984375 0.034375 0.12578125
1 0.1703125 0.34140625 0.00546875 0.021875
1 0.28125 0.3234375 0.00625 0.01796875
1 0.17578125 0.340625 0.00546875 0.01953125
4 0.603125 0.42734375 0.0484375 0.0453125
4 0.64453125 0.3875 0.03828125 0.0375
4 0.71015625 0.3671875 0.0328125 0.03046875
4 0.68203125 0.346875 0.028125 0.0328125
4 0.73515625 0.296875 0.01484375 0.0140625
4 0.76796875 0.28515625 0.01328125 0.01328125
4 0.7921875 0.2890625 0.01640625 0.01796875
4 0.75625 0.27890625 0.01015625 0.01171875
4 0.77421875 0.27578125 0.009375 0.0109375
4 0.4171875 0.4109375 0.02890625 0.02578125
4 0.521875 0.42734375 0.02265625 0.0203125
4 0.62578125 0.3359375 0.01484375 0.0140625
4 0.10546875 0.92109375 0.2109375 0.1515625
4 0.20078125 0.51328125 0.04921875 0.03984375
4 0.40859375 0.4359375 0.03046875 0.028125
4 0.47109375 0.38203125 0.03203125 0.03046875
4 0.65546875 0.45 0.06171875 0.0578125
4 0.04296875 0.375 0.046875 0.02890625