4 0.1328125 0.29765625 0.07421875 0.04921875
1 0.7921875 0.875 0.04140625 0.14140625
4 0.85703125 0.22265625 0.02421875 0.02109375
4 0.62890625 0.31171875 0.03671875 0.03125
4 0.3703125 0.49609375 0.06953125 0.05
4 0.71171875 0.3125 0.0265625 0.025
4 0.63515625 0.35703125 0.04921875 0.028125
4 0.971875 0.21484375 0.01640625 0.01484375
4 0.96484375 0.22890625 0.02265625 0.0234375
4 0.7515625 0.1921875 0.01796875 0.01796875
4 0.85078125 0.23984375 0.021875 0.01875
4 0.81875 0.240625 0.01953125 0.01796875
4 0.725 0.27265625 0.021875 0.01875
4 0.74921875 0.275 0.0234375 0.02265625
4 0.7390625 0.29375 0.02890625 0.02109375
1 0.41640625 0.24140625 0.00546875 0.02109375
4 0.45 0.24921875 0.03671875 0.0234375
4 0.31953125 0.2671875 0.05546875 0.03203125
4 0.059375 0.30859375 0.07109375 0.0421875
1 0.4234375 0.24140625 0.00703125 0.0203125
4 0.19296875 0.290625 0.04765625 0.03359375
4 0.725 0.196875 0.01875 0.01484375
4 0.684375 0.20546875 0.025 0.01640625
4 0.62578125 0.21953125 0.0234375 0.0171875
4 0.79453125 0.26640625 0.02421875 0.01640625