4 0.76875 0.41171875 0.01640625 0.01484375
4 0.53515625 0.59609375 0.03828125 0.02890625
4 0.6171875 0.53984375 0.03828125 0.02890625
4 0.7421875 0.45625 0.015625 0.01640625
4 0.5484375 0.4875 0.06796875 0.08359375
4 0.4859375 0.371875 0.02578125 0.02265625
4 0.53515625 0.36484375 0.02734375 0.02109375
4 0.22578125 0.62578125 0.0703125 0.0453125
4 0.8859375 0.46484375 0.01953125 0.04609375
4 0.91796875 0.36640625 0.02421875 0.028125
4 0.965625 0.3453125 0.01640625 0.01875
4 0.97890625 0.32890625 0.0078125 0.00859375
4 0.99296875 0.34296875 0.0109375 0.01640625
4 0.67421875 0.44296875 0.025 0.02421875
4 0.6890625 0.425 0.0171875 0.01875
4 0.72265625 0.4203125 0.0203125 0.01640625
4 0.71796875 0.440625 0.02109375 0.01953125
4 0.7796875 0.43203125 0.0453125 0.03203125
4 0.775 0.3953125 0.015625 0.01796875
4 0.7625 0.39140625 0.0125 0.0140625
4 0.7828125 0.38046875 0.0140625 0.0125
4 0.8 0.39453125 0.0171875 0.01875
4 0.8109375 0.36953125 0.0125 0.01171875
4 0.81953125 0.37578125 0.01171875 0.01015625
4 0.82265625 0.38359375 0.01171875 0.0125
4 0.10078125 0.45859375 0.06953125 0.03671875
4 0.16953125 0.43203125 0.04765625 0.02734375
4 0.203125 0.4296875 0.06953125 0.03203125
4 0.2859375 0.41875 0.0421875 0.02109375
4 0.3765625 0.4015625 0.03828125 0.02109375
4 0.41015625 0.390625 0.025 0.021875
4 0.59453125 0.35390625 0.02109375 0.01171875
4 0.934375 0.390625 0.02109375 0.02734375
4 0.19375 0.66953125 0.06796875 0.04609375
4 0.43203125 0.54375 0.03515625 0.0421875
4 0.68984375 0.48984375 0.03359375 0.02890625
4 0.65390625 0.47421875 0.03203125 0.02265625
4 0.63984375 0.44296875 0.02578125 0.02265625
4 0.06328125 0.44453125 0.0703125 0.03515625
4 0.84453125 0.49609375 0.08125 0.1484375
3 0.146875 0.70234375 0.0265625 0.10390625