4 0.66015625 0.396875 0.02109375 0.02734375
4 0.11640625 0.746875 0.0765625 0.03515625
4 0.1234375 0.68671875 0.028125 0.04375
4 0.22265625 0.68671875 0.059375 0.05234375
4 0.21484375 0.62265625 0.02421875 0.0375
4 0.3859375 0.56484375 0.0328125 0.03359375
4 0.278125 0.559375 0.04296875 0.03515625
4 0.31328125 0.51796875 0.0328125 0.03125
4 0.54921875 0.51484375 0.05859375 0.05390625
4 0.59453125 0.465625 0.03828125 0.03984375
4 0.4703125 0.44921875 0.01953125 0.01484375
4 0.528125 0.43046875 0.0171875 0.01484375
3 0.8 0.60703125 0.02578125 0.07734375
4 0.9359375 0.49140625 0.0203125 0.04609375
3 0.95546875 0.48828125 0.01640625 0.0515625
4 0.70234375 0.378125 0.01328125 0.0171875
4 0.45234375 0.471875 0.02109375 0.02109375
4 0.0828125 0.4375 0.04609375 0.0265625
4 0.378125 0.52890625 0.03984375 0.03359375
4 0.409375 0.490625 0.0265625 0.02265625
4 0.4359375 0.49140625 0.02890625 0.02578125
4 0.49921875 0.43359375 0.01796875 0.01640625
4 0.15625 0.42890625 0.0375 0.025
4 0.55234375 0.4171875 0.0140625 0.0140625
4 0.2203125 0.41796875 0.034375 0.0234375
4 0.58046875 0.403125 0.01328125 0.0125
4 0.69140625 0.3890625 0.01875 0.01796875
4 0.7359375 0.3625 0.0171875 0.0296875
1 0.81328125 0.721875 0.0328125 0.12265625