4 0.446875 0.31171875 0.0359375 0.0296875
4 0.9296875 0.76484375 0.1375 0.19609375
1 0.7640625 0.3953125 0.01328125 0.065625
1 0.328125 0.59296875 0.028125 0.1484375
1 0.3984375 0.73828125 0.0359375 0.1421875
0 0.33828125 0.31953125 0.05703125 0.09375
4 0.78828125 0.35703125 0.0984375 0.05
4 0.3828125 0.2578125 0.025 0.02421875
4 0.40703125 0.27578125 0.0375 0.02890625
4 0.415625 0.33828125 0.05 0.0578125
4 0.484375 0.3390625 0.046875 0.04375
4 0.37578125 0.30703125 0.03671875 0.040625
4 0.846875 0.384375 0.11171875 0.040625
1 0.7796875 0.39453125 0.0140625 0.0671875