4 0.5515625 0.38828125 0.01640625 0.01640625
4 0.55 0.40625 0.0203125 0.0171875
4 0.52890625 0.39765625 0.0265625 0.0265625
4 0.475 0.421875 0.025 0.02421875
4 0.74296875 0.34453125 0.01953125 0.02734375
4 0.7703125 0.35078125 0.02734375 0.03515625
4 0.7125 0.43671875 0.046875 0.05625
4 0.603125 0.49765625 0.0609375 0.05859375
4 0.03671875 0.615625 0.0734375 0.11875
4 0.33125 0.60234375 0.03671875 0.0375
4 0.396875 0.75859375 0.2171875 0.15390625
4 0.43515625 0.33515625 0.01875 0.01640625
4 0.56953125 0.40546875 0.01640625 0.01328125
4 0.57890625 0.3765625 0.01640625 0.0140625
4 0.5828125 0.3859375 0.01484375 0.0140625
4 0.60390625 0.36796875 0.0234375 0.03671875
4 0.65390625 0.34140625 0.02265625 0.03046875
4 0.6359375 0.371875 0.0125 0.0125
4 0.62734375 0.36484375 0.0140625 0.01171875
4 0.59765625 0.4203125 0.06171875 0.05
1 0.9234375 0.90625 0.0171875 0.05
4 0.553125 0.4515625 0.02578125 0.0203125
4 0.23046875 0.37421875 0.04609375 0.02265625
4 0.3171875 0.34765625 0.05546875 0.0375
4 0.0875 0.61328125 0.02890625 0.04375
4 0.19375 0.615625 0.06953125 0.06484375
4 0.2390625 0.53046875 0.04609375 0.04296875
4 0.27109375 0.5515625 0.0484375 0.04296875
4 0.4296875 0.4859375 0.03828125 0.0359375
4 0.028125 0.409375 0.05625 0.040625
4 0.1484375 0.38984375 0.0484375 0.03203125
4 0.396875 0.3296875 0.0328125 0.03515625
4 0.5078125 0.3203125 0.015625 0.01171875
1 0.8375 0.67109375 0.0328125 0.12109375
1 0.76640625 0.94609375 0.0125 0.10390625
1 0.73125 0.98828125 0.01171875 0.01875
4 0.490625 0.4578125 0.02734375 0.0265625
4 0.54609375 0.31171875 0.015625 0.0125
4 0.5765625 0.30703125 0.0140625 0.01328125
4 0.37421875 0.5234375 0.04296875 0.03984375
4 0.3671875 0.48359375 0.05546875 0.07109375
4 0.43671875 0.43203125 0.0375 0.05078125
4 0.4578125 0.45 0.028125 0.0265625