4 0.65078125 0.38359375 0.0140625 0.01796875
4 0.35625 0.4734375 0.08125 0.05546875
4 0.45546875 0.45078125 0.02734375 0.028125
4 0.32109375 0.77265625 0.246875 0.15390625
4 0.3390625 0.59921875 0.046875 0.03515625
4 0.27734375 0.57890625 0.05703125 0.04609375
4 0.096875 0.596875 0.19296875 0.14765625
4 0.59921875 0.54921875 0.07421875 0.07265625
4 0.45859375 0.51015625 0.034375 0.02890625
4 0.546875 0.42109375 0.02265625 0.02109375
4 0.5125 0.40703125 0.02265625 0.02265625
4 0.6828125 0.41171875 0.0328125 0.03515625
1 0.7328125 0.98515625 0.0171875 0.025
1 0.8046875 0.95234375 0.01875 0.09140625
4 0.64375 0.34375 0.01171875 0.01015625
4 0.37421875 0.49375 0.03828125 0.03046875
4 0.47421875 0.421875 0.02734375 0.02265625
4 0.62890625 0.390625 0.02890625 0.02421875
4 0.7421875 0.3421875 0.0171875 0.02109375
4 0.6375 0.35546875 0.0140625 0.0125
4 0.6609375 0.3453125 0.0125 0.01015625
1 0.8375 0.66953125 0.0328125 0.11875
4 0.48515625 0.4578125 0.02890625 0.0234375
4 0.55546875 0.38828125 0.02265625 0.01484375
4 0.5796875 0.37734375 0.0125 0.01015625
4 0.58984375 0.39609375 0.02265625 0.01640625
4 0.62265625 0.35390625 0.01328125 0.01328125
4 0.759375 0.359375 0.0265625 0.02734375
4 0.78515625 0.3375 0.01875 0.02109375
4 0.41796875 0.33203125 0.0328125 0.01875