4 0.45703125 0.52578125 0.04296875 0.03515625
4 0.6359375 0.57109375 0.06875 0.05078125
4 0.73515625 0.653125 0.0828125 0.059375
1 0.2015625 0.94921875 0.02265625 0.09765625
1 0.06875 0.78125 0.0296875 0.1
4 0.11875 0.353125 0.015625 0.01484375
4 0.81171875 0.8296875 0.11328125 0.0890625
4 0.09375 0.3421875 0.01015625 0.0109375
4 0.790625 0.38125 0.07421875 0.0453125
0 0.28828125 0.41484375 0.04765625 0.04140625
4 0.23203125 0.41796875 0.03203125 0.03203125
4 0.7359375 0.35078125 0.02421875 0.01953125
4 0.36796875 0.46328125 0.03671875 0.02734375
4 0.2953125 0.496875 0.0390625 0.02890625