4 0.09609375 0.94921875 0.19140625 0.09765625
4 0.503125 0.70234375 0.10234375 0.11640625
4 0.228125 0.61796875 0.05546875 0.04765625
4 0.696875 0.44609375 0.03515625 0.03359375
4 0.53984375 0.41328125 0.0140625 0.01484375
4 0.27734375 0.41015625 0.0328125 0.02109375
4 0.559375 0.40390625 0.01171875 0.0125
4 0.23125 0.409375 0.03125 0.02265625
4 0.66953125 0.38828125 0.015625 0.01484375
4 0.7359375 0.3625 0.0171875 0.03359375
4 0.69921875 0.36171875 0.01015625 0.0109375
4 0.36953125 0.38671875 0.0203125 0.01484375
4 0.32890625 0.39296875 0.02265625 0.0171875
4 0.503125 0.44296875 0.0125 0.0140625
4 0.5125 0.453125 0.0171875 0.01875
4 0.70859375 0.37421875 0.01484375 0.01484375
4 0.68984375 0.3734375 0.01328125 0.0140625
1 0.8140625 0.72109375 0.03125 0.12109375
4 0.2875 0.53125 0.03828125 0.03125
4 0.35234375 0.528125 0.0328125 0.0375
4 0.4296875 0.478125 0.02734375 0.02734375
4 0.1890625 0.58984375 0.0484375 0.040625
4 0.69140625 0.39921875 0.01875 0.01796875
4 0.51484375 0.48125 0.0171875 0.01640625
4 0.08203125 0.4390625 0.04375 0.028125
4 0.70703125 0.35703125 0.01171875 0.01484375
4 0.71484375 0.365625 0.01015625 0.0125