1 0.51484375 0.23046875 0.00625 0.01484375
1 0.790625 0.87265625 0.04375 0.14140625
4 0.9359375 0.25546875 0.028125 0.03125
4 0.6921875 0.29140625 0.0296875 0.03359375
4 0.12109375 0.29765625 0.0625 0.0375
4 0.05234375 0.3125 0.06796875 0.0375
4 0.8546875 0.34609375 0.05234375 0.04609375
4 0.80703125 0.43984375 0.0765625 0.08359375
4 0.95859375 0.20546875 0.01484375 0.0171875
4 0.98203125 0.1828125 0.01015625 0.0140625
4 0.99453125 0.2359375 0.00859375 0.0234375
4 0.83203125 0.2265625 0.0109375 0.01328125
4 0.79921875 0.2421875 0.0109375 0.01171875
4 0.76875 0.253125 0.0125 0.0125
4 0.7171875 0.28984375 0.01953125 0.01953125
4 0.3078125 0.26640625 0.0265625 0.0234375
4 0.34296875 0.25859375 0.0328125 0.02109375
4 0.371875 0.25 0.0234375 0.0296875
1 0.4171875 0.2453125 0.0046875 0.01640625
1 0.521875 0.22734375 0.0046875 0.0171875
1 0.53046875 0.22734375 0.0046875 0.01875
4 0.5875 0.21484375 0.01484375 0.0140625
4 0.2578125 0.4828125 0.06328125 0.04375
4 0.3984375 0.41328125 0.05546875 0.03984375
4 0.49921875 0.4 0.04296875 0.0296875
4 0.5640625 0.38984375 0.0375 0.03203125
4 0.6328125 0.3296875 0.028125 0.02890625
4 0.2609375 0.2703125 0.03515625 0.03046875
4 0.65234375 0.19921875 0.02109375 0.0203125
3 0.40390625 0.58359375 0.0234375 0.12890625
1 0.42265625 0.24296875 0.00546875 0.0171875