4 0.4375 0.34765625 0.02734375 0.01796875
4 0.1734375 0.36796875 0.01328125 0.01328125
4 0.1859375 0.37421875 0.0109375 0.01328125
4 0.20703125 0.38515625 0.03203125 0.04375
4 0.2296875 0.3921875 0.015625 0.01484375
4 0.24921875 0.40390625 0.0203125 0.0140625
4 0.19296875 0.42421875 0.04609375 0.03359375
4 0.24296875 0.42890625 0.025 0.025
4 0.34453125 0.48671875 0.0359375 0.03359375
4 0.32109375 0.43359375 0.021875 0.021875
4 0.67421875 0.6703125 0.06484375 0.05390625
4 0.690625 0.6328125 0.06796875 0.053125
4 0.69609375 0.59765625 0.06484375 0.040625
4 0.97734375 0.75 0.04296875 0.05078125
4 0.8390625 0.39375 0.05234375 0.0328125
4 0.796875 0.3828125 0.05234375 0.03125
4 0.8125 0.38984375 0.03671875 0.02421875
4 0.76328125 0.3828125 0.02109375 0.0265625
4 0.73515625 0.3671875 0.04140625 0.0234375
4 0.73515625 0.35234375 0.028125 0.0140625
4 0.696875 0.3546875 0.040625 0.021875
4 0.6875 0.38046875 0.046875 0.0203125
4 0.62734375 0.36640625 0.04609375 0.0234375
4 0.5984375 0.36171875 0.028125 0.021875
4 0.55390625 0.3515625 0.02890625 0.02109375
4 0.4609375 0.35234375 0.02890625 0.01796875
4 0.39765625 0.34140625 0.0234375 0.01796875
4 0.37109375 0.33671875 0.01953125 0.01796875
4 0.3265625 0.3234375 0.028125 0.02421875
4 0.15859375 0.29296875 0.01875 0.01796875
4 0.68828125 0.74765625 0.234375 0.190625
4 0.28828125 0.4859375 0.03671875 0.0265625
4 0.39296875 0.46875 0.12421875 0.10703125
4 0.1515625 0.35703125 0.0125 0.0140625
4 0.0796875 0.34453125 0.01640625 0.01484375
4 0.5109375 0.3546875 0.05234375 0.04609375
4 0.48125 0.56171875 0.05703125 0.03984375
4 0.1640625 0.48359375 0.06640625 0.06640625
4 0.9515625 0.4375 0.065625 0.0375
4 0.878125 0.42109375 0.065625 0.0375
4 0.00390625 0.34375 0.0078125 0.025
1 0.21328125 0.94765625 0.0171875 0.1
1 0.0796875 0.77890625 0.02578125 0.09140625