4 0.25078125 0.20234375 0.01875 0.01640625
1 0.2671875 0.90234375 0.04296875 0.15390625
1 0.8078125 0.725 0.0328125 0.11640625
4 0.11484375 0.31484375 0.03125 0.03359375
4 0.18984375 0.2734375 0.02265625 0.0234375
4 0.3234375 0.165625 0.0140625 0.0109375
4 0.34375 0.16328125 0.0078125 0.00859375
4 0.021875 0.1703125 0.02421875 0.02109375
4 0.0921875 0.15625 0.02265625 0.0171875
4 0.33671875 0.19765625 0.0125 0.00703125
4 0.328125 0.20390625 0.01328125 0.0078125
4 0.503125 0.1203125 0.01171875 0.0125
4 0.440625 0.14765625 0.0171875 0.01640625
4 0.01171875 0.32734375 0.02265625 0.04140625
4 0.721875 0.309375 0.3 0.11640625
4 0.8796875 0.2375 0.06015625 0.04296875
3 0.91953125 0.23671875 0.0140625 0.04375
4 0.8234375 0.19765625 0.0390625 0.03828125
4 0.78203125 0.19609375 0.03125 0.03359375
4 0.346875 0.24765625 0.04609375 0.0453125
4 0.48984375 0.175 0.02421875 0.0328125
4 0.4921875 0.15390625 0.0171875 0.01953125
4 0.49296875 0.140625 0.0125 0.00859375
4 0.45234375 0.1328125 0.01328125 0.015625
4 0.459375 0.12421875 0.01015625 0.01328125
4 0.47734375 0.125 0.01171875 0.0125
4 0.484375 0.11484375 0.009375 0.0109375
4 0.50078125 0.13203125 0.0125 0.015625
4 0.31328125 0.37890625 0.08671875 0.09609375
4 0.94609375 0.60546875 0.10546875 0.15625
4 0.29921875 0.1796875 0.01171875 0.01171875
1 0.58046875 0.4734375 0.0328125 0.12109375
1 0.696875 0.85390625 0.60078125 0.2875
4 0.39296875 0.15703125 0.021875 0.02109375
4 0.06875 0.16171875 0.0265625 0.02109375
4 0.31484375 0.21875 0.0296875 0.025
4 0.378125 0.29609375 0.05703125 0.06796875
4 0.259375 0.25703125 0.01640625 0.01875
4 0.21484375 0.2921875 0.02421875 0.0234375
4 0.1640625 0.32578125 0.01875 0.02109375
4 0.12109375 0.36171875 0.0359375 0.0328125
4 0.04296875 0.42734375 0.04921875 0.03359375
4 0.30546875 0.1859375 0.01796875 0.01328125
4 0.18984375 0.24921875 0.01875 0.01875