4 0.74765625 0.2765625 0.0265625 0.021875
4 0.1265625 0.30234375 0.05703125 0.02578125
4 0.63125 0.31640625 0.0328125 0.0265625
4 0.3328125 0.51796875 0.0765625 0.04296875
4 0.21484375 0.896875 0.40078125 0.20234375
4 0.3109375 0.4859375 0.07265625 0.04765625
4 0.34765625 0.25546875 0.03984375 0.025
4 0.2640625 0.271875 0.05859375 0.0359375
4 0.35546875 0.7 0.26875 0.15859375
4 0.71484375 0.471875 0.08984375 0.08984375
4 0.62265625 0.40625 0.0296875 0.025
4 0.83046875 0.34765625 0.05 0.04609375
4 0.06796875 0.309375 0.05390625 0.03515625
1 0.790625 0.871875 0.04375 0.13984375
4 0.615625 0.209375 0.03203125 0.01953125
4 0.3046875 0.28046875 0.06484375 0.02890625