1 0.58046875 0.471875 0.0296875 0.11796875
4 0.86796875 0.23515625 0.06640625 0.04296875
3 0.84375 0.2296875 0.01015625 0.04921875
1 0.68828125 0.7453125 0.015625 0.1046875
4 0.85625 0.40859375 0.1671875 0.08984375
4 0.821875 0.190625 0.04296875 0.04296875
4 0.7828125 0.19296875 0.0296875 0.03359375
4 0.49609375 0.1375 0.01640625 0.01875
4 0.47265625 0.1296875 0.0125 0.0140625
4 0.48671875 0.12421875 0.01171875 0.0140625
4 0.3390625 0.1515625 0.01015625 0.00859375
4 0.3140625 0.1859375 0.0234375 0.01640625
4 0.28046875 0.1796875 0.0140625 0.01328125
4 0.18359375 0.13515625 0.0171875 0.009375
4 0.2359375 0.12109375 0.01484375 0.01484375
4 0.32578125 0.0953125 0.015625 0.021875
4 0.07421875 0.38984375 0.1125 0.09140625
4 0.20703125 0.23515625 0.0296875 0.025
4 0.0828125 0.15703125 0.03515625 0.02265625
4 0.125 0.14453125 0.01953125 0.01875
4 0.45546875 0.121875 0.015625 0.01875
1 0.2640625 0.9 0.04296875 0.15
1 0.68984375 0.840625 0.61796875 0.31484375
4 0.15 0.24921875 0.0296875 0.02265625
4 0.22890625 0.20546875 0.02265625 0.01875