1 0.26015625 0.41875 0.028125 0.1
3 0.2984375 0.34609375 0.0140625 0.05
3 0.27265625 0.41640625 0.01953125 0.06640625
4 0.496875 0.55625 0.11328125 0.11640625
4 0.90625 0.76328125 0.184375 0.21015625
4 0.13984375 0.97109375 0.21171875 0.05390625
1 0.76328125 0.3953125 0.015625 0.06953125
1 0.328125 0.59140625 0.028125 0.14921875
4 0.24609375 0.7234375 0.11640625 0.06484375
4 0.2 0.33359375 0.0765625 0.0453125
4 0.33828125 0.24609375 0.0171875 0.01953125
4 0.33125 0.2390625 0.01328125 0.01640625
4 0.32890625 0.221875 0.015625 0.01875
4 0.3625 0.2375 0.015625 0.0171875
4 0.37734375 0.2484375 0.01640625 0.0171875
4 0.34375 0.321875 0.03359375 0.034375
4 0.38203125 0.25625 0.0171875 0.0203125
4 0.4359375 0.2953125 0.0375 0.03828125
4 0.4578125 0.3359375 0.05390625 0.04453125
4 0.5078125 0.271875 0.03125 0.05703125
4 0.62578125 0.3859375 0.11796875 0.0515625
4 0.64609375 0.44453125 0.09765625 0.08046875
1 0.778125 0.39375 0.01484375 0.06953125
4 0.7921875 0.5140625 0.14453125 0.09296875
4 0.715625 0.58984375 0.1609375 0.1609375
4 0.653125 0.7046875 0.190625 0.19921875
4 0.96328125 0.3671875 0.07109375 0.04609375
4 0.18125 0.77734375 0.16953125 0.10390625
4 0.871875 0.3796875 0.11015625 0.03515625
4 0.5515625 0.3515625 0.10078125 0.05390625
4 0.3484375 0.34609375 0.04140625 0.04140625
4 0.40078125 0.27109375 0.0265625 0.0265625
4 0.35078125 0.265625 0.0203125 0.01953125
1 0.39765625 0.73984375 0.04296875 0.146875