4 0.86640625 0.31015625 0.05625 0.06171875
3 0.93671875 0.64921875 0.03515625 0.10390625
3 0.146875 0.4 0.02265625 0.0484375
1 0.6984375 0.51875 0.02578125 0.06796875
4 0.5953125 0.27421875 0.03203125 0.02890625
4 0.625 0.26328125 0.02890625 0.02890625
4 0.65 0.25625 0.021875 0.02578125
1 0.48828125 0.4734375 0.11484375 0.12421875
1 0.52734375 0.5015625 0.0203125 0.065625
1 0.7453125 0.5265625 0.10546875 0.11640625
4 0.00703125 0.38515625 0.0140625 0.0484375
4 0.015625 0.340625 0.03125 0.04140625
3 0.09296875 0.42265625 0.021875 0.0640625
4 0.653125 0.903125 0.36328125 0.1875
3 0.50703125 0.5328125 0.03671875 0.09375
4 0.45 0.32890625 0.0578125 0.04296875
4 0.5046875 0.309375 0.0515625 0.040625
4 0.55234375 0.2890625 0.0484375 0.0375
1 0.41875 0.4921875 0.0234375 0.071875
4 0.67890625 0.2515625 0.02265625 0.021875
4 0.37578125 0.359375 0.07578125 0.05859375