4 0.25390625 0.32890625 0.0671875 0.04296875
1 0.76796875 0.52109375 0.096875 0.125
4 0.5421875 0.2171875 0.0265625 0.02265625
4 0.3703125 0.24765625 0.028125 0.02421875
4 0.3640625 0.29609375 0.0640625 0.03046875
4 0.35390625 0.3625 0.08203125 0.059375
4 0.74453125 0.2203125 0.02109375 0.02578125
1 0.7109375 0.52734375 0.0234375 0.06484375
1 0.4171875 0.49453125 0.02421875 0.06328125
4 0.81015625 0.1953125 0.01328125 0.015625
3 0.88828125 0.5796875 0.03671875 0.1109375
4 0.01015625 0.33515625 0.01953125 0.03828125
4 0.05 0.3453125 0.0625 0.0359375
4 0.0484375 0.303125 0.04296875 0.01953125
1 0.48984375 0.5109375 0.0203125 0.0734375
1 0.47421875 0.48046875 0.1171875 0.1328125