3 0.896875 0.4890625 0.021875 0.084375
3 0.87421875 0.4890625 0.021875 0.084375
3 0.8546875 0.496875 0.01484375 0.05625
4 0.959375 0.740625 0.07578125 0.1359375
1 0.75078125 0.5171875 0.103125 0.09765625
1 0.52890625 0.50078125 0.0234375 0.0671875
1 0.48515625 0.47265625 0.11875 0.12734375
4 0.04765625 0.29453125 0.04765625 0.02734375
4 0.08046875 0.2875 0.03046875 0.02890625
4 0.2359375 0.25703125 0.040625 0.02734375
4 0.3640625 0.2953125 0.06171875 0.03359375
4 0.28359375 0.321875 0.06796875 0.0375
3 0.07421875 0.36796875 0.01328125 0.04375
4 0.34765625 0.36484375 0.0765625 0.0546875
4 0.64765625 0.2578125 0.06015625 0.03359375
4 0.80390625 0.2046875 0.0171875 0.0203125
1 0.6921875 0.528125 0.01875 0.07109375
1 0.41640625 0.49375 0.02109375 0.0703125