3 0.30703125 0.49453125 0.028125 0.09296875
1 0.690625 0.5265625 0.02265625 0.075
1 0.4171875 0.496875 0.0234375 0.06796875
4 0.24453125 0.328125 0.08984375 0.0453125
4 0.63515625 0.26015625 0.0453125 0.03125
4 0.77890625 0.2140625 0.02265625 0.021875
4 0.46640625 0.26953125 0.06328125 0.028125
4 0.34921875 0.42578125 0.115625 0.07421875
4 0.6296875 0.3 0.04921875 0.0390625
4 0.78046875 0.2375 0.02421875 0.025
3 0.12578125 0.403125 0.0171875 0.05859375
4 0.75234375 0.2234375 0.02265625 0.0203125
3 0.6375 0.23046875 0.0078125 0.0234375
4 0.4890625 0.31015625 0.06015625 0.04921875
3 0.346875 0.33203125 0.01328125 0.04765625
4 0.2765625 0.31796875 0.0703125 0.040625
4 0.00546875 0.27734375 0.0109375 0.0234375
4 0.05859375 0.2609375 0.02890625 0.0171875
1 0.528125 0.5 0.02734375 0.07421875
1 0.4890625 0.47890625 0.11328125 0.10234375
1 0.7453125 0.525 0.09921875 0.12109375
4 0.19375 0.4234375 0.1140625 0.08828125