3 0.37890625 0.29375 0.009375 0.03515625
4 0.03828125 0.24375 0.02734375 0.01640625
3 0.24765625 0.3328125 0.01328125 0.03515625
3 0.221875 0.3359375 0.01328125 0.0390625
4 0.42578125 0.271875 0.08125 0.0359375
4 0.79375 0.19765625 0.025 0.028125
4 0.46015625 0.31875 0.06796875 0.0546875
4 0.3625 0.3609375 0.07734375 0.0609375
4 0.22421875 0.25234375 0.04609375 0.021875
4 0.00703125 0.2796875 0.0140625 0.0171875
4 0.0578125 0.26484375 0.0359375 0.021875
3 0.0265625 0.396875 0.01171875 0.06171875
1 0.475 0.4734375 0.1 0.125
1 0.5265625 0.5 0.02734375 0.06796875
1 0.69296875 0.5265625 0.02578125 0.075
3 0.14140625 0.39453125 0.02109375 0.03828125
1 0.41796875 0.4921875 0.02109375 0.0671875
1 0.74609375 0.51875 0.10546875 0.11484375
4 0.07109375 0.61796875 0.1421875 0.125
4 0.3265625 0.3046875 0.05859375 0.03359375
3 0.06484375 0.3125 0.0125 0.040625
3 0.33828125 0.328125 0.01484375 0.04375
3 0.18828125 0.3859375 0.0140625 0.0484375
3 0.0375 0.3953125 0.01171875 0.0578125