3 0.18125 0.39140625 0.01328125 0.06328125
4 0.7609375 0.2171875 0.01796875 0.0203125
4 0.675 0.24453125 0.03046875 0.02265625
4 0.6546875 0.25625 0.02578125 0.02109375
3 0.1453125 0.47890625 0.0203125 0.071875
3 0.13828125 0.41328125 0.01328125 0.06796875
3 0.15546875 0.41015625 0.021875 0.06640625
3 0.19765625 0.38671875 0.01875 0.0609375
4 0.0578125 0.2640625 0.03203125 0.021875
4 0.00703125 0.3875 0.0140625 0.0453125
4 0.40859375 0.71953125 0.2765625 0.2015625
4 0.87421875 0.3125 0.03046875 0.0390625
0 0.38984375 0.32265625 0.17734375 0.125
3 0.16875 0.48828125 0.0234375 0.078125
1 0.696875 0.51796875 0.02421875 0.06484375
1 0.4171875 0.49140625 0.0234375 0.071875
3 0.065625 0.3625 0.0171875 0.05234375
1 0.5265625 0.49921875 0.025 0.0671875
1 0.48671875 0.4703125 0.11484375 0.11640625
1 0.74296875 0.52421875 0.10390625 0.11640625
0 0.54453125 0.278125 0.14140625 0.10546875
4 0.878125 0.28125 0.0328125 0.03515625
4 0.89765625 0.26953125 0.02421875 0.02890625
4 0.7171875 0.23203125 0.0265625 0.02421875
4 0.74296875 0.225 0.02421875 0.02265625