4 0.31328125 0.37578125 0.078125 0.0625
4 0.91015625 0.25 0.0171875 0.0234375
4 0.88125 0.27890625 0.0359375 0.03671875
1 0.76171875 0.515625 0.096875 0.13125
1 0.47734375 0.46953125 0.11328125 0.1140625
1 0.48984375 0.50390625 0.0265625 0.071875
4 0.48203125 0.259375 0.034375 0.0234375
3 0.08515625 0.4359375 0.02265625 0.0796875
4 0.1421875 0.45859375 0.11328125 0.090625
3 0.03125 0.45234375 0.01796875 0.078125
3 0.0484375 0.43359375 0.01875 0.06875
3 0.00859375 0.3921875 0.01640625 0.0546875
4 0.0140625 0.33828125 0.028125 0.0484375
4 0.03359375 0.3265625 0.03828125 0.034375
4 0.08828125 0.32890625 0.06484375 0.04296875
4 0.215625 0.2984375 0.03203125 0.0328125
4 0.21875 0.25703125 0.03671875 0.0234375
4 0.25234375 0.32578125 0.07109375 0.0375
4 0.30625 0.3078125 0.06875 0.04296875
4 0.0296875 0.278125 0.034375 0.01875
4 0.08125 0.578125 0.16171875 0.128125
4 0.75078125 0.23046875 0.02578125 0.021875
4 0.36171875 0.40546875 0.0921875 0.071875
4 0.4578125 0.31796875 0.0609375 0.04453125
4 0.87578125 0.3078125 0.03203125 0.0421875
4 0.71875 0.2421875 0.03125 0.02890625
4 0.61640625 0.2625 0.034375 0.03515625
3 0.01015625 0.44609375 0.01953125 0.065625
1 0.709375 0.52421875 0.025 0.0734375
1 0.41640625 0.48828125 0.02421875 0.06796875
4 0.45 0.2703125 0.04921875 0.0265625
4 0.66640625 0.2453125 0.0328125 0.03203125