1 0.41640625 0.50234375 0.02578125 0.065625
4 0.00546875 0.38984375 0.0109375 0.0484375
3 0.07890625 0.4390625 0.01796875 0.06328125
1 0.528125 0.50703125 0.025 0.06484375
1 0.475 0.47734375 0.09453125 0.11875
1 0.74609375 0.528125 0.0984375 0.12109375
4 0.9171875 0.23359375 0.02265625 0.02109375
3 0.3453125 0.503125 0.03125 0.08359375
3 0.25 0.50859375 0.028125 0.08671875
3 0.875 0.5953125 0.03984375 0.121875
4 0.24453125 0.4078125 0.05078125 0.065625
4 0.3375 0.37734375 0.0734375 0.06796875
4 0.690625 0.2359375 0.03203125 0.02421875
4 0.90546875 0.25625 0.02734375 0.021875
4 0.8546875 0.19296875 0.0171875 0.01875
3 0.06640625 0.4640625 0.0171875 0.0625
1 0.6921875 0.53046875 0.021875 0.07265625