4 0.559375 0.2859375 0.0484375 0.046875
4 0.26796875 0.44453125 0.11015625 0.08359375
3 0.06875 0.3140625 0.01171875 0.02890625
4 0.0140625 0.3421875 0.028125 0.04140625
4 0.90859375 0.25625 0.0203125 0.0234375
4 0.78515625 0.27265625 0.03671875 0.04609375
4 0.896875 0.27421875 0.02734375 0.02890625
1 0.75703125 0.51328125 0.08125 0.11796875
1 0.48828125 0.5078125 0.02578125 0.0671875
1 0.47890625 0.48125 0.11875 0.1078125
1 0.41875 0.4953125 0.021875 0.0671875
1 0.71015625 0.53125 0.025 0.06953125
3 0.8734375 0.4625 0.0265625 0.07578125
4 0.69375 0.24453125 0.028125 0.02109375
4 0.759375 0.29375 0.04765625 0.03828125