4 0.45390625 0.34453125 0.0453125 0.02265625
4 0.4203125 0.37265625 0.04453125 0.028125
4 0.52734375 0.38828125 0.04765625 0.0296875
4 0.5828125 0.39453125 0.05859375 0.040625
3 0.87421875 0.5921875 0.02421875 0.07578125
4 0.98046875 0.4203125 0.03359375 0.05625
4 0.79140625 0.35078125 0.0484375 0.02578125
4 0.76015625 0.32890625 0.03984375 0.0265625
4 0.79140625 0.32421875 0.0390625 0.0234375
4 0.0203125 0.40390625 0.034375 0.03203125
4 0.02890625 0.4140625 0.01875 0.02734375
4 0.0578125 0.421875 0.03671875 0.04140625
4 0.0734375 0.4375 0.03515625 0.04296875
4 0.09921875 0.459375 0.04609375 0.0453125
4 0.1578125 0.496875 0.06484375 0.06875
1 0.9640625 0.584375 0.06640625 0.10703125
3 0.53515625 0.46875 0.0140625 0.06953125
3 0.47578125 0.4703125 0.01484375 0.05234375
3 0.37578125 0.5140625 0.02109375 0.0765625
3 0.66171875 0.52265625 0.02734375 0.07265625
3 0.896875 0.590625 0.02421875 0.096875
3 0.04140625 0.9203125 0.0515625 0.153125
0 0.7984375 0.4421875 0.328125 0.1703125
3 0.725 0.36484375 0.01640625 0.03828125
0 0.04375 0.74453125 0.0875 0.2671875
4 0.5828125 0.32265625 0.0296875 0.02421875
4 0.55625 0.328125 0.0328125 0.0203125
3 0.075 0.60625 0.03125 0.07265625
3 0.02421875 0.6125 0.02578125 0.065625
4 0.6046875 0.32109375 0.02578125 0.02265625
4 0.51484375 0.334375 0.03671875 0.02265625
4 0.61953125 0.31953125 0.034375 0.02421875
4 0.39765625 0.34921875 0.03203125 0.0234375
4 0.31953125 0.35625 0.034375 0.02734375
4 0.3484375 0.35703125 0.02421875 0.01640625
4 0.35859375 0.334375 0.025 0.0125
4 0.19921875 0.37109375 0.05078125 0.034375
4 0.0578125 0.49453125 0.0640625 0.0796875