1 0.7109375 0.525 0.028125 0.078125
4 0.01171875 0.3453125 0.02265625 0.034375
4 0.31640625 0.3015625 0.08828125 0.04140625
4 0.3734375 0.35859375 0.08671875 0.0515625
4 0.44921875 0.3265625 0.06796875 0.0421875
4 0.90859375 0.24296875 0.021875 0.01953125
4 0.5078125 0.309375 0.05234375 0.04296875
4 0.82265625 0.19609375 0.021875 0.01796875
4 0.85 0.36875 0.053125 0.06171875
2 0.88828125 0.390625 0.028125 0.071875
4 0.5609375 0.28359375 0.059375 0.0421875
4 0.61328125 0.271875 0.04609375 0.03125
4 0.64921875 0.25859375 0.03125 0.02421875
1 0.48984375 0.5046875 0.025 0.07421875
1 0.48046875 0.46953125 0.1109375 0.11953125
1 0.76953125 0.52265625 0.09375 0.13671875
4 0.87265625 0.31328125 0.04296875 0.04296875
4 0.88828125 0.2796875 0.03203125 0.03671875
4 0.89609375 0.25234375 0.01953125 0.0203125
1 0.4171875 0.49296875 0.0234375 0.07265625