4 0.28515625 0.27890625 0.05625 0.02890625
1 0.48203125 0.46875 0.11171875 0.121875
1 0.48984375 0.50703125 0.0265625 0.0703125
4 0.8375 0.18984375 0.01640625 0.01640625
4 0.8921875 0.2796875 0.0328125 0.03046875
4 0.89765625 0.25703125 0.025 0.02109375
3 0.01015625 0.46875 0.01953125 0.0765625
1 0.76953125 0.51875 0.096875 0.121875
1 0.41640625 0.49296875 0.021875 0.065625
1 0.7109375 0.5265625 0.025 0.075
4 0.82265625 0.19453125 0.0171875 0.01484375
4 0.35859375 0.3015625 0.0671875 0.03359375
4 0.0140625 0.3421875 0.028125 0.04140625