4 0.30390625 0.60234375 0.1703125 0.1078125
4 0.365625 0.41015625 0.0609375 0.04375
4 0.31015625 0.315625 0.02265625 0.01484375
4 0.2953125 0.3125 0.01953125 0.015625
3 0.703125 0.43984375 0.0140625 0.0546875
3 0.6390625 0.4671875 0.01875 0.053125
3 0.65859375 0.459375 0.021875 0.0375
4 0.79921875 0.403125 0.06484375 0.0375
4 0.86328125 0.390625 0.0640625 0.03671875
4 0.91875 0.3765625 0.065625 0.040625
4 0.7546875 0.32890625 0.03828125 0.02109375
4 0.984375 0.35703125 0.025 0.0375
4 0.97265625 0.371875 0.0421875 0.03125
4 0.12578125 0.48359375 0.05546875 0.053125
4 0.0859375 0.4609375 0.04296875 0.05703125
4 0.06796875 0.44140625 0.02890625 0.03984375
4 0.0484375 0.42734375 0.0359375 0.0390625
4 0.03046875 0.41640625 0.02578125 0.0375
4 0.01171875 0.378125 0.02265625 0.02109375
3 0.025 0.60625 0.02890625 0.0875
3 0.47578125 0.46953125 0.01640625 0.0578125
1 0.96484375 0.575 0.06484375 0.10859375
4 0.41796875 0.41953125 0.07109375 0.0484375
4 0.44921875 0.42890625 0.06875 0.040625
4 0.4984375 0.43515625 0.0828125 0.046875
3 0.49375 0.48046875 0.01484375 0.05078125
4 0.3421875 0.3234375 0.028125 0.02734375
4 0.303125 0.3328125 0.0328125 0.01875
4 0.28828125 0.390625 0.06484375 0.04140625
4 0.24453125 0.3875 0.05 0.03125
4 0.21484375 0.3796875 0.059375 0.03046875
4 0.18828125 0.37109375 0.04765625 0.028125
3 0.55 0.49453125 0.01953125 0.065625
4 0.21015625 0.453125 0.0453125 0.05234375
4 0.078125 0.54375 0.07109375 0.0796875