4 0.0171875 0.340625 0.034375 0.04140625
4 0.02578125 0.61640625 0.05078125 0.121875
4 0.00703125 0.3875 0.0140625 0.0484375
4 0.64609375 0.26796875 0.05390625 0.0375
4 0.81328125 0.203125 0.02578125 0.028125
1 0.74453125 0.525 0.10703125 0.11171875
1 0.48828125 0.4765625 0.11640625 0.11640625
1 0.5265625 0.5015625 0.02578125 0.0734375
4 0.2984375 0.46171875 0.1140625 0.090625
4 0.15390625 0.44765625 0.1046875 0.08359375
4 0.50703125 0.33125 0.06640625 0.053125
4 0.596875 0.303125 0.08046875 0.07421875
4 0.7203125 0.24921875 0.05546875 0.0625
4 0.7890625 0.221875 0.02109375 0.021875
4 0.8484375 0.1953125 0.02578125 0.03359375
1 0.7 0.52265625 0.02109375 0.05703125
1 0.41796875 0.496875 0.021875 0.0640625