4 0.88515625 0.284375 0.034375 0.03515625
1 0.74609375 0.52578125 0.09921875 0.1125
1 0.53046875 0.50546875 0.02109375 0.0640625
4 0.475 0.4765625 0.09296875 0.11875
4 0.4875 0.31328125 0.06328125 0.04921875
4 0.54140625 0.2921875 0.04921875 0.04140625
4 0.2296875 0.33671875 0.06171875 0.040625
4 0.54296875 0.24609375 0.04765625 0.028125
4 0.53984375 0.2171875 0.02734375 0.01875
4 0.446875 0.2734375 0.04921875 0.0296875
4 0.40703125 0.28125 0.06953125 0.03359375
4 0.378125 0.28984375 0.0453125 0.03203125
4 0.35 0.2984375 0.040625 0.0296875
4 0.31796875 0.31015625 0.04296875 0.03671875
4 0.2671875 0.32578125 0.0453125 0.02578125
4 0.00390625 0.396875 0.0078125 0.028125
4 0.23046875 0.2875 0.05546875 0.03046875
4 0.21015625 0.3046875 0.03125 0.0296875
4 0.340625 0.36328125 0.0796875 0.0671875
4 0.428125 0.3359375 0.0671875 0.05546875
3 0.0328125 0.465625 0.01953125 0.0625
3 0.05703125 0.40078125 0.021875 0.059375
1 0.69375 0.53203125 0.02109375 0.06640625
1 0.4171875 0.49921875 0.0203125 0.065625
3 0.91328125 0.609375 0.02578125 0.11484375
3 0.86328125 0.61640625 0.028125 0.1078125