4 0.55703125 0.30859375 0.05390625 0.04609375
4 0.67890625 0.24921875 0.02734375 0.02265625
4 0.715625 0.23359375 0.02734375 0.021875
4 0.33984375 0.3734375 0.0765625 0.07265625
4 0.14765625 0.44609375 0.11953125 0.08671875
4 0.45625 0.32265625 0.065625 0.05546875
1 0.41640625 0.49140625 0.021875 0.06875
1 0.68984375 0.52734375 0.021875 0.07578125
4 0.72578125 0.2578125 0.0359375 0.03125
4 0.61875 0.2671875 0.040625 0.03359375
4 0.5265625 0.30078125 0.04765625 0.03515625
4 0.0171875 0.27421875 0.034375 0.0171875
4 0.0703125 0.2875 0.0375 0.025
4 0.11171875 0.2765625 0.028125 0.02265625
4 0.03828125 0.26640625 0.03203125 0.01875
4 0.071875 0.2625 0.02734375 0.0171875
4 0.21171875 0.26328125 0.0265625 0.0203125
4 0.23515625 0.25234375 0.02890625 0.01875
4 0.25859375 0.275 0.04296875 0.02421875
4 0.27578125 0.3234375 0.071875 0.03515625
4 0.3359375 0.30078125 0.05703125 0.0359375
3 0.21796875 0.36640625 0.01796875 0.0453125
3 0.01171875 0.353125 0.01328125 0.0484375
4 0.00703125 0.39375 0.0140625 0.03125
3 0.38046875 0.29140625 0.0109375 0.0359375
4 0.51796875 0.25078125 0.0484375 0.02890625
1 0.74453125 0.52265625 0.09921875 0.1171875
1 0.528125 0.50078125 0.02109375 0.07109375
4 0.47265625 0.48046875 0.09296875 0.109375
4 0.80859375 0.20390625 0.015625 0.01328125
4 0.79140625 0.2046875 0.0203125 0.01484375
4 0.77578125 0.2125 0.01796875 0.015625
4 0.759375 0.21875 0.021875 0.01875
4 0.74140625 0.22421875 0.021875 0.01875
4 0.0125 0.2859375 0.025 0.021875