4 0.953125 0.68203125 0.09140625 0.13515625
4 0.959375 0.365625 0.02421875 0.0328125
4 0.9828125 0.3578125 0.02265625 0.0328125
4 0.82890625 0.39609375 0.06796875 0.05703125
3 0.69921875 0.83203125 0.0484375 0.16796875
3 0.08515625 0.6 0.02890625 0.1015625
4 0.884375 0.38515625 0.04765625 0.04140625
4 0.7671875 0.415625 0.0671875 0.05859375
3 0.015625 0.6046875 0.0265625 0.096875
4 0.92578125 0.37109375 0.04375 0.04140625
2 0.115625 0.75703125 0.059375 0.1546875
4 0.7078125 0.43671875 0.08125 0.05703125