4 0.34296875 0.51328125 0.08359375 0.10703125
0 0.15625 0.70625 0.3125 0.44609375
4 0.6421875 0.8015625 0.0828125 0.09921875
4 0.6734375 0.51328125 0.10703125 0.17421875
4 0.453125 0.43203125 0.06953125 0.06796875
4 0.49921875 0.4078125 0.04375 0.05703125
4 0.521875 0.39140625 0.0390625 0.0421875
4 0.55 0.371875 0.0359375 0.04140625
4 0.63125 0.3421875 0.0296875 0.0328125
4 0.6859375 0.34375 0.03046875 0.0296875
4 0.7 0.30234375 0.0203125 0.02265625
4 0.6921875 0.25703125 0.0109375 0.01171875
4 0.3703125 0.73046875 0.1421875 0.19765625
4 0.5546875 0.60234375 0.1453125 0.21484375