4 0.46875 0.26171875 0.0484375 0.028125
4 0.39921875 0.25703125 0.01796875 0.01953125
4 0.415625 0.27421875 0.01640625 0.025
4 0.325 0.31171875 0.03046875 0.03046875
4 0.71640625 0.596875 0.14375 0.11875
4 0.378125 0.28828125 0.028125 0.03125
3 0.16015625 0.6140625 0.03125 0.1046875
3 0.1734375 0.6578125 0.03671875 0.12109375
3 0.15078125 0.73515625 0.0296875 0.1359375
3 0.23359375 0.415625 0.02109375 0.07265625
3 0.19375 0.771875 0.046875 0.15234375
3 0.95546875 0.54140625 0.02734375 0.1
3 0.11015625 0.734375 0.0421875 0.1328125
3 0.20703125 0.571875 0.028125 0.09765625
3 0.2578125 0.51484375 0.02109375 0.0875
3 0.865625 0.478125 0.01875 0.07734375
3 0.2546875 0.41640625 0.01796875 0.07265625
1 0.86484375 0.51015625 0.03359375 0.103125
4 0.44921875 0.4421875 0.028125 0.07734375
1 0.83828125 0.49375 0.02109375 0.1
4 0.553125 0.58984375 0.12265625 0.1546875
4 0.6421875 0.71484375 0.16484375 0.19609375
4 0.32421875 0.34375 0.04140625 0.05390625
4 0.403125 0.46953125 0.096875 0.18984375
4 0.61015625 0.48984375 0.0921875 0.0859375
4 0.6671875 0.4328125 0.08125 0.08203125
4 0.5796875 0.42421875 0.09296875 0.0734375
4 0.5828125 0.36875 0.05546875 0.0421875
4 0.52265625 0.37890625 0.0671875 0.07890625
4 0.48515625 0.3578125 0.040625 0.053125
4 0.4953125 0.32890625 0.0328125 0.021875
4 0.4546875 0.3 0.0484375 0.075