4 0.6640625 0.26875 0.0140625 0.0203125
4 0.54375 0.3734375 0.0390625 0.0453125
4 0.5609375 0.36015625 0.03203125 0.04296875
4 0.69140625 0.25234375 0.01953125 0.01640625
4 0.52421875 0.38984375 0.034375 0.04296875
4 0.578125 0.97109375 0.06015625 0.053125
4 0.61796875 0.80078125 0.03671875 0.07265625
4 0.615625 0.46171875 0.05859375 0.07265625
4 0.34453125 0.50546875 0.0953125 0.10234375
4 0.07890625 0.88203125 0.1578125 0.23125
4 0.49765625 0.40390625 0.04453125 0.05703125
4 0.65703125 0.27421875 0.015625 0.01875
4 0.45234375 0.43125 0.07265625 0.07109375
4 0.67265625 0.26875 0.0078125 0.015625