4 0.465625 0.58828125 0.2265625 0.2125
4 0.8546875 0.459375 0.0890625 0.07578125
4 0.3328125 0.5859375 0.153125 0.146875
4 0.940625 0.6984375 0.115625 0.14765625
4 0.97734375 0.353125 0.034375 0.0296875
4 0.95390625 0.3875 0.0578125 0.04453125
4 0.8921875 0.4046875 0.05859375 0.05078125
4 0.834375 0.39453125 0.05703125 0.04296875
4 0.83671875 0.4296875 0.06796875 0.05390625
4 0.775 0.41640625 0.0640625 0.05078125
4 0.73828125 0.46015625 0.09140625 0.05625
4 0.72265625 0.51796875 0.11328125 0.084375
4 0.5921875 0.4921875 0.13828125 0.128125
4 0.44609375 0.49375 0.1203125 0.0609375