3 0.2609375 0.44375 0.02109375 0.05859375
4 0.59296875 0.37890625 0.05859375 0.05859375
4 0.50390625 0.51484375 0.0921875 0.12109375
4 0.47109375 0.45703125 0.071875 0.0828125
4 0.328125 0.3 0.02578125 0.02890625
4 0.559375 0.35625 0.040625 0.0421875
4 0.5390625 0.3359375 0.046875 0.04765625
4 0.503125 0.31015625 0.0359375 0.03671875
4 0.48828125 0.2921875 0.0453125 0.04375
3 0.8234375 0.45703125 0.01875 0.08125
3 0.1296875 0.60390625 0.03828125 0.12109375
1 0.86328125 0.515625 0.034375 0.0984375
2 0.2328125 0.4875 0.01953125 0.05859375