3 0.27578125 0.584375 0.0328125 0.103125
4 0.4828125 0.496875 0.08046875 0.10625
4 0.4453125 0.41015625 0.05703125 0.06484375
4 0.559375 0.42890625 0.08046875 0.08515625
4 0.37265625 0.2734375 0.025 0.02421875
4 0.425 0.2859375 0.03046875 0.03125
4 0.50390625 0.30546875 0.03203125 0.03828125
4 0.48828125 0.2890625 0.0421875 0.04765625
4 0.45703125 0.27421875 0.02734375 0.03125
4 0.665625 0.43515625 0.07734375 0.07578125
4 0.62890625 0.39921875 0.0640625 0.0609375
4 0.5921875 0.371875 0.05546875 0.0546875
4 0.5625 0.35078125 0.04453125 0.046875
3 0.684375 0.37265625 0.01640625 0.05
1 0.8640625 0.50625 0.02734375 0.10078125
1 0.840625 0.490625 0.0203125 0.09765625