1 0.58515625 0.57578125 0.0109375 0.03046875
1 0.6078125 0.528125 0.01015625 0.03203125
1 0.5515625 0.56171875 0.01015625 0.03125
1 0.98046875 0.83046875 0.0359375 0.1296875
1 0.5390625 0.55625 0.00859375 0.028125
4 0.546875 0.5 0.028125 0.04140625
4 0.08984375 0.91171875 0.17890625 0.17265625
4 0.4953125 0.47890625 0.01328125 0.01484375
4 0.50390625 0.50390625 0.0125 0.01640625
4 0.36953125 0.50859375 0.01875 0.0203125
4 0.38515625 0.48828125 0.02265625 0.02734375
4 0.4 0.5265625 0.03046875 0.03046875
4 0.30703125 0.52265625 0.07109375 0.04609375
4 0.4921875 0.51484375 0.02734375 0.04140625
4 0.2484375 0.59296875 0.0453125 0.06015625
1 0.746875 0.63515625 0.02421875 0.0765625
1 0.6578125 0.61328125 0.00859375 0.03125
1 0.58828125 0.59140625 0.00859375 0.03359375
1 0.628125 0.60234375 0.00859375 0.03359375
1 0.96015625 0.8046875 0.03984375 0.13671875
1 0.56953125 0.565625 0.00859375 0.03125
1 0.6453125 0.5859375 0.009375 0.03046875