4 0.48828125 0.94765625 0.19921875 0.1
4 0.2140625 0.3171875 0.0265625 0.05625
4 0.64296875 0.62109375 0.1234375 0.15390625
4 0.703125 0.48671875 0.07421875 0.08984375
4 0.75390625 0.18125 0.01171875 0.01640625
4 0.7578125 0.3609375 0.04140625 0.0515625
4 0.76328125 0.33125 0.04375 0.04453125
4 0.5 0.3 0.034375 0.03671875
4 0.5234375 0.2875 0.03671875 0.0359375
4 0.54609375 0.28046875 0.0265625 0.03046875
4 0.575 0.26484375 0.02890625 0.02578125
4 0.63984375 0.25546875 0.028125 0.02578125
4 0.6265625 0.24296875 0.0203125 0.02265625
4 0.7109375 0.215625 0.01875 0.015625
4 0.603125 0.25234375 0.02734375 0.025
4 0.73046875 0.403125 0.0625 0.06484375
4 0.46875 0.30703125 0.0484375 0.04765625