4 0.80625 0.5046875 0.0890625 0.071875
4 0.6734375 0.44765625 0.0734375 0.06484375
4 0.6296875 0.4265625 0.06171875 0.0609375
4 0.35703125 0.315625 0.02734375 0.03125
4 0.5609375 0.396875 0.05390625 0.05234375
4 0.4890625 0.36796875 0.04375 0.03515625
4 0.23125 0.4875 0.06796875 0.08359375
4 0.94765625 0.57265625 0.10234375 0.1
3 0.16015625 0.50390625 0.02578125 0.06640625
3 0.2140625 0.95703125 0.05859375 0.08125
4 0.31953125 0.31484375 0.025 0.028125
4 0.209375 0.40859375 0.04609375 0.04140625
4 0.29765625 0.30859375 0.01953125 0.01796875
4 0.27265625 0.31015625 0.025 0.02578125
4 0.2578125 0.3015625 0.01796875 0.0234375
4 0.45234375 0.35546875 0.0359375 0.03203125
4 0.42734375 0.34609375 0.03359375 0.03203125
4 0.871875 0.534375 0.1015625 0.08671875
4 0.7328125 0.46875 0.08359375 0.07578125