4 0.50546875 0.559375 0.034375 0.03984375
1 0.33984375 0.56328125 0.00625 0.02265625
4 0.25 0.596875 0.05078125 0.06015625
4 0.5546875 0.509375 0.02109375 0.02734375
4 0.484375 0.49140625 0.0140625 0.02109375
4 0.446875 0.48046875 0.0125 0.01484375
4 0.3296875 0.62109375 0.05078125 0.0625
4 0.98125 0.89375 0.034375 0.07109375
1 0.27578125 0.57890625 0.01171875 0.02890625
1 0.2875 0.57890625 0.01015625 0.03125
4 0.25625 0.70859375 0.07734375 0.084375
4 0.1796875 0.8265625 0.12890625 0.1546875
4 0.3265625 0.80703125 0.10859375 0.1484375
4 0.38828125 0.48984375 0.015625 0.0171875
4 0.421875 0.48984375 0.01640625 0.01796875
4 0.3546875 0.725 0.07734375 0.08515625
1 0.33125 0.5671875 0.00859375 0.02734375
1 0.3234375 0.571875 0.00859375 0.02734375
1 0.31015625 0.57890625 0.0125 0.03046875
1 0.2984375 0.5796875 0.01171875 0.0296875
1 0.85546875 0.71875 0.03671875 0.10390625
3 0.675 0.575 0.0140625 0.04609375