4 0.86640625 0.121875 0.02265625 0.02421875
4 0.44921875 0.19296875 0.02109375 0.03671875
4 0.8828125 0.521875 0.12109375 0.13125
4 0.9140625 0.428125 0.1046875 0.11328125
4 0.7890625 0.15078125 0.03515625 0.03125
4 0.91796875 0.09609375 0.02265625 0.025
4 0.88359375 0.11484375 0.0234375 0.0234375
4 0.784375 0.69609375 0.1859375 0.2125
4 0.94453125 0.36796875 0.07734375 0.0765625
4 0.8484375 0.12890625 0.02734375 0.02890625
4 0.646875 0.88828125 0.26875 0.21875
4 0.72265625 0.17421875 0.0484375 0.04765625
4 0.50390625 0.19296875 0.09140625 0.05
4 0.81015625 0.13984375 0.03203125 0.03828125