2 0.4421875 0.65625 0.04375 0.15
3 0.75546875 0.68359375 0.034375 0.1375
4 0.4953125 0.30859375 0.04140625 0.0375
4 0.7359375 0.40859375 0.0625 0.07109375
4 0.48046875 0.93359375 0.21328125 0.12890625
4 0.52265625 0.29453125 0.03671875 0.0390625
4 0.678125 0.52265625 0.08828125 0.11328125
4 0.6421875 0.62890625 0.11875 0.15
4 0.56328125 0.78984375 0.16875 0.21484375
4 0.77265625 0.325 0.03515625 0.0421875
0 0.75390625 0.25 0.03828125 0.05234375
4 0.65703125 0.23125 0.021875 0.02109375
4 0.6109375 0.25546875 0.02109375 0.025
4 0.6671875 0.25625 0.0265625 0.0265625
3 0.71484375 0.67578125 0.028125 0.13984375
4 0.54609375 0.28515625 0.03125 0.0359375
4 0.71640625 0.21875 0.01484375 0.0140625
4 0.5640625 0.27578125 0.03203125 0.034375
4 0.7203125 0.25390625 0.0234375 0.021875
4 0.5796875 0.2671875 0.01875 0.0328125
4 0.59765625 0.2625 0.0234375 0.02421875
4 0.62578125 0.28359375 0.03515625 0.04609375
4 0.76796875 0.34453125 0.03515625 0.04375
4 0.703125 0.31796875 0.03984375 0.04375