3 0.61328125 0.35859375 0.02734375 0.0625
4 0.06640625 0.1921875 0.01640625 0.0234375
4 0.05078125 0.18515625 0.0203125 0.02109375
4 0.040625 0.1796875 0.0171875 0.021875
4 0.30390625 0.27890625 0.06796875 0.05
4 0.26015625 0.25625 0.05859375 0.053125
4 0.47265625 0.33828125 0.08828125 0.06875
4 0.21484375 0.2421875 0.0515625 0.0453125
4 0.08984375 0.19609375 0.0328125 0.02890625
4 0.08203125 0.89296875 0.1640625 0.2078125
4 0.66484375 0.415625 0.14453125 0.10625
4 0.1796875 0.2015625 0.03359375 0.03984375