4 0.44453125 0.66328125 0.17890625 0.20234375
4 0.43984375 0.16640625 0.0328125 0.0375
4 0.15703125 0.21640625 0.08984375 0.05390625
3 0.68515625 0.29765625 0.02421875 0.07109375
3 0.30703125 0.203125 0.009375 0.04296875
4 0.49296875 0.1421875 0.02421875 0.02578125
4 0.48203125 0.14921875 0.01484375 0.028125
4 0.46171875 0.153125 0.03046875 0.04140625
4 0.5703125 0.10546875 0.01640625 0.01875
4 0.6015625 0.1171875 0.01953125 0.02421875
4 0.5734375 0.178125 0.03359375 0.03828125
4 0.0453125 0.34453125 0.090625 0.10234375
4 0.6 0.20234375 0.03828125 0.04140625
4 0.6234375 0.12890625 0.02265625 0.02890625
4 0.60859375 0.084375 0.0296875 0.01875
4 0.13671875 0.30625 0.09375 0.07265625
2 0.61796875 0.10625 0.0078125 0.01796875
4 0.50546875 0.1359375 0.021875 0.0234375
4 0.5390625 0.1203125 0.02109375 0.02109375