4 0.37890625 0.3359375 0.03359375 0.03125
4 0.215625 0.471875 0.053125 0.06875
3 0.15390625 0.4484375 0.01640625 0.06328125
4 0.2078125 0.4234375 0.03984375 0.0328125
4 0.5703125 0.3796875 0.084375 0.04453125
4 0.3328125 0.33984375 0.0375 0.034375
4 0.734375 0.471875 0.090625 0.07578125
4 0.29375 0.30390625 0.028125 0.02890625
4 0.6140625 0.625 0.12109375 0.12890625
4 0.49609375 0.37421875 0.04375 0.03984375
4 0.3109375 0.3203125 0.02734375 0.028125
4 0.234375 0.49609375 0.065625 0.07890625
4 0.6890625 0.4515625 0.0796875 0.07421875
4 0.5625 0.4015625 0.04921875 0.04921875
4 0.80390625 0.5078125 0.08046875 0.07578125
4 0.41015625 0.39609375 0.05 0.04609375
4 0.4421875 0.353125 0.04140625 0.03515625
4 0.87421875 0.53515625 0.11015625 0.08671875
4 0.51171875 0.425 0.05703125 0.04609375
4 0.9484375 0.57734375 0.10078125 0.1