4 0.56015625 0.27265625 0.03125 0.034375
4 0.65703125 0.23046875 0.01875 0.0203125
4 0.65390625 0.23515625 0.01484375 0.01953125
4 0.646875 0.2390625 0.015625 0.0203125
4 0.63359375 0.24140625 0.0171875 0.025
4 0.625 0.24921875 0.0203125 0.02109375
4 0.60859375 0.2546875 0.01796875 0.02578125
4 0.5234375 0.29296875 0.03359375 0.03984375
4 0.546875 0.284375 0.0234375 0.02734375
4 0.6671875 0.228125 0.0109375 0.0203125
4 0.5796875 0.26796875 0.01875 0.02890625
4 0.59375 0.2609375 0.0234375 0.02578125
4 0.15078125 0.45390625 0.10390625 0.08828125
4 0.74765625 0.375 0.04921875 0.04921875
4 0.46875 0.309375 0.0453125 0.04765625
4 0.73046875 0.40390625 0.0625 0.05859375
4 0.6546875 0.621875 0.11328125 0.12265625
4 0.503125 0.303125 0.0265625 0.03984375
4 0.76328125 0.33515625 0.0421875 0.04296875
4 0.76015625 0.3578125 0.0390625 0.04140625
4 0.06171875 0.50234375 0.1234375 0.10390625
4 0.68359375 0.5375 0.09765625 0.10078125