4 0.4890625 0.36953125 0.05234375 0.04375
4 0.88046875 0.53359375 0.11953125 0.0875
4 0.3671875 0.321875 0.0296875 0.02578125
4 0.21796875 0.43125 0.05234375 0.05234375
4 0.5609375 0.39765625 0.0515625 0.04609375
4 0.64453125 0.43125 0.0734375 0.0625
4 0.27890625 0.28671875 0.0125 0.01875
4 0.40234375 0.33515625 0.034375 0.02890625
4 0.228125 0.490625 0.06953125 0.07734375
4 0.5484375 0.52265625 0.14453125 0.20859375
4 0.734375 0.46796875 0.096875 0.08125
4 0.35625 0.31484375 0.02265625 0.02734375