4 0.73828125 0.23984375 0.03125 0.025
4 0.2484375 0.40234375 0.10546875 0.0875
4 0.52421875 0.29140625 0.0296875 0.0390625
4 0.546875 0.28359375 0.02578125 0.034375
4 0.56171875 0.27421875 0.02578125 0.03671875
4 0.59375 0.2625 0.02421875 0.028125
4 0.7640625 0.3359375 0.04296875 0.0453125
4 0.7 0.47265625 0.07109375 0.09140625
4 0.5046875 0.30390625 0.02578125 0.03828125
4 0.46875 0.31171875 0.04765625 0.05390625
4 0.74765625 0.3828125 0.04609375 0.05625
4 0.728125 0.40703125 0.0546875 0.06796875