4 0.13671875 0.31015625 0.096875 0.0765625
4 0.04453125 0.35625 0.0890625 0.0875
4 0.09375 0.22421875 0.01640625 0.03359375
4 0.5296875 0.30234375 0.0765625 0.08359375
4 0.6171875 0.0875 0.03515625 0.02109375
4 0.41953125 0.17421875 0.0375 0.03984375
4 0.5828125 0.1015625 0.01328125 0.0125
4 0.5046875 0.13671875 0.021875 0.02265625
4 0.65625 0.06875 0.01640625 0.02578125
4 0.6578125 0.0984375 0.01484375 0.01328125
4 0.61953125 0.128125 0.02265625 0.025
4 0.49765625 0.23359375 0.05234375 0.05
4 0.5765625 0.23203125 0.05078125 0.05234375
4 0.5875 0.378125 0.08125 0.10234375
4 0.36875 0.459375 0.1375 0.15625
4 0.56796875 0.10703125 0.0171875 0.01875
4 0.63828125 0.15703125 0.02734375 0.02734375
4 0.3890625 0.1875 0.05078125 0.04609375
4 0.484375 0.62890625 0.14453125 0.17109375
4 0.44375 0.1671875 0.02890625 0.03125
4 0.1640625 0.21875 0.10625 0.05859375
4 0.49140625 0.14375 0.02578125 0.025