3 0.77421875 0.93203125 0.03125 0.13125
0 0.2078125 0.62109375 0.16015625 0.15859375
1 0.33125 0.56484375 0.0078125 0.03203125
1 0.33828125 0.5609375 0.00703125 0.0265625
1 0.2984375 0.57578125 0.00859375 0.03984375
1 0.853125 0.71640625 0.0296875 0.10390625
1 0.31015625 0.57734375 0.01015625 0.03515625
1 0.32265625 0.57109375 0.009375 0.0296875
4 0.41796875 0.4703125 0.01328125 0.0203125
4 0.45 0.475 0.0109375 0.01328125
4 0.434375 0.47109375 0.01328125 0.01953125
4 0.30703125 0.64296875 0.0625 0.08046875
4 0.259375 0.709375 0.075 0.0859375
3 0.7640625 0.93046875 0.028125 0.134375
4 0.5578125 0.51171875 0.02109375 0.03125
4 0.52734375 0.521875 0.01953125 0.03125
4 0.2078125 0.78359375 0.1125 0.12890625
4 0.3359375 0.81640625 0.09765625 0.14140625
4 0.04375 0.83125 0.0875 0.134375