1 0.29921875 0.57734375 0.0109375 0.03515625
0 0.378125 0.58828125 0.0765625 0.13515625
3 0.3140625 0.60703125 0.01171875 0.05234375
4 0.53046875 0.53046875 0.02421875 0.03125
4 0.42578125 0.5375 0.0265625 0.0296875
4 0.409375 0.5015625 0.02109375 0.02109375
4 0.2046875 0.621875 0.09921875 0.13515625
4 0.28203125 0.6171875 0.04921875 0.06015625
4 0.55625 0.51171875 0.0234375 0.0296875
4 0.42734375 0.57421875 0.0265625 0.046875
4 0.56171875 0.58515625 0.03515625 0.04140625
1 0.33125 0.5640625 0.00859375 0.03203125
1 0.8546875 0.71796875 0.02734375 0.10625
1 0.32421875 0.56796875 0.00859375 0.034375