4 0.7328125 0.63046875 0.1703125 0.14375
4 0.02109375 0.3015625 0.0421875 0.021875
4 0.2609375 0.24453125 0.01015625 0.01015625
4 0.265625 0.4171875 0.04765625 0.04609375
4 0.25078125 0.38125 0.0375 0.04140625
4 0.31328125 0.3109375 0.025 0.02890625
4 0.2640625 0.3 0.01953125 0.02109375
4 0.27890625 0.25390625 0.01328125 0.0171875
4 0.27734375 0.240625 0.0109375 0.0109375
4 0.34765625 0.56875 0.096875 0.10859375
4 0.4125 0.390625 0.05859375 0.05625
4 0.30234375 0.46171875 0.07421875 0.09375
4 0.23203125 0.31015625 0.01953125 0.025
4 0.33984375 0.34375 0.03984375 0.04140625
4 0.27421875 0.31484375 0.02578125 0.03125
4 0.22890625 0.27109375 0.0140625 0.01640625
4 0.26953125 0.265625 0.015625 0.01875
1 0.6046875 0.353125 0.01015625 0.03125
1 0.5796875 0.35078125 0.00859375 0.03125
1 0.55859375 0.34453125 0.00859375 0.02734375
1 0.4671875 0.325 0.00859375 0.025
1 0.6 0.41328125 0.02265625 0.0515625
1 0.39296875 0.30078125 0.0125 0.03203125
1 0.24453125 0.6234375 0.05703125 0.22421875
4 0.4125 0.74453125 0.14375 0.16484375
4 0.39921875 0.465625 0.07421875 0.07734375