1 0.2875 0.57578125 0.0125 0.02734375
1 0.29921875 0.575 0.009375 0.0296875
4 0.43203125 0.51015625 0.02265625 0.02890625
1 0.3234375 0.56875 0.00859375 0.03203125
1 0.33125 0.56484375 0.00859375 0.02890625
1 0.85390625 0.7125 0.03125 0.10859375
1 0.31171875 0.57578125 0.01171875 0.03203125
4 0.48828125 0.47421875 0.0140625 0.01875
4 0.553125 0.50859375 0.01875 0.02109375
4 0.67734375 0.74296875 0.08828125 0.09765625
4 0.1484375 0.81171875 0.1265625 0.13984375
4 0.25546875 0.59453125 0.0484375 0.04375
4 0.5390625 0.49765625 0.015625 0.01640625
1 0.340625 0.5578125 0.0078125 0.02890625