1 0.65546875 0.56796875 0.01171875 0.0515625
4 0.5140625 0.48359375 0.02421875 0.04140625
4 0.625 0.68515625 0.0625 0.075
4 0.53125 0.534375 0.02421875 0.025
4 0.2765625 0.5859375 0.0359375 0.046875
4 0.75234375 0.94453125 0.12890625 0.10625
4 0.253125 0.5953125 0.05 0.05703125
4 0.48515625 0.49140625 0.015625 0.01875
4 0.36015625 0.51015625 0.02734375 0.0328125
4 0.553125 0.559375 0.03515625 0.04375
1 0.5921875 0.57265625 0.00859375 0.02890625
1 0.95859375 0.80859375 0.04375 0.1375
1 0.98046875 0.83125 0.03671875 0.13359375