4 0.44453125 0.2890625 0.0171875 0.01953125
4 0.4171875 0.27265625 0.015625 0.01875
4 0.11640625 0.30546875 0.05390625 0.03125
4 0.1890625 0.30625 0.0453125 0.025
4 0.5046875 0.42578125 0.05859375 0.06015625
4 0.609375 0.43359375 0.065625 0.06640625
4 0.95703125 0.7875 0.08359375 0.16640625
4 0.38984375 0.275 0.015625 0.02109375
0 0.51484375 0.30546875 0.0515625 0.06171875
0 0.55 0.32890625 0.07109375 0.075
1 0.4015625 0.62734375 0.05 0.21875
1 0.75390625 0.43359375 0.0171875 0.05
4 0.80234375 0.77578125 0.2015625 0.18125
4 0.496875 0.346875 0.03671875 0.03359375
4 0.45859375 0.35390625 0.03671875 0.0390625
4 0.434375 0.33828125 0.028125 0.025
4 0.43046875 0.31640625 0.02578125 0.0296875