4 0.47890625 0.4796875 0.0109375 0.0109375
1 0.1828125 0.6140625 0.02109375 0.0765625
1 0.60703125 0.528125 0.01015625 0.034375
1 0.6828125 0.57578125 0.0140625 0.05390625
1 0.596875 0.5734375 0.01015625 0.03125
4 0.54375 0.50234375 0.01796875 0.0203125
2 0.33359375 0.5453125 0.01171875 0.03984375
4 0.5046875 0.4890625 0.0140625 0.01796875
4 0.35703125 0.5125 0.0328125 0.03359375
4 0.48984375 0.52734375 0.03125 0.02890625
4 0.2578125 0.59453125 0.05234375 0.05625
4 0.30859375 0.5609375 0.03671875 0.0375
4 0.51796875 0.5078125 0.01875 0.021875
3 0.6046875 0.89609375 0.05234375 0.12890625
1 0.01875 0.70859375 0.03359375 0.11484375
1 0.6078125 0.57890625 0.00859375 0.03359375
1 0.959375 0.809375 0.040625 0.13671875
1 0.6421875 0.590625 0.01171875 0.03515625
1 0.621875 0.58359375 0.00859375 0.02890625
1 0.98046875 0.8328125 0.0359375 0.12734375
1 0.5859375 0.565625 0.01015625 0.03125