4 0.26171875 0.28828125 0.02109375 0.02265625
4 0.30859375 0.30703125 0.02578125 0.03125
4 0.4453125 0.821875 0.19140625 0.24375
4 0.5515625 0.4875 0.0953125 0.0875
4 0.28515625 0.44765625 0.05390625 0.07109375
4 0.26171875 0.36796875 0.03828125 0.04765625
3 0.44375 0.30859375 0.01015625 0.03515625
1 0.4671875 0.32421875 0.00859375 0.02734375
1 0.39140625 0.3 0.0109375 0.034375
1 0.55859375 0.346875 0.00859375 0.03515625
1 0.60703125 0.35546875 0.0125 0.04765625
1 0.59921875 0.409375 0.0171875 0.05625
4 0.3671875 0.28125 0.03671875 0.0234375
4 0.26015625 0.2703125 0.01875 0.015625
4 0.27890625 0.265625 0.01328125 0.01328125
4 0.28671875 0.27578125 0.01640625 0.01953125