4 0.51328125 0.503125 0.02109375 0.02734375
4 0.5671875 0.52421875 0.0234375 0.0265625
4 0.54609375 0.56640625 0.015625 0.04140625
4 0.6046875 0.62109375 0.05234375 0.05390625
4 0.31953125 0.80625 0.1078125 0.13359375
4 0.55390625 0.50703125 0.025 0.0265625
1 0.3296875 0.5640625 0.00703125 0.02890625
1 0.33671875 0.559375 0.00703125 0.02890625
1 0.27421875 0.575 0.01171875 0.03359375
1 0.8546875 0.71328125 0.0328125 0.09765625
1 0.2875 0.57578125 0.01015625 0.03203125
1 0.2984375 0.575 0.0109375 0.03125
1 0.31015625 0.57578125 0.01015625 0.03359375
1 0.321875 0.56875 0.01015625 0.03046875