3 0.6625 0.56953125 0.0125 0.04375
1 0.3234375 0.5703125 0.01015625 0.0296875
1 0.85390625 0.71640625 0.03125 0.10859375
1 0.2875 0.5765625 0.01171875 0.03203125
4 0.40703125 0.5109375 0.0203125 0.02421875
4 0.41875 0.49140625 0.01640625 0.0203125
4 0.4375 0.47265625 0.01015625 0.01171875
4 0.559375 0.51953125 0.02421875 0.02109375
4 0.4890625 0.50703125 0.01875 0.02265625
4 0.38671875 0.54140625 0.0296875 0.0375
4 0.24765625 0.59375 0.05234375 0.0625
4 0.57734375 0.61171875 0.05234375 0.05234375
1 0.2984375 0.5765625 0.01328125 0.0328125
1 0.3109375 0.57734375 0.01171875 0.03203125
1 0.2765625 0.578125 0.0125 0.03515625
1 0.33203125 0.56640625 0.00703125 0.02734375
1 0.31875 0.534375 0.00703125 0.01171875
4 0.68671875 0.77890625 0.10078125 0.10390625