1 0.390625 0.2984375 0.00859375 0.0265625
1 0.59765625 0.41171875 0.01953125 0.05234375
1 0.60625 0.353125 0.0140625 0.04375
4 0.23046875 0.28203125 0.0171875 0.01875
4 0.24296875 0.315625 0.02578125 0.02734375
4 0.28359375 0.32265625 0.02578125 0.02421875
4 0.24921875 0.35859375 0.0296875 0.0375
4 0.396875 0.3875 0.05 0.05
4 0.3390625 0.41640625 0.05859375 0.0625
4 0.27734375 0.25859375 0.0125 0.01640625
4 0.2859375 0.28671875 0.01875 0.01875
4 0.265625 0.23828125 0.009375 0.01015625
4 0.70625 0.63828125 0.16484375 0.13984375
1 0.4671875 0.32265625 0.00859375 0.025
1 0.55859375 0.34609375 0.01171875 0.03359375
1 0.5796875 0.35 0.00859375 0.0375
4 0.23515625 0.25234375 0.0125 0.0125
1 0.2453125 0.62265625 0.0546875 0.2234375