4 0.73046875 0.52890625 0.04140625 0.0375
3 0.77265625 0.51171875 0.00703125 0.03203125
4 0.315625 0.47109375 0.03359375 0.015625
4 0.61015625 0.46875 0.0171875 0.02421875
4 0.67265625 0.4203125 0.01015625 0.01015625
4 0.6484375 0.4171875 0.0109375 0.01015625
4 0.65703125 0.428125 0.0109375 0.01171875
4 0.671875 0.4359375 0.01484375 0.01640625
4 0.27734375 0.47265625 0.03515625 0.01640625
4 0.6671875 0.471875 0.01875 0.01875
4 0.77421875 0.58359375 0.05390625 0.04609375
4 0.66015625 0.50859375 0.0296875 0.02890625
4 0.36875 0.47109375 0.04140625 0.02109375
4 0.65625 0.60390625 0.05703125 0.06640625
4 0.69921875 0.76015625 0.0765625 0.08359375
3 0.4125 0.490625 0.01015625 0.02734375
3 0.95 0.55078125 0.00859375 0.03515625
1 0.61328125 0.7984375 0.04921875 0.22265625
0 0.92890625 0.66953125 0.1390625 0.21875
0 0.72421875 0.47578125 0.0484375 0.05234375