4 0.63359375 0.46796875 0.0171875 0.01875
4 0.40546875 0.46953125 0.04375 0.02265625
4 0.2703125 0.47109375 0.04140625 0.02109375
4 0.65859375 0.5125 0.0296875 0.02890625
4 0.67109375 0.7 0.06640625 0.07109375
4 0.790625 0.590625 0.05234375 0.05234375
4 0.778125 0.66015625 0.08203125 0.07890625
4 0.340625 0.46875 0.03984375 0.025
4 0.62109375 0.44453125 0.0140625 0.0140625
4 0.6265625 0.45546875 0.01484375 0.01640625
4 0.6859375 0.496875 0.021875 0.02890625
3 0.19453125 0.56875 0.0140625 0.05859375
1 0.98671875 0.6 0.02421875 0.03359375
4 0.63359375 0.55234375 0.0296875 0.03046875
0 0.74765625 0.51640625 0.08671875 0.08359375