3 0.08671875 0.48984375 0.01171875 0.03359375
4 0.0109375 0.46328125 0.02109375 0.01875
4 0.0640625 0.46015625 0.04296875 0.02109375
4 0.125 0.45859375 0.0453125 0.02109375
4 0.32421875 0.44765625 0.03125 0.02109375
4 0.1875 0.45 0.034375 0.02890625
4 0.4109375 0.47578125 0.0265625 0.03046875
4 0.428125 0.453125 0.02421875 0.02578125
4 0.39765625 0.4578125 0.02109375 0.025
4 0.38046875 0.44296875 0.04140625 0.021875
4 0.3515625 0.421875 0.01796875 0.01796875
4 0.36640625 0.46796875 0.02265625 0.02734375
3 0.67578125 0.528125 0.01015625 0.03515625
3 0.47265625 0.446875 0.00859375 0.03125
3 0.53984375 0.471875 0.00703125 0.02578125
3 0.5296875 0.47109375 0.00859375 0.03203125
1 0.69296875 0.575 0.01953125 0.05390625
1 0.33828125 0.78046875 0.05078125 0.2234375