4 0.27421875 0.37890625 0.02578125 0.02890625
4 0.21484375 0.34140625 0.0171875 0.02109375
4 0.675 0.67890625 0.190625 0.20390625
4 0.24296875 0.32578125 0.01015625 0.01171875
4 0.25859375 0.3296875 0.01171875 0.01328125
4 0.40546875 0.79921875 0.24296875 0.39765625
4 0.31328125 0.41328125 0.0328125 0.03515625
4 0.2578125 0.35546875 0.01875 0.01953125
4 0.3390625 0.52109375 0.06640625 0.07109375
4 0.21171875 0.39765625 0.02578125 0.03359375
1 0.5859375 0.43046875 0.02109375 0.03125
1 0.3703125 0.384375 0.0125 0.028125
1 0.22265625 0.7109375 0.05546875 0.2265625