4 0.38984375 0.63828125 0.05546875 0.07265625
4 0.3484375 0.54765625 0.03828125 0.0375
4 0.33125 0.490625 0.03046875 0.03125
4 0.39609375 0.453125 0.02265625 0.02734375
4 0.4640625 0.51953125 0.046875 0.04375
4 0.40234375 0.52109375 0.04140625 0.04609375
4 0.17421875 0.43828125 0.08671875 0.05234375
4 0.3984375 0.39296875 0.01015625 0.009375
4 0.3828125 0.434375 0.01640625 0.015625
4 0.38671875 0.4953125 0.03046875 0.0375
3 0.5125 0.4625 0.00859375 0.0375
3 0.459375 0.415625 0.00703125 0.02265625
1 0.33984375 0.78046875 0.0515625 0.228125
4 0.51953125 0.72421875 0.10078125 0.10625
4 0.86640625 0.85234375 0.20703125 0.15
0 0.35078125 0.41015625 0.01953125 0.02734375
0 0.47890625 0.46640625 0.07109375 0.0734375
0 0.7140625 0.59453125 0.2375 0.20234375
0 0.33359375 0.41953125 0.02265625 0.03515625
0 0.378125 0.40078125 0.02265625 0.03125