4 0.70546875 0.70546875 0.02265625 0.06015625
4 0.6484375 0.65859375 0.05703125 0.0625
4 0.6015625 0.68671875 0.06171875 0.05625
4 0.625 0.60390625 0.0375 0.0328125
4 0.60234375 0.6328125 0.03984375 0.04765625
4 0.5421875 0.634375 0.084375 0.0859375
4 0.39375 0.53125 0.02578125 0.02890625
4 0.34375 0.58125 0.028125 0.02890625
4 0.32109375 0.5 0.01484375 0.0171875
4 0.40703125 0.45703125 0.015625 0.015625
4 0.6671875 0.73125 0.078125 0.0796875
4 0.85625 0.79765625 0.28125 0.25390625
4 0.43203125 0.68984375 0.0453125 0.05390625
4 0.5546875 0.57421875 0.03515625 0.02265625
4 0.43203125 0.56015625 0.02890625 0.02578125
4 0.33828125 0.51484375 0.015625 0.01796875
4 0.32421875 0.525 0.02265625 0.025