4 0.04375 0.840625 0.0875 0.140625
4 0.32109375 0.5109375 0.05703125 0.053125
4 0.51640625 0.4 0.03359375 0.0359375
4 0.54453125 0.3859375 0.03046875 0.03203125
4 0.575 0.3765625 0.03203125 0.02890625
4 0.4671875 0.42265625 0.04296875 0.0375
4 0.19921875 0.6 0.090625 0.08359375
4 0.95625 0.81640625 0.08203125 0.125
1 0.68203125 0.47109375 0.009375 0.0421875
1 0.73671875 0.45078125 0.01171875 0.0375
1 0.75 0.4375 0.01015625 0.0375
1 0.76171875 0.425 0.009375 0.03203125
1 0.77109375 0.4171875 0.0078125 0.028125
4 0.30234375 0.45625 0.15625 0.15390625
4 0.796875 0.428125 0.03828125 0.03828125
4 0.4875 0.83125 0.16171875 0.17109375
4 0.66015625 0.59609375 0.08203125 0.08359375
1 0.7 0.44375 0.0484375 0.10390625
1 0.36796875 0.52890625 0.08203125 0.14140625