4 0.2890625 0.52265625 0.034375 0.04140625
4 0.9875 0.89609375 0.01953125 0.06640625
4 0.5484375 0.95859375 0.13671875 0.075
4 0.3140625 0.46328125 0.01640625 0.01953125
4 0.9328125 0.684375 0.11015625 0.06875
4 0.61640625 0.76875 0.125 0.10390625
4 0.81796875 0.87265625 0.18203125 0.10390625
4 0.20625 0.36953125 0.0125 0.0125
4 0.6375 0.56640625 0.07109375 0.05
4 0.44609375 0.6015625 0.25 0.253125
4 0.13359375 0.41875 0.0171875 0.01953125
4 0.31171875 0.54296875 0.025 0.04453125
4 0.1671875 0.4140625 0.01953125 0.01796875
4 0.42109375 0.4765625 0.05078125 0.04375
4 0.57265625 0.63984375 0.05390625 0.06796875
4 0.6890625 0.715625 0.11875 0.10546875
4 0.184375 0.44921875 0.02109375 0.0234375
4 0.24296875 0.39453125 0.0171875 0.01484375
4 0.1609375 0.4640625 0.0234375 0.02734375
4 0.97265625 0.76015625 0.04921875 0.071875
4 0.2453125 0.471875 0.0796875 0.0921875
4 0.1953125 0.378125 0.01171875 0.01484375
4 0.2078125 0.39296875 0.01171875 0.0109375
4 0.87578125 0.81640625 0.16015625 0.1375
4 0.221875 0.403125 0.01328125 0.01328125
4 0.2828125 0.4265625 0.02265625 0.028125