4 0.58359375 0.66171875 0.065625 0.07265625
4 0.4796875 0.640625 0.03671875 0.04140625
4 0.515625 0.68046875 0.04609375 0.05
4 0.53203125 0.63671875 0.0375 0.04453125
4 0.53984375 0.5984375 0.034375 0.03359375
4 0.50703125 0.61328125 0.02890625 0.03671875
4 0.42109375 0.640625 0.04296875 0.0515625
4 0.3984375 0.6125 0.025 0.0359375
4 0.44453125 0.60546875 0.03359375 0.03984375
4 0.45625 0.578125 0.0296875 0.02578125
4 0.4828125 0.596875 0.0265625 0.034375
4 0.4875 0.50625 0.0265625 0.02421875
4 0.34765625 0.53828125 0.02890625 0.0546875
4 0.37265625 0.4875 0.03203125 0.05859375
4 0.40078125 0.5375 0.01484375 0.01953125
4 0.4109375 0.54765625 0.015625 0.02265625
4 0.4109375 0.578125 0.02421875 0.0296875
4 0.42578125 0.56015625 0.01953125 0.02578125
4 0.50859375 0.5765625 0.0234375 0.03046875
4 0.4828125 0.56328125 0.0203125 0.02421875
4 0.71640625 0.8859375 0.125 0.08359375
4 0.3734375 0.7125 0.0484375 0.06640625
4 0.721875 0.7875 0.1140625 0.10703125
4 0.390625 0.52578125 0.0203125 0.0234375
4 0.86328125 0.88984375 0.13125 0.07734375
4 0.92265625 0.8515625 0.1265625 0.09921875
4 0.79140625 0.76640625 0.09296875 0.07578125
4 0.61875 0.78203125 0.08984375 0.096875
4 0.5578125 0.87265625 0.09765625 0.12109375
4 0.5015625 0.79296875 0.071875 0.07734375
4 0.553125 0.71875 0.06484375 0.065625
4 0.4625 0.72109375 0.0578125 0.07109375
4 0.440625 0.68671875 0.0375 0.04765625
4 0.64140625 0.71875 0.06328125 0.05859375
4 0.65 0.67109375 0.053125 0.05078125
4 0.6203125 0.640625 0.04921875 0.04375