1 0.43046875 0.56171875 0.00625 0.03515625
1 0.4375 0.5546875 0.00859375 0.0328125
1 0.94609375 0.6671875 0.0109375 0.05078125
1 0.934375 0.65625 0.01015625 0.04609375
1 0.92734375 0.6421875 0.01015625 0.0515625
1 0.98515625 0.86328125 0.02421875 0.09140625
4 0.72734375 0.425 0.034375 0.03125
1 0.95546875 0.6890625 0.01328125 0.04296875
1 0.40546875 0.57109375 0.009375 0.0375
4 0.21328125 0.68046875 0.06796875 0.08359375
1 0.41953125 0.56484375 0.00859375 0.03671875
1 0.425 0.5625 0.00703125 0.0375