4 0.43671875 0.421875 0.01796875 0.01953125
4 0.4015625 0.45390625 0.025 0.02578125
4 0.3828125 0.4671875 0.03203125 0.03125
4 0.36484375 0.48984375 0.0328125 0.0390625
4 0.3484375 0.50703125 0.0390625 0.04765625
4 0.32734375 0.5296875 0.04453125 0.05078125
4 0.20078125 0.5140625 0.0421875 0.03671875
4 0.2859375 0.55703125 0.04921875 0.0515625
4 0.25625 0.58828125 0.0609375 0.065625
4 0.17578125 0.5671875 0.06875 0.05234375
4 0.203125 0.62578125 0.08203125 0.08046875
4 0.68515625 0.459375 0.0515625 0.0921875
4 0.6515625 0.51484375 0.0359375 0.0359375
4 0.59453125 0.4078125 0.0140625 0.01796875
4 0.6234375 0.45546875 0.0265625 0.028125
4 0.41875 0.3953125 0.0125 0.0140625
4 0.44921875 0.41328125 0.015625 0.01875
4 0.39921875 0.4203125 0.02421875 0.0234375
4 0.37734375 0.41328125 0.01640625 0.01796875
4 0.35703125 0.41875 0.0171875 0.0078125
4 0.36171875 0.40546875 0.015625 0.0171875
4 0.40234375 0.396875 0.02109375 0.01875
4 0.6140625 0.42421875 0.01640625 0.01796875
4 0.44609375 0.39140625 0.0125 0.0140625
4 0.1453125 0.6734375 0.1 0.09453125
4 0.11640625 0.52578125 0.05625 0.04765625
4 0.43203125 0.40078125 0.01640625 0.01484375
4 0.38359375 0.3953125 0.01484375 0.0109375
4 0.7734375 0.7296875 0.0890625 0.09453125
4 0.03515625 0.7875 0.0703125 0.15
4 0.03515625 0.64453125 0.06953125 0.08984375
4 0.8 0.61015625 0.059375 0.06640625
4 0.4234375 0.4328125 0.0234375 0.028125
4 0.3578125 0.43984375 0.03046875 0.03515625
4 0.31796875 0.4234375 0.02421875 0.02265625
4 0.309375 0.45234375 0.03125 0.03046875
4 0.25 0.46015625 0.040625 0.0296875
4 0.2578125 0.4796875 0.0328125 0.0375
4 0.2859375 0.496875 0.03984375 0.0421875