4 0.27578125 0.48515625 0.04921875 0.06484375
4 0.77265625 0.64921875 0.1421875 0.13203125
1 0.10390625 0.621875 0.01953125 0.0625
1 0.16015625 0.475 0.01015625 0.03828125
0 0.21171875 0.390625 0.04921875 0.08046875
1 0.07890625 0.5921875 0.02265625 0.084375
1 0.14296875 0.51015625 0.0125 0.04921875
0 0.23203125 0.34140625 0.028125 0.034375
4 0.26953125 0.43828125 0.03828125 0.04296875
4 0.45859375 0.87578125 0.196875 0.240625
4 0.17421875 0.653125 0.09296875 0.125
4 0.309375 0.58359375 0.084375 0.11796875
4 0.94765625 0.703125 0.09921875 0.128125