4 0.81796875 0.90546875 0.3609375 0.18515625
4 0.90625 0.95703125 0.184375 0.08125
4 0.43046875 0.18671875 0.01328125 0.01484375
4 0.4125 0.21796875 0.01796875 0.01640625
4 0.421875 0.23671875 0.01796875 0.01953125
4 0.31171875 0.2578125 0.0328125 0.03046875
4 0.46875 0.165625 0.01015625 0.01015625
4 0.34765625 0.2546875 0.0296875 0.0296875
4 0.37109375 0.246875 0.021875 0.02421875
4 0.3296875 0.24921875 0.01953125 0.025
4 0.40390625 0.253125 0.0265625 0.02734375
4 0.41171875 0.24375 0.0203125 0.02421875