1 0.14765625 0.64609375 0.02265625 0.0625
4 0.9703125 0.665625 0.05703125 0.07734375
4 0.971875 0.58125 0.05390625 0.0625
4 0.78515625 0.459375 0.0296875 0.03984375
1 0.975 0.75625 0.02109375 0.07890625
1 0.9359375 0.70078125 0.0171875 0.07265625
1 0.08046875 0.696875 0.0328125 0.07734375
1 0.9015625 0.65390625 0.015625 0.06640625
1 0.8734375 0.62578125 0.0140625 0.05234375
1 0.85546875 0.59453125 0.01171875 0.05234375
1 0.2109375 0.59609375 0.01875 0.05859375
1 0.26171875 0.55703125 0.02109375 0.05625
1 0.29921875 0.528125 0.015625 0.04375
1 0.3265625 0.50625 0.0140625 0.04140625
1 0.38125 0.46796875 0.01015625 0.03125
1 0.39375 0.459375 0.00859375 0.03125
1 0.4375 0.42421875 0.00546875 0.01015625
1 0.42734375 0.421875 0.00546875 0.01484375
1 0.41796875 0.40078125 0.00546875 0.01484375
4 0.11328125 0.48046875 0.06484375 0.05078125
4 0.0875 0.50625 0.0578125 0.06640625
1 0.35 0.490625 0.0125 0.03359375
1 0.36875 0.48125 0.01015625 0.03125
4 0.3515625 0.4296875 0.040625 0.0734375
4 0.9203125 0.540625 0.04765625 0.06015625
4 0.81796875 0.4953125 0.0390625 0.028125
4 0.85546875 0.4546875 0.06015625 0.090625
4 0.75625 0.5140625 0.034375 0.0390625
4 0.7390625 0.4953125 0.028125 0.03671875
1 0.77890625 0.49609375 0.00625 0.02890625
4 0.72578125 0.47109375 0.02578125 0.03125
4 0.68671875 0.4390625 0.025 0.02578125
4 0.628125 0.41875 0.02890625 0.02578125
4 0.6640625 0.403125 0.0359375 0.0359375
4 0.88984375 0.57578125 0.053125 0.0515625
4 0.746875 0.4421875 0.02421875 0.02734375
4 0.43203125 0.47421875 0.06953125 0.09609375
4 0.80859375 0.58203125 0.0875 0.14375
1 0.7890625 0.49921875 0.00703125 0.0203125
1 0.453125 0.41953125 0.00625 0.0140625
1 0.45078125 0.403125 0.00546875 0.0140625
1 0.43359375 0.40078125 0.00546875 0.0140625
4 0.30625 0.41171875 0.0765625 0.06796875
4 0.38203125 0.41328125 0.03125 0.05234375
4 0.65703125 0.42421875 0.02578125 0.0296875
4 0.6 0.4109375 0.01953125 0.021875
4 0.578125 0.40703125 0.01953125 0.0203125
4 0.7625 0.43828125 0.01328125 0.02421875