4 0.69921875 0.34140625 0.01875 0.025
4 0.77109375 0.43046875 0.04453125 0.0484375
4 0.63984375 0.32890625 0.015625 0.02109375
0 0.6046875 0.28984375 0.02265625 0.0234375
4 0.475 0.27578125 0.0109375 0.01953125
4 0.65859375 0.31484375 0.0125 0.01328125
4 0.63125 0.3109375 0.01015625 0.01484375
4 0.49140625 0.284375 0.00859375 0.0109375
4 0.665625 0.32421875 0.015625 0.01640625
4 0.75859375 0.52578125 0.06171875 0.08125
4 0.50703125 0.284375 0.00859375 0.0109375
4 0.3703125 0.440625 0.053125 0.05625
4 0.0046875 0.76171875 0.009375 0.0828125
4 0.82734375 0.49453125 0.06171875 0.0640625
4 0.13359375 0.64140625 0.125 0.11640625
4 0.26484375 0.53046875 0.08125 0.07734375
4 0.940625 0.634375 0.11640625 0.14765625
4 0.69609375 0.41640625 0.03671875 0.04140625