4 0.48671875 0.28828125 0.01328125 0.01484375
4 0.625 0.31015625 0.01171875 0.0125
4 0.64140625 0.3234375 0.0140625 0.0140625
4 0.65234375 0.34765625 0.0203125 0.025
4 0.73515625 0.3890625 0.0375 0.0515625
4 0.89453125 0.490625 0.0609375 0.05234375
4 0.709375 0.33828125 0.015625 0.01875
4 0.821875 0.63671875 0.0953125 0.09765625
4 0.76015625 0.37890625 0.02109375 0.02734375
4 0.71015625 0.36484375 0.02421875 0.034375
4 0.65 0.33203125 0.015625 0.0125
4 0.6890625 0.3203125 0.0171875 0.0171875
4 0.671875 0.3125 0.01484375 0.0140625
4 0.6546875 0.31484375 0.01171875 0.01328125
4 0.64140625 0.30625 0.0125 0.0140625
4 0.503125 0.29140625 0.0140625 0.0140625