4 0.421875 0.48125 0.21328125 0.17109375
4 0.940625 0.7125 0.11328125 0.20390625
4 0.978125 0.15546875 0.03671875 0.03203125
4 0.89609375 0.18515625 0.05078125 0.04296875
4 0.93125 0.1765625 0.03125 0.0390625
4 0.484375 0.84765625 0.32109375 0.29609375
4 0.6546875 0.14609375 0.04765625 0.0421875
3 0.26171875 0.29765625 0.02265625 0.09609375
3 0.309375 0.31875 0.028125 0.0875
4 0.95703125 0.16796875 0.03125 0.0375
4 0.73046875 0.24140625 0.08515625 0.075
4 0.87578125 0.8515625 0.18828125 0.15546875
4 0.9046875 0.22890625 0.0609375 0.06328125
4 0.97421875 0.3625 0.0453125 0.09140625