1 0.71875 0.71171875 0.02421875 0.0859375
4 0.56484375 0.6015625 0.12421875 0.178125
4 0.59140625 0.4515625 0.08203125 0.11640625
4 0.4171875 0.15703125 0.03828125 0.03828125
4 0.11640625 0.1421875 0.03515625 0.028125
4 0.13671875 0.18046875 0.06875 0.05
4 0.00703125 0.52265625 0.0140625 0.0875
1 0.6625 0.7046875 0.01953125 0.078125
4 0.44921875 0.1390625 0.040625 0.0390625
4 0.51328125 0.84296875 0.1953125 0.30546875
4 0.4953125 0.33984375 0.08671875 0.10390625
4 0.55234375 0.23984375 0.053125 0.05
1 0.7078125 0.54609375 0.12578125 0.32890625