4 0.3703125 0.29609375 0.02734375 0.0375
4 0.40234375 0.36171875 0.0453125 0.05078125
4 0.409375 0.4296875 0.0625 0.09375
1 0.2859375 0.4625 0.01796875 0.05390625
3 0.16640625 0.62421875 0.04296875 0.10703125
1 0.30234375 0.475 0.01484375 0.05078125
4 0.40078125 0.23203125 0.015625 0.0203125
4 0.47890625 0.421875 0.06484375 0.07890625
4 0.5234375 0.29140625 0.03828125 0.03359375
4 0.6515625 0.35703125 0.06015625 0.05234375
4 0.609375 0.3390625 0.05625 0.0484375
4 0.353125 0.2609375 0.034375 0.06015625
4 0.37890625 0.31875 0.0375 0.0421875
3 0.828125 0.39375 0.01953125 0.07109375