4 0.55234375 0.5625 0.2015625 0.14140625
1 0.30078125 0.471875 0.0171875 0.05703125
3 0.2390625 0.3984375 0.01015625 0.053125
4 0.58046875 0.31796875 0.04296875 0.03984375
4 0.378125 0.2546875 0.02265625 0.02421875
4 0.45234375 0.4328125 0.0671875 0.07578125
4 0.73125 0.42421875 0.11640625 0.06875
3 0.42578125 0.47265625 0.034375 0.07890625
4 0.315625 0.29765625 0.028125 0.02890625
4 0.44921875 0.31875 0.034375 0.04609375
4 0.528125 0.39375 0.0625 0.07890625
4 0.4875 0.27421875 0.02265625 0.0265625
4 0.034375 0.90390625 0.06796875 0.15859375
3 0.26640625 0.328125 0.01171875 0.040625
1 0.284375 0.4625 0.015625 0.053125
4 0.7078125 0.37578125 0.06875 0.03359375
4 0.64765625 0.3578125 0.06640625 0.0578125
4 0.4109375 0.36484375 0.04765625 0.05390625
4 0.3890625 0.328125 0.0359375 0.0421875
4 0.36796875 0.29453125 0.02890625 0.03359375
4 0.546875 0.30546875 0.040625 0.03828125
4 0.521875 0.2921875 0.0359375 0.0328125
4 0.46328125 0.25859375 0.02421875 0.025