1 0.20703125 0.590625 0.015625 0.05625
4 0.89453125 0.84296875 0.1375 0.16484375
4 0.95703125 0.71953125 0.08359375 0.11015625
4 0.80234375 0.66640625 0.09375 0.125
4 0.0859375 0.72265625 0.171875 0.275
4 0.95703125 0.6 0.08203125 0.07109375
4 0.2921875 0.57109375 0.06953125 0.075
4 0.78671875 0.49765625 0.0484375 0.05
4 0.4015625 0.484375 0.04140625 0.04375
4 0.6796875 0.45234375 0.02734375 0.02890625
4 0.45078125 0.43671875 0.0296875 0.03515625
4 0.50078125 0.35859375 0.015625 0.0125
1 0.90546875 0.71640625 0.02421875 0.075
1 0.8328125 0.61953125 0.015625 0.05625
1 0.7890625 0.56171875 0.0125 0.04765625
1 0.2875 0.528125 0.0125 0.01875
1 0.76171875 0.525 0.0140625 0.04609375
1 0.34453125 0.496875 0.015625 0.03515625
1 0.72890625 0.484375 0.03984375 0.06875
1 0.37890625 0.46875 0.0125 0.0375
1 0.40546875 0.446875 0.01015625 0.03125
1 0.428125 0.43359375 0.00703125 0.025
1 0.44609375 0.41640625 0.00859375 0.0125
1 0.459375 0.40703125 0.00703125 0.01875
4 0.48359375 0.40546875 0.01875 0.01953125
4 0.50078125 0.39609375 0.01640625 0.01953125
4 0.515625 0.3796875 0.01796875 0.021875
1 0.39765625 0.390625 0.00390625 0.01484375
4 0.65703125 0.3640625 0.02734375 0.02890625
4 0.65859375 0.4078125 0.0171875 0.01953125
4 0.6640625 0.42265625 0.0203125 0.02109375
1 0.6703125 0.4046875 0.00390625 0.0140625
1 0.67578125 0.40859375 0.0046875 0.01484375
1 0.67890625 0.41484375 0.00390625 0.01640625
1 0.6859375 0.42265625 0.0046875 0.01875
1 0.69140625 0.42890625 0.00546875 0.01953125
1 0.696875 0.4390625 0.00625 0.02109375
4 0.7140625 0.43203125 0.02109375 0.02734375
4 0.7046875 0.38828125 0.02421875 0.03359375
4 0.6859375 0.38671875 0.01171875 0.01484375
4 0.73359375 0.40859375 0.04296875 0.05546875
4 0.66328125 0.38125 0.01484375 0.0171875
4 0.71328125 0.5109375 0.04140625 0.03984375
4 0.6515625 0.4 0.015625 0.01953125
4 0.73203125 0.4546875 0.025 0.02890625
4 0.74296875 0.5625 0.05625 0.0703125
4 0.77109375 0.453125 0.02578125 0.03125
4 0.47890625 0.41640625 0.0203125 0.02109375
4 0.47734375 0.36015625 0.009375 0.0125