4 0.75390625 0.49609375 0.0609375 0.07109375
4 0.89765625 0.509375 0.07421875 0.06875
4 0.059375 0.41953125 0.10546875 0.04609375
4 0.6796875 0.38828125 0.028125 0.03125
4 0.38203125 0.4125 0.040625 0.05
4 0.26171875 0.50703125 0.090625 0.11484375
0 0.39609375 0.34296875 0.05703125 0.07109375
4 0.65703125 0.3140625 0.01796875 0.021875
4 0.6890625 0.321875 0.0171875 0.01875
4 0.29140625 0.371875 0.07421875 0.10625
4 0.16015625 0.59765625 0.1078125 0.10390625
4 0.43359375 0.31640625 0.01640625 0.01796875
4 0.45 0.325 0.01875 0.02109375
4 0.4671875 0.3375 0.02265625 0.0234375
4 0.46875 0.3109375 0.0171875 0.01953125
4 0.45546875 0.30390625 0.01640625 0.01796875
4 0.47265625 0.30234375 0.01328125 0.0140625
4 0.49765625 0.29453125 0.01171875 0.0125
4 0.5171875 0.29609375 0.01328125 0.01484375
4 0.64140625 0.30234375 0.0125 0.01640625
4 0.58828125 0.29140625 0.0140625 0.01640625
4 0.61875 0.30546875 0.0125 0.01484375
4 0.74140625 0.37578125 0.0625 0.09375
4 0.80625 0.41171875 0.03828125 0.03984375