4 0.7046875 0.3671875 0.02265625 0.025
4 0.715625 0.35625 0.0203125 0.0265625
4 0.503125 0.36953125 0.02734375 0.03046875
4 0.6734375 0.5421875 0.06796875 0.08984375
4 0.63125 0.41484375 0.034375 0.0375
4 0.7375 0.36953125 0.01953125 0.025
4 0.02734375 0.66171875 0.05390625 0.13515625
4 0.0921875 0.9375 0.184375 0.11796875
4 0.84921875 0.63046875 0.1078125 0.11484375
4 0.903125 0.8609375 0.18828125 0.159375
4 0.2640625 0.365625 0.046875 0.02109375
4 0.44140625 0.371875 0.03359375 0.02890625
4 0.66484375 0.39375 0.04140625 0.03125
4 0.703125 0.403125 0.034375 0.04296875
4 0.6859375 0.43515625 0.03671875 0.0453125
4 0.72109375 0.4671875 0.046875 0.05546875
4 0.75859375 0.52109375 0.06484375 0.06640625
4 0.6828125 0.3515625 0.015625 0.021875