3 0.26328125 0.5234375 0.01328125 0.053125
4 0.4921875 0.440625 0.0265625 0.028125
4 0.38046875 0.42421875 0.05 0.05703125
3 0.17890625 0.94296875 0.04609375 0.1078125
3 0.215625 0.659375 0.028125 0.06953125
3 0.11640625 0.94765625 0.034375 0.096875
3 0.22578125 0.94296875 0.034375 0.10703125
3 0.2515625 0.5171875 0.0109375 0.046875
4 0.3953125 0.46328125 0.028125 0.02734375
4 0.41953125 0.4328125 0.02734375 0.0265625
4 0.44296875 0.46640625 0.028125 0.028125
4 0.4859375 0.471875 0.02578125 0.03359375