4 0.79140625 0.38125 0.0484375 0.0265625
4 0.140625 0.840625 0.26328125 0.21484375
4 0.8578125 0.3890625 0.05234375 0.03125
4 0.65078125 0.31640625 0.01328125 0.01640625
4 0.265625 0.36875 0.05 0.025
4 0.74609375 0.3578125 0.0203125 0.0203125
4 0.703125 0.3609375 0.02578125 0.028125
4 0.8 0.58671875 0.09921875 0.11796875
4 0.4421875 0.37578125 0.028125 0.02578125
4 0.2171875 0.684375 0.1734375 0.1234375
4 0.92890625 0.39375 0.040625 0.02578125
4 0.065625 0.63359375 0.13046875 0.10078125
4 0.14296875 0.734375 0.18828125 0.11953125