4 0.10625 0.815625 0.2125 0.21875
4 0.76015625 0.33828125 0.01953125 0.02421875
4 0.1484375 0.721875 0.19765625 0.13203125
4 0.18203125 0.646875 0.3296875 0.190625
4 0.01875 0.390625 0.03671875 0.0453125
4 0.21875 0.4 0.06328125 0.03359375
4 0.2609375 0.365625 0.034375 0.028125
4 0.34375 0.39453125 0.0578125 0.03203125
4 0.50703125 0.3609375 0.04375 0.021875
4 0.2890625 0.3546875 0.03046875 0.021875
4 0.5203125 0.38828125 0.04609375 0.034375
4 0.75546875 0.43828125 0.03828125 0.04609375
4 0.7265625 0.403125 0.03125 0.0328125
4 0.73203125 0.3734375 0.02265625 0.0265625
4 0.70625 0.36171875 0.0203125 0.01953125
4 0.72421875 0.34765625 0.02109375 0.03359375
4 0.92734375 0.39140625 0.0453125 0.034375
4 0.065625 0.934375 0.13046875 0.125
4 0.90546875 0.5953125 0.109375 0.09453125
4 0.746875 0.52890625 0.06796875 0.0734375
4 0.40546875 0.39921875 0.06640625 0.028125
4 0.28515625 0.403125 0.06640625 0.0359375
4 0.8765625 0.39609375 0.065625 0.028125
4 0.690625 0.44375 0.0453125 0.05703125