4 0.6234375 0.41328125 0.034375 0.04375
4 0.7515625 0.39609375 0.0546875 0.03125
4 0.74140625 0.38125 0.06640625 0.03828125
4 0.62265625 0.36484375 0.02578125 0.0234375
4 0.190625 0.3859375 0.04296875 0.0234375
4 0.21484375 0.38125 0.02578125 0.021875
4 0.23125 0.67734375 0.1734375 0.125
4 0.10078125 0.85078125 0.2015625 0.18046875
4 0.9234375 0.69453125 0.14765625 0.16640625
4 0.68359375 0.5484375 0.07109375 0.08359375
4 0.00859375 0.61484375 0.0171875 0.04140625
4 0.75625 0.521875 0.06640625 0.075
4 0.2640625 0.36640625 0.05078125 0.02265625
4 0.4375 0.37109375 0.0265625 0.02890625
4 0.71484375 0.47578125 0.04609375 0.05234375
4 0.68515625 0.43828125 0.0546875 0.06171875