4 0.02265625 0.95625 0.0453125 0.0796875
3 0.484375 0.45234375 0.01484375 0.046875
4 0.7015625 0.35703125 0.02265625 0.02109375
4 0.425 0.36875 0.028125 0.03203125
4 0.28359375 0.35703125 0.02734375 0.04375
4 0.01171875 0.6703125 0.02265625 0.08359375
4 0.04375 0.625 0.0875 0.096875
4 0.1890625 0.66171875 0.17265625 0.12578125
4 0.06796875 0.78828125 0.1359375 0.1734375
4 0.62734375 0.415625 0.03359375 0.03671875
3 0.49921875 0.43125 0.01328125 0.0421875
4 0.6671875 0.35859375 0.0203125 0.0234375
4 0.690625 0.36875 0.0234375 0.02421875
4 0.7296875 0.371875 0.021875 0.025
4 0.7125 0.384375 0.028125 0.028125
4 0.6953125 0.409375 0.0328125 0.0375
4 0.65390625 0.37265625 0.021875 0.0296875
4 0.625 0.353125 0.02890625 0.046875
4 0.8578125 0.2671875 0.02734375 0.03828125
4 0.159375 0.72734375 0.19609375 0.16640625