0 0.45546875 0.16484375 0.10859375 0.1203125
4 0.0609375 0.92265625 0.121875 0.14609375
4 0.115625 0.13984375 0.03046875 0.02578125
4 0.1375 0.175 0.065625 0.053125
1 0.71640625 0.69609375 0.03359375 0.1078125
1 0.728125 0.59765625 0.03203125 0.09765625
1 0.67109375 0.60625 0.02265625 0.09453125
1 0.6609375 0.6953125 0.02578125 0.08359375
4 0.5375 0.46015625 0.21484375 0.40859375
4 0.41875 0.14140625 0.071875 0.08515625
1 0.08203125 0.28984375 0.01875 0.05546875
4 0.3671875 0.784375 0.409375 0.4234375
4 0.2390625 0.2171875 0.16015625 0.16796875
1 0.7046875 0.5390625 0.128125 0.32109375