4 0.01875 0.86796875 0.03671875 0.096875
4 0.38125 0.446875 0.025 0.0234375
4 0.53125 0.55 0.05703125 0.0578125
4 0.50703125 0.5046875 0.0484375 0.04375
4 0.48046875 0.475 0.03046875 0.03046875
4 0.40625 0.4328125 0.01875 0.01875
4 0.48203125 0.4421875 0.025 0.02578125
4 0.4953125 0.428125 0.01953125 0.021875
4 0.50546875 0.41875 0.02109375 0.01640625
4 0.11015625 0.4828125 0.07421875 0.0296875
4 0.69765625 0.6578125 0.13359375 0.121875
4 0.91640625 0.878125 0.16171875 0.11796875
4 0.41484375 0.48125 0.028125 0.03125
4 0.409375 0.54375 0.05078125 0.059375
4 0.52578125 0.621875 0.08515625 0.08203125
4 0.43828125 0.4390625 0.0234375 0.02578125