4 0.71484375 0.49375 0.071875 0.07265625
4 0.70234375 0.4484375 0.04765625 0.034375
4 0.7125 0.41015625 0.03515625 0.07265625
4 0.68515625 0.40390625 0.02109375 0.0375
4 0.73515625 0.37734375 0.07578125 0.06796875
0 0.6734375 0.35234375 0.03828125 0.046875
4 0.6359375 0.36328125 0.03046875 0.02890625
4 0.015625 0.40078125 0.03125 0.02421875
4 0.265625 0.36484375 0.04296875 0.0234375
3 0.5046875 0.4421875 0.01171875 0.053125
4 0.8140625 0.603125 0.08828125 0.0953125
4 0.7765625 0.54140625 0.0703125 0.07734375
4 0.47109375 0.36796875 0.0296875 0.0203125
4 0.44140625 0.3734375 0.0296875 0.02421875
4 0.02265625 0.60390625 0.0453125 0.11796875
4 0.8609375 0.3921875 0.05703125 0.0296875
4 0.69296875 0.584375 0.0890625 0.1046875