4 0.05703125 0.86953125 0.11328125 0.25703125
4 0.73125 0.39453125 0.05390625 0.0328125
4 0.62421875 0.36484375 0.03203125 0.028125
4 0.6640625 0.3609375 0.02890625 0.02109375
4 0.8421875 0.27109375 0.0421875 0.0234375
4 0.94765625 0.271875 0.028125 0.028125
4 0.74296875 0.3546875 0.0234375 0.02421875
4 0.72734375 0.32734375 0.02109375 0.0328125
4 0.70546875 0.3609375 0.02109375 0.0203125
4 0.20625 0.37734375 0.04296875 0.0265625
4 0.03125 0.609375 0.0625 0.10078125
4 0.0171875 0.671875 0.034375 0.08359375
4 0.19921875 0.67421875 0.16953125 0.1125
4 0.15 0.73046875 0.1875 0.1390625
4 0.0453125 0.784375 0.090625 0.1421875