4 0.10625 0.39453125 0.034375 0.03671875
4 0.08203125 0.42890625 0.03984375 0.04140625
4 0.81328125 0.48203125 0.08671875 0.08203125
4 0.16015625 0.56484375 0.08125 0.10390625
4 0.00859375 0.35546875 0.0171875 0.01875
4 0.746875 0.440625 0.0671875 0.07578125
4 0.70078125 0.40078125 0.05390625 0.06328125
4 0.66015625 0.37265625 0.04375 0.05
4 0.6328125 0.34296875 0.03515625 0.04453125
4 0.5390625 0.246875 0.01328125 0.01640625
4 0.41484375 0.28828125 0.1 0.02578125
4 0.91328125 0.56640625 0.11875 0.1