4 0.92578125 0.721875 0.1421875 0.159375
4 0.00859375 0.7828125 0.0171875 0.065625
4 0.078125 0.934375 0.15625 0.125
4 0.0328125 0.6109375 0.065625 0.06953125
4 0.7625 0.46015625 0.04296875 0.03828125
4 0.7296875 0.3859375 0.03046875 0.03203125
4 0.6203125 0.37421875 0.03046875 0.0296875
3 0.42734375 0.778125 0.04296875 0.1375
4 0.746875 0.3609375 0.02265625 0.02734375
4 0.69921875 0.3734375 0.025 0.02734375
4 0.75546875 0.4265625 0.03828125 0.034375
4 0.31796875 0.3765625 0.02578125 0.03203125
4 0.26640625 0.36640625 0.04375 0.02578125
4 0.2265625 0.37421875 0.0421875 0.028125
4 0.034375 0.67734375 0.06796875 0.125
4 0.19140625 0.6640625 0.1796875 0.11328125
4 0.20234375 0.75078125 0.203125 0.13828125
4 0.140625 0.86953125 0.215625 0.1859375
3 0.45 0.68046875 0.034375 0.12578125
4 0.8125 0.51015625 0.0625 0.06953125