4 0.69609375 0.4390625 0.04453125 0.05
4 0.728125 0.390625 0.03125 0.03125
0 0.55234375 0.42734375 0.07109375 0.10390625
4 0.70078125 0.49140625 0.0546875 0.065625
4 0.0625 0.91875 0.125 0.15625
4 0.96328125 0.2796875 0.0453125 0.034375
4 0.2578125 0.3671875 0.0484375 0.021875
4 0.21328125 0.38359375 0.028125 0.025
4 0.18359375 0.38671875 0.046875 0.025
4 0.73515625 0.35859375 0.02109375 0.025
4 0.70546875 0.34453125 0.01796875 0.02265625
4 0.67890625 0.3515625 0.025 0.02265625
4 0.6671875 0.371875 0.02421875 0.0265625
4 0.01875 0.60234375 0.03671875 0.07265625
4 0.0609375 0.69453125 0.121875 0.11484375
4 0.10234375 0.83828125 0.2046875 0.19765625
4 0.96015625 0.6546875 0.07421875 0.11484375
4 0.79296875 0.746875 0.14765625 0.1734375