4 0.78046875 0.55 0.09453125 0.1078125
4 0.67890625 0.453125 0.05078125 0.059375
3 0.4875 0.48984375 0.01953125 0.05546875
4 0.43984375 0.36953125 0.03515625 0.025
4 0.6640625 0.37578125 0.02421875 0.03125
4 0.69140625 0.35078125 0.01796875 0.021875
4 0.7078125 0.36484375 0.021875 0.0234375
4 0.68984375 0.4078125 0.03046875 0.03359375
4 0.0140625 0.60625 0.028125 0.0625
4 0.19765625 0.6515625 0.18984375 0.1359375
4 0.04375 0.68515625 0.0875 0.1078125
4 0.203125 0.75390625 0.20703125 0.1484375
4 0.07265625 0.825 0.14453125 0.1703125
0 0.6203125 0.60234375 0.16796875 0.275
4 0.85390625 0.3890625 0.03671875 0.021875
4 0.559375 0.3796875 0.05 0.02578125
4 0.75234375 0.35078125 0.01796875 0.0171875
4 0.6734375 0.31875 0.0125 0.01484375
4 0.89375 0.3953125 0.0515625 0.03125
3 0.471875 0.55390625 0.0171875 0.065625
4 0.05546875 0.9515625 0.1109375 0.090625