4 0.1609375 0.403125 0.059375 0.034375
4 0.75078125 0.38203125 0.06875 0.028125
4 0.97265625 0.39609375 0.0484375 0.028125
4 0.62109375 0.37578125 0.071875 0.040625
4 0.73046875 0.5140625 0.065625 0.084375
4 0.628125 0.421875 0.03671875 0.04453125
4 0.2546875 0.3640625 0.04609375 0.02109375
4 0.71328125 0.4734375 0.05625 0.0640625
4 0.44921875 0.3421875 0.025 0.028125
4 0.80234375 0.58203125 0.09765625 0.121875
4 0.69609375 0.3625 0.02265625 0.0265625
4 0.84375 0.3890625 0.05703125 0.034375
4 0.73359375 0.36015625 0.02109375 0.0265625
3 0.45703125 0.63359375 0.028125 0.09375
4 0.7421875 0.34375 0.02890625 0.0375
4 0.81640625 0.2640625 0.05 0.03828125
4 0.740625 0.6453125 0.1125 0.11328125
4 0.6390625 0.45390625 0.0390625 0.05703125