4 0.21015625 0.7046875 0.10234375 0.13046875
4 0.4734375 0.6078125 0.1109375 0.11640625
4 0.59140625 0.7078125 0.153125 0.15625
4 0.1375 0.296875 0.0171875 0.01484375
4 0.6765625 0.33671875 0.04140625 0.04765625
4 0.9234375 0.90390625 0.15078125 0.05
4 0.2140625 0.50546875 0.0609375 0.06015625
4 0.3125 0.49296875 0.06328125 0.06171875
4 0.2828125 0.30234375 0.02265625 0.0125
4 0.378125 0.31015625 0.03125 0.01640625
4 0.01796875 0.375 0.0296875 0.02890625
4 0.084375 0.38671875 0.0328125 0.03046875
4 0.36484375 0.53125 0.07734375 0.07109375
4 0.54921875 0.85546875 0.2 0.2390625
4 0.30234375 0.86484375 0.15546875 0.2234375