4 0.61796875 0.38515625 0.065625 0.034375
3 0.45703125 0.609375 0.028125 0.09375
4 0.08984375 0.94296875 0.17890625 0.1078125
4 0.1234375 0.7296875 0.190625 0.13046875
4 0.228125 0.6796875 0.1734375 0.12109375
4 0.0484375 0.6234375 0.096875 0.09375
3 0.55078125 0.390625 0.00859375 0.03046875
4 0.21328125 0.37734375 0.03984375 0.02421875
4 0.259375 0.36640625 0.04296875 0.02734375
4 0.62734375 0.3640625 0.0296875 0.02421875
4 0.71171875 0.35390625 0.02109375 0.01953125
4 0.7328125 0.36875 0.021875 0.0234375
4 0.74296875 0.35703125 0.01875 0.0171875
4 0.07109375 0.80390625 0.1421875 0.16328125
4 0.69296875 0.36484375 0.021875 0.025
3 0.540625 0.3890625 0.009375 0.03515625