3 0.84140625 0.73515625 0.02890625 0.10390625
3 0.8203125 0.53828125 0.015625 0.05546875
3 0.7859375 0.65 0.0203125 0.075
3 0.04765625 0.5828125 0.021875 0.0828125
4 0.1921875 0.59296875 0.10625 0.08828125
4 0.6734375 0.46328125 0.034375 0.03515625
4 0.61015625 0.50703125 0.04765625 0.06015625
4 0.47578125 0.64453125 0.09375 0.096875
4 0.60234375 0.90234375 0.18671875 0.1859375
4 0.1375 0.77734375 0.17890625 0.17109375
4 0.28515625 0.559375 0.0859375 0.0640625
3 0.07265625 0.58359375 0.02578125 0.0828125
4 0.73828125 0.4125 0.021875 0.0234375
4 0.69765625 0.425 0.02265625 0.028125
4 0.6546875 0.41015625 0.02578125 0.0296875
4 0.62890625 0.421875 0.02734375 0.025
4 0.5609375 0.4953125 0.05 0.04609375
4 0.69296875 0.68046875 0.084375 0.1015625
4 0.6671875 0.78515625 0.10234375 0.1265625
3 0.38359375 0.5234375 0.01796875 0.0484375