3 0.81015625 0.61953125 0.015625 0.0625
3 0.8109375 0.54765625 0.015625 0.0515625
3 0.796875 0.66484375 0.02421875 0.0765625
4 0.65390625 0.55625 0.05078125 0.05703125
4 0.30703125 0.58359375 0.13671875 0.14921875
4 0.59765625 0.92734375 0.16171875 0.1375
4 0.52421875 0.48125 0.0484375 0.05390625
4 0.69453125 0.4625 0.03125 0.04140625
4 0.590625 0.44609375 0.03984375 0.04140625
4 0.63671875 0.425 0.028125 0.025
3 0.82265625 0.81015625 0.02578125 0.09609375
3 0.25703125 0.50859375 0.0140625 0.03359375
3 0.39375 0.47109375 0.01953125 0.075
3 0.090625 0.53359375 0.01796875 0.06640625
4 0.28046875 0.5421875 0.07890625 0.0875
3 0.11484375 0.565625 0.01640625 0.0671875
3 0.128125 0.56328125 0.015625 0.065625
4 0.44921875 0.440625 0.0390625 0.03203125
4 0.41484375 0.4328125 0.034375 0.03828125
4 0.61015625 0.515625 0.0484375 0.046875
4 0.64296875 0.4765625 0.03125 0.034375
4 0.72421875 0.40546875 0.01484375 0.01484375
4 0.69453125 0.40703125 0.01796875 0.01796875
3 0.8328125 0.61484375 0.01953125 0.07578125
3 0.79453125 0.61328125 0.01328125 0.0375