4 0.5515625 0.34609375 0.0625 0.05390625
0 0.246875 0.834375 0.49375 0.321875
4 0.64921875 0.725 0.27109375 0.18359375
4 0.30703125 0.43046875 0.07421875 0.0890625
4 0.415625 0.42421875 0.0953125 0.09296875
3 0.23671875 0.45390625 0.03046875 0.09140625
3 0.71328125 0.5375 0.034375 0.08359375
4 0.71484375 0.43671875 0.13359375 0.0875
4 0.47265625 0.29453125 0.05078125 0.04609375
4 0.20703125 0.203125 0.0328125 0.04453125
3 0.33828125 0.51796875 0.0265625 0.09765625
3 0.4765625 0.50234375 0.02421875 0.08828125
3 0.4078125 0.496875 0.021875 0.09765625
4 0.23828125 0.2078125 0.028125 0.03359375
4 0.34921875 0.234375 0.04921875 0.0453125
4 0.378125 0.25 0.034375 0.03046875
4 0.40859375 0.25859375 0.040625 0.03515625
4 0.4359375 0.2734375 0.04375 0.04140625
4 0.625 0.36796875 0.115625 0.10390625
3 0.43046875 0.48203125 0.025 0.0859375