4 0.3546875 0.5234375 0.07265625 0.06640625
4 0.371875 0.97578125 0.13359375 0.04375
4 0.22890625 0.709375 0.1078125 0.13984375
4 0.5640625 0.68984375 0.15625 0.15859375
4 0.7859375 0.46953125 0.08359375 0.08125
4 0.04296875 0.28984375 0.01953125 0.0171875
4 0.5796875 0.27890625 0.02578125 0.03828125
4 0.75 0.3890625 0.0515625 0.0515625
4 0.8953125 0.465625 0.0859375 0.07890625
4 0.90546875 0.55703125 0.11640625 0.10078125
4 0.12578125 0.509375 0.05390625 0.07109375
4 0.15625 0.4296875 0.04375 0.04609375
4 0.17890625 0.45234375 0.04375 0.0484375
4 0.22421875 0.42578125 0.04609375 0.046875
4 0.215625 0.49296875 0.053125 0.0578125
4 0.27421875 0.4609375 0.05234375 0.059375
4 0.3109375 0.4890625 0.06015625 0.059375
4 0.27109375 0.5390625 0.09140625 0.09140625
4 0.53984375 0.2453125 0.0171875 0.01171875
4 0.60078125 0.3125 0.02578125 0.0328125
4 0.65390625 0.365625 0.04375 0.0484375
4 0.71171875 0.42109375 0.06015625 0.0578125
4 0.4328125 0.58203125 0.0890625 0.08671875
4 0.96484375 0.52109375 0.0671875 0.09375
4 0.1609375 0.5671875 0.07265625 0.08984375
4 0.35625 0.6625 0.1078125 0.10859375
4 0.39453125 0.31015625 0.01796875 0.009375
4 0.37265625 0.30703125 0.01953125 0.01484375
4 0.31328125 0.30703125 0.0234375 0.01171875
4 0.2921875 0.30390625 0.01875 0.0140625
4 0.2296875 0.3 0.021875 0.0140625
4 0.18046875 0.31171875 0.021875 0.0125