4 0.896875 0.66640625 0.20078125 0.175
4 0.703125 0.4359375 0.1109375 0.0890625
4 0.4484375 0.33359375 0.07421875 0.05703125
4 0.3984375 0.2671875 0.025 0.0296875
4 0.42109375 0.278125 0.0265625 0.03515625
4 0.446875 0.28359375 0.03671875 0.040625
4 0.371875 0.25078125 0.03671875 0.02734375
4 0.3453125 0.24453125 0.0265625 0.02734375
4 0.21171875 0.2421875 0.034375 0.0328125
4 0.83515625 0.84609375 0.32421875 0.165625
3 0.115625 0.50390625 0.01953125 0.09140625
4 0.1921875 0.26640625 0.03671875 0.03828125
4 0.221875 0.6984375 0.23828125 0.17109375
4 0.23828125 0.20625 0.0375 0.04453125
4 0.28046875 0.2359375 0.0265625 0.0328125
4 0.31875 0.25625 0.03828125 0.03671875
4 0.47421875 0.29921875 0.0484375 0.05546875
4 0.54453125 0.34921875 0.0578125 0.05390625
4 0.49765625 0.41796875 0.11640625 0.0953125
4 0.57421875 0.415625 0.07890625 0.078125
4 0.61484375 0.39140625 0.0828125 0.06796875
3 0.0875 0.45234375 0.02109375 0.0640625
3 0.0953125 0.51015625 0.01640625 0.09140625