4 0.40390625 0.4265625 0.0875 0.1046875
3 0.6421875 0.50703125 0.03984375 0.0890625
4 0.36640625 0.28203125 0.040625 0.0359375
4 0.43359375 0.3234375 0.0578125 0.0484375
4 0.29609375 0.4609375 0.08046875 0.0859375
4 0.1921875 0.72265625 0.26328125 0.171875
4 0.33515625 0.2640625 0.03359375 0.03046875
3 0.06875 0.52734375 0.0375 0.109375
3 0.0765625 0.46953125 0.021875 0.08203125
4 0.2078125 0.4578125 0.06875 0.09921875
3 0.17578125 0.5234375 0.05078125 0.12890625
4 0.5328125 0.63359375 0.2109375 0.15
3 0.125 0.48046875 0.025 0.0984375
3 0.09921875 0.49765625 0.02109375 0.0921875
4 0.25859375 0.225 0.05234375 0.065625
4 0.2765625 0.2578125 0.0328125 0.0359375
4 0.4328125 0.26875 0.06171875 0.06171875
4 0.225 0.31953125 0.046875 0.05078125
4 0.2546875 0.34921875 0.04921875 0.0625
4 0.278125 0.39453125 0.065625 0.07421875
4 0.33515625 0.3625 0.0625 0.06875