1 0.5390625 0.496875 0.0125 0.03515625
4 0.2234375 0.659375 0.25390625 0.17734375
1 0.05078125 0.7125 0.0171875 0.05859375
1 0.4703125 0.52578125 0.0140625 0.03984375
1 0.59140625 0.46875 0.01015625 0.02890625
1 0.615625 0.45390625 0.00703125 0.025
1 0.64765625 0.43828125 0.00859375 0.02734375
1 0.671875 0.42578125 0.00859375 0.02265625
1 0.69296875 0.41640625 0.00859375 0.025
1 0.71328125 0.40546875 0.00859375 0.02734375
1 0.73046875 0.39375 0.00859375 0.02109375
1 0.746875 0.38515625 0.00859375 0.02109375
1 0.7625 0.375 0.00859375 0.025
1 0.77890625 0.3625 0.00703125 0.025
1 0.7890625 0.35546875 0.00703125 0.01875
1 0.3734375 0.578125 0.02265625 0.02421875