3 0.97578125 0.45703125 0.0203125 0.0671875
3 0.37734375 0.309375 0.0203125 0.06328125
4 0.84609375 0.5703125 0.0984375 0.12421875
4 0.878125 0.48828125 0.0796875 0.103125
3 0.959375 0.584375 0.03046875 0.10078125
3 0.97421875 0.4078125 0.01796875 0.04296875
3 0.9828125 0.3859375 0.01171875 0.03359375
4 0.77734375 0.26953125 0.03125 0.0328125
4 0.809375 0.25234375 0.034375 0.034375
4 0.8640625 0.25703125 0.02890625 0.03046875
4 0.8921875 0.23203125 0.0234375 0.0296875
4 0.91484375 0.2109375 0.0140625 0.02109375
4 0.9359375 0.21953125 0.01953125 0.02421875
4 0.79375 0.203125 0.02265625 0.02421875
4 0.81328125 0.20390625 0.01953125 0.021875
4 0.1875 0.65234375 0.26171875 0.228125
4 0.79765625 0.70859375 0.15703125 0.2078125
4 0.5203125 0.42421875 0.11484375 0.103125
4 0.66015625 0.33515625 0.08203125 0.0765625
4 0.7515625 0.28828125 0.0484375 0.04921875
0 0.91015625 0.3125 0.07734375 0.10859375
3 0.984375 0.5875 0.02578125 0.10859375
3 0.13515625 0.39140625 0.03125 0.0921875
3 0.58828125 0.2515625 0.0171875 0.0609375
3 0.9703125 0.80390625 0.05390625 0.06640625