3 0.02734375 0.94609375 0.05390625 0.1
3 0.13515625 0.48359375 0.02578125 0.075
4 0.22421875 0.48515625 0.090625 0.12890625
4 0.82421875 0.59765625 0.1875 0.14609375
4 0.89921875 0.84140625 0.19609375 0.175
3 0.92578125 0.509375 0.01796875 0.08984375
3 0.81015625 0.4328125 0.015625 0.0640625
4 0.4421875 0.33515625 0.0609375 0.05
4 0.409375 0.30390625 0.0515625 0.04375
4 0.309375 0.25078125 0.03359375 0.03125
4 0.259375 0.24765625 0.03125 0.03203125
4 0.21015625 0.2390625 0.02578125 0.02734375
4 0.17109375 0.2640625 0.03203125 0.0359375
4 0.16171875 0.234375 0.025 0.025
4 0.178125 0.215625 0.02109375 0.0234375
4 0.2296875 0.2234375 0.021875 0.025
4 0.2390625 0.21484375 0.01875 0.02109375
3 0.1109375 0.40546875 0.01796875 0.07421875
3 0.07578125 0.65 0.0265625 0.09921875
3 0.0640625 0.609375 0.01484375 0.0546875
3 0.0765625 0.521875 0.02890625 0.07265625
3 0.10703125 0.578125 0.0296875 0.11171875
3 0.08515625 0.57421875 0.01875 0.08203125
3 0.03046875 0.678125 0.025 0.09296875
3 0.025 0.62265625 0.01796875 0.07109375
3 0.1046875 0.2859375 0.01171875 0.0390625
4 0.61875 0.44921875 0.11328125 0.08984375
4 0.51015625 0.37578125 0.07578125 0.06171875
4 0.3453125 0.271875 0.040625 0.03984375
3 0.00703125 0.625 0.0140625 0.075
3 0.0890625 0.41484375 0.01875 0.07890625