4 0.61640625 0.275 0.02109375 0.02109375
4 0.3453125 0.30546875 0.034375 0.01875
4 0.41875 0.296875 0.09921875 0.03515625
4 0.24921875 0.29375 0.08984375 0.03359375
4 0.45234375 0.75234375 0.15859375 0.19765625
4 0.50390625 0.6421875 0.12109375 0.1015625
4 0.346875 0.63828125 0.096875 0.10703125
4 0.77734375 0.40859375 0.0578125 0.05390625
4 0.61796875 0.896875 0.23515625 0.2015625
4 0.91171875 0.5546875 0.17421875 0.22421875
4 0.77265625 0.46015625 0.0796875 0.08046875
4 0.67578125 0.334375 0.03828125 0.04375