4 0.465625 0.24765625 0.02890625 0.03359375
4 0.44140625 0.40625 0.09375 0.10390625
4 0.1875 0.225 0.028125 0.03359375
3 0.86328125 0.4875 0.034375 0.1
4 0.73984375 0.40859375 0.09921875 0.08359375
4 0.1859375 0.16640625 0.01484375 0.01953125
4 0.44921875 0.23359375 0.03984375 0.0296875
4 0.58671875 0.3125 0.071875 0.05859375
4 0.5046875 0.2609375 0.059375 0.053125
3 0.9859375 0.51484375 0.02265625 0.1125
3 0.80390625 0.48515625 0.03515625 0.0875
3 0.0953125 0.47890625 0.02890625 0.09140625
3 0.42578125 0.46953125 0.03515625 0.09375
3 0.23515625 0.4953125 0.02421875 0.09140625
3 0.18671875 0.37421875 0.015625 0.06015625
3 0.1375 0.35078125 0.01953125 0.06796875
3 0.5484375 0.36171875 0.01953125 0.0703125