1 0.8265625 0.48125 0.028125 0.07890625
1 0.68203125 0.40234375 0.0125 0.046875
4 0.6203125 0.384375 0.08828125 0.06875
4 0.5625 0.34609375 0.07109375 0.05859375
4 0.5078125 0.31875 0.05546875 0.046875
4 0.40625 0.2625 0.04609375 0.03828125
4 0.31796875 0.25234375 0.0359375 0.03671875
4 0.28984375 0.234375 0.03046875 0.03359375
4 0.26328125 0.21953125 0.03515625 0.04140625
4 0.7203125 0.5015625 0.153125 0.10859375
4 0.23984375 0.46171875 0.071875 0.109375
4 0.4125 0.46015625 0.0953125 0.09609375
0 0.19765625 0.3078125 0.0875 0.13515625
3 0.03359375 0.51484375 0.03046875 0.1125
1 0.69609375 0.4078125 0.0171875 0.0515625