4 0.92265625 0.76171875 0.15234375 0.16875
4 0.159375 0.2859375 0.0203125 0.02578125
4 0.128125 0.2796875 0.02109375 0.0203125
4 0.10859375 0.284375 0.02265625 0.0234375
4 0.08828125 0.2921875 0.028125 0.034375
4 0.1125 0.30859375 0.025 0.03125
4 0.140625 0.33828125 0.03984375 0.0453125
4 0.17890625 0.36171875 0.04921875 0.0546875
4 0.2015625 0.39375 0.05703125 0.0578125
4 0.29921875 0.484375 0.10078125 0.10625
4 0.48046875 0.590625 0.18046875 0.12734375
4 0.3140625 0.3234375 0.04921875 0.07421875
4 0.1515625 0.27421875 0.0203125 0.01875