1 0.36640625 0.75390625 0.06171875 0.19609375
1 0.85390625 0.59453125 0.028125 0.090625
1 0.9296875 0.66015625 0.03046875 0.0953125
1 0.9359375 0.20234375 0.01875 0.05
4 0.70703125 0.64921875 0.11875 0.12265625
1 0.9828125 0.69609375 0.03125 0.09921875
1 0.86640625 0.5515625 0.0171875 0.0265625
1 0.92265625 0.64453125 0.02734375 0.103125
4 0.76875 0.534375 0.11171875 0.12734375
1 0.97109375 0.68046875 0.02578125 0.1
1 0.88984375 0.6265625 0.02890625 0.09140625
1 0.8671875 0.61015625 0.02890625 0.0921875
1 0.90859375 0.55546875 0.02265625 0.08515625