4 0.9890625 0.48828125 0.01875 0.02734375
4 0.3515625 0.48515625 0.04140625 0.05
4 0.31328125 0.3828125 0.02734375 0.0265625
4 0.23984375 0.35703125 0.02265625 0.01875
4 0.396875 0.44375 0.03515625 0.03671875
4 0.4625 0.55625 0.0546875 0.06328125
4 0.1875 0.35234375 0.040625 0.02890625
4 0.11484375 0.3484375 0.02578125 0.015625
4 0.29765625 0.35625 0.0265625 0.01796875
4 0.43984375 0.49140625 0.040625 0.04296875
4 0.446875 0.51796875 0.05078125 0.05390625
4 0.77578125 0.46328125 0.06796875 0.03984375
4 0.5984375 0.41796875 0.04140625 0.02734375
4 0.49375 0.39375 0.03515625 0.02890625
4 0.34296875 0.36171875 0.02734375 0.01875