4 0.53125 0.48515625 0.0546875 0.07265625
4 0.528125 0.55 0.0296875 0.03359375
4 0.509375 0.52109375 0.02578125 0.02734375
4 0.4859375 0.50390625 0.028125 0.02890625
4 0.47265625 0.48203125 0.025 0.02265625
4 0.55546875 0.58828125 0.03828125 0.04765625
4 0.44609375 0.47421875 0.0265625 0.0203125
4 0.05703125 0.55234375 0.034375 0.02109375
4 0.55 0.81015625 0.08828125 0.11640625
4 0.40234375 0.4703125 0.021875 0.0171875
4 0.121875 0.53125 0.04453125 0.0296875
4 0.24609375 0.83359375 0.1859375 0.12890625
4 0.5015625 0.61484375 0.04296875 0.05390625
4 0.425 0.4796875 0.021875 0.01875
4 0.578125 0.6625 0.05703125 0.075
4 0.75390625 0.725 0.13671875 0.1125
4 0.659375 0.6546875 0.053125 0.0734375
4 0.2984375 0.465625 0.01796875 0.0125
4 0.37265625 0.4671875 0.02109375 0.021875
4 0.63828125 0.61953125 0.04453125 0.04765625
4 0.6234375 0.59765625 0.04140625 0.04296875
4 0.6078125 0.57578125 0.040625 0.0421875
4 0.5953125 0.55703125 0.03515625 0.040625
4 0.5765625 0.5453125 0.0328125 0.03125
4 0.5609375 0.52890625 0.03125 0.03125