4 0.3359375 0.421875 0.03125 0.025
4 0.30703125 0.725 0.1078125 0.12109375
4 0.16328125 0.72265625 0.11640625 0.12109375
4 0.378125 0.36953125 0.034375 0.01875
4 0.4234375 0.36328125 0.034375 0.03125
4 0.3875 0.56875 0.0625 0.084375
4 0.36875 0.49453125 0.06171875 0.0890625
4 0.29140625 0.53671875 0.06015625 0.07109375
4 0.29453125 0.4921875 0.0453125 0.03359375
4 0.29375 0.46953125 0.040625 0.02109375
4 0.29375 0.4484375 0.0359375 0.0296875
4 0.2828125 0.43125 0.0265625 0.03203125
4 0.2703125 0.3765625 0.02265625 0.021875
4 0.2796875 0.3875 0.025 0.02578125
4 0.30390625 0.390625 0.025 0.02109375
4 0.31640625 0.409375 0.03046875 0.03359375
4 0.34140625 0.44453125 0.03046875 0.02890625
4 0.34375 0.4609375 0.0296875 0.0296875
4 0.08125 0.34296875 0.0171875 0.0125
4 0.23515625 0.609375 0.071875 0.08046875
4 0.4625 0.49921875 0.0921875 0.16484375