4 0.97265625 0.771875 0.05234375 0.08515625
4 0.42109375 0.47109375 0.02109375 0.02109375
4 0.459375 0.47890625 0.02109375 0.02109375
4 0.4890625 0.48515625 0.028125 0.025
4 0.703125 0.6984375 0.09453125 0.08203125
4 0.1125 0.52578125 0.090625 0.0484375
4 0.540625 0.5109375 0.03046875 0.02890625
4 0.57578125 0.540625 0.0375 0.0390625
4 0.59609375 0.57265625 0.034375 0.0453125
4 0.62421875 0.6015625 0.0453125 0.05
4 0.65625 0.66328125 0.05703125 0.0734375
4 0.3734375 0.46875 0.02265625 0.01640625
4 0.53671875 0.58046875 0.03671875 0.04765625
4 0.55703125 0.703125 0.065625 0.08125