4 0.3171875 0.41875 0.096875 0.0671875
4 0.734375 0.33828125 0.01953125 0.03984375
4 0.04296875 0.6796875 0.0859375 0.121875
4 0.71171875 0.4515625 0.0609375 0.0890625
4 0.8859375 0.45625 0.1515625 0.0703125
4 0.63359375 0.35859375 0.16328125 0.09921875
4 0.59921875 0.396875 0.09765625 0.0765625
4 0.66875 0.42421875 0.084375 0.08515625
4 0.35390625 0.32890625 0.08671875 0.05546875
4 0.4625 0.37578125 0.09296875 0.04921875
4 0.3921875 0.428125 0.0921875 0.0609375
4 0.48203125 0.43046875 0.12734375 0.08359375
4 0.56640625 0.475 0.11796875 0.0875
4 0.62734375 0.49453125 0.1171875 0.08203125
4 0.61171875 0.596875 0.1640625 0.12890625
4 0.5015625 0.5671875 0.15546875 0.10859375
4 0.43671875 0.51171875 0.1703125 0.1078125
4 0.30078125 0.5015625 0.15703125 0.1015625
4 0.30625 0.6515625 0.225 0.1609375
4 0.21484375 0.5953125 0.22734375 0.14375
4 0.22109375 0.478125 0.1515625 0.09453125
4 0.11015625 0.43984375 0.2203125 0.18125