4 0.9390625 0.27421875 0.11796875 0.1890625
4 0.75546875 0.54453125 0.1109375 0.12734375
4 0.7640625 0.559375 0.07578125 0.10390625
4 0.740625 0.55 0.1015625 0.0625
4 0.75 0.60078125 0.084375 0.10859375
4 0.72265625 0.60390625 0.10703125 0.08671875
4 0.7296875 0.65546875 0.08828125 0.12265625
4 0.67578125 0.66953125 0.13671875 0.146875
4 0.58046875 0.346875 0.03203125 0.03359375
4 0.5390625 0.38671875 0.01953125 0.06015625
4 0.41171875 0.50234375 0.12421875 0.1203125
1 0.365625 0.75625 0.0578125 0.20078125
1 0.95546875 0.540625 0.0296875 0.05234375
1 0.93046875 0.6640625 0.0328125 0.09296875
1 0.98203125 0.7046875 0.03203125 0.08984375
4 0.90546875 0.33984375 0.09609375 0.1109375
4 0.65546875 0.70546875 0.11328125 0.1265625
1 0.8859375 0.5578125 0.0484375 0.12109375
1 0.89140625 0.55703125 0.0171875 0.0546875
1 0.85078125 0.596875 0.02265625 0.090625
1 0.8671875 0.60859375 0.028125 0.0984375
1 0.890625 0.6296875 0.03125 0.09140625
1 0.91015625 0.55703125 0.02109375 0.08671875
1 0.91953125 0.64609375 0.028125 0.09453125
1 0.97265625 0.68359375 0.03046875 0.09765625