3 0.93203125 0.70390625 0.0171875 0.06640625
4 0.91015625 0.57578125 0.01953125 0.04375
4 0.94921875 0.565625 0.01875 0.02265625
4 0.025 0.58125 0.05 0.0375
4 0.01953125 0.76875 0.03828125 0.075
2 0.91171875 0.74296875 0.02578125 0.07734375
4 0.50625 0.71015625 0.09140625 0.06328125
4 0.97890625 0.56484375 0.01484375 0.01953125
4 0.6328125 0.65078125 0.05 0.04375
4 0.58203125 0.671875 0.0703125 0.0625
4 0.565625 0.64765625 0.0515625 0.0421875
4 0.48359375 0.6828125 0.07265625 0.0578125
4 0.9828125 0.54453125 0.0109375 0.0125
2 0.74140625 0.865625 0.05703125 0.11015625
3 0.94921875 0.65390625 0.0171875 0.05