4 0.565625 0.79609375 0.13359375 0.14296875
4 0.60390625 0.7046875 0.178125 0.27421875
4 0.70546875 0.6859375 0.0296875 0.13046875
4 0.7171875 0.64453125 0.0578125 0.1125
4 0.7140625 0.66875 0.03515625 0.11171875
4 0.72734375 0.61640625 0.0890625 0.11015625
4 0.7359375 0.5953125 0.10390625 0.12265625
4 0.790625 0.5859375 0.07265625 0.1140625
4 0.73828125 0.52890625 0.071875 0.03203125
4 0.7703125 0.51328125 0.09140625 0.04765625
1 0.7328125 0.49140625 0.01953125 0.040625
1 0.9703125 0.68046875 0.028125 0.0984375
1 0.9203125 0.64296875 0.0296875 0.096875
1 0.88984375 0.621875 0.03046875 0.10234375
1 0.865625 0.60625 0.03125 0.09921875
1 0.85 0.59296875 0.01875 0.09375
1 0.90859375 0.55546875 0.01875 0.08046875
1 0.88046875 0.51171875 0.04296875 0.0421875
1 0.8921875 0.5546875 0.01328125 0.04921875
4 0.5421875 0.37578125 0.0234375 0.04921875
4 0.05703125 0.6 0.0859375 0.11328125
1 0.3640625 0.75625 0.05859375 0.1984375
4 0.15859375 0.978125 0.1546875 0.03984375
1 0.9296875 0.659375 0.03125 0.09375
1 0.95546875 0.534375 0.02734375 0.05703125
1 0.98359375 0.70234375 0.02890625 0.0953125
4 0.553125 0.496875 0.1859375 0.11484375
4 0.4171875 0.9359375 0.17734375 0.12421875
3 0.9296875 0.55625 0.02734375 0.07890625
4 0.90625 0.33671875 0.10234375 0.11875
4 0.49375 0.878125 0.146875 0.17265625