4 0.275 0.3421875 0.053125 0.04296875
4 0.37265625 0.49921875 0.053125 0.0609375
4 0.38046875 0.5484375 0.0546875 0.06875
4 0.409375 0.4609375 0.0375 0.04140625
4 0.42890625 0.48671875 0.03984375 0.04453125
4 0.45078125 0.52734375 0.0484375 0.05546875
4 0.2828125 0.52734375 0.04453125 0.05859375
4 0.4765625 0.55703125 0.0671875 0.07734375
4 0.21328125 0.62890625 0.1171875 0.18359375
4 0.35703125 0.71640625 0.09765625 0.1375
4 0.26796875 0.36484375 0.02578125 0.01953125
4 0.1875 0.3515625 0.0296875 0.01953125