4 0.54296875 0.95390625 0.16796875 0.0875
4 0.25390625 0.4546875 0.0484375 0.0578125
4 0.23046875 0.40390625 0.04140625 0.05546875
4 0.259375 0.2703125 0.0109375 0.01484375
4 0.446875 0.3953125 0.03515625 0.0359375
4 0.42421875 0.38046875 0.03359375 0.03359375
4 0.409375 0.3671875 0.02578125 0.028125
4 0.4015625 0.35859375 0.0296875 0.02890625
4 0.3859375 0.3515625 0.025 0.025
4 0.37890625 0.340625 0.025 0.025
4 0.36015625 0.33359375 0.021875 0.0234375
4 0.35 0.32109375 0.021875 0.02578125
4 0.0109375 0.39921875 0.02109375 0.02734375
4 0.01640625 0.38359375 0.0328125 0.02890625
4 0.5453125 0.709375 0.13359375 0.15625
3 0.615625 0.46640625 0.0125 0.05
3 0.58203125 0.44375 0.015625 0.04609375
3 0.41796875 0.32421875 0.00859375 0.02265625
4 0.37109375 0.696875 0.1296875 0.16328125
4 0.8 0.478125 0.121875 0.05625
4 0.28125 0.5234375 0.06875 0.08984375
4 0.259375 0.35 0.02578125 0.0328125
4 0.46796875 0.409375 0.0375 0.0390625
4 0.21953125 0.29453125 0.01328125 0.0203125
4 0.31484375 0.290625 0.01640625 0.0203125
4 0.2875 0.2828125 0.0140625 0.01875