4 0.521875 0.403125 0.0578125 0.0546875
4 0.51484375 0.36953125 0.0515625 0.040625
4 0.66171875 0.36171875 0.03828125 0.0375
4 0.63125 0.34453125 0.02421875 0.03125
4 0.715625 0.28125 0.01953125 0.03125
4 0.6890625 0.28984375 0.0359375 0.05625
4 0.64765625 0.309375 0.02109375 0.0234375
4 0.628125 0.3140625 0.02734375 0.02421875
4 0.59921875 0.32890625 0.03203125 0.01953125
4 0.60234375 0.35859375 0.0515625 0.04453125
4 0.17109375 0.546875 0.3421875 0.39609375
4 0.56171875 0.42578125 0.059375 0.0484375
4 0.80078125 0.4171875 0.0796875 0.1203125
4 0.7546875 0.75859375 0.17734375 0.23203125
4 0.721875 0.3109375 0.02421875 0.028125
4 0.5703125 0.34375 0.034375 0.0296875
4 0.41328125 0.52109375 0.11328125 0.115625
4 0.659375 0.325 0.028125 0.03125
4 0.70390625 0.325 0.0265625 0.02734375
4 0.73515625 0.30234375 0.01640625 0.025
4 0.4328125 0.4453125 0.0734375 0.05
4 0.42578125 0.403125 0.065625 0.05625
4 0.35625 0.44140625 0.0328125 0.0578125