1 0.46796875 0.5140625 0.009375 0.02578125
1 0.490625 0.5296875 0.0078125 0.02578125
1 0.56328125 0.5796875 0.01328125 0.0359375
1 0.46640625 0.63359375 0.01875 0.0390625
1 0.49609375 0.66875 0.01953125 0.04140625
1 0.53359375 0.70078125 0.02109375 0.04375
1 0.56875 0.7328125 0.02265625 0.0453125
1 0.60078125 0.76484375 0.0234375 0.0515625
1 0.66015625 0.78984375 0.02265625 0.0515625
1 0.76875 0.82421875 0.028125 0.05703125
1 0.7078125 0.6875 0.0171875 0.04765625
1 0.9859375 0.9015625 0.02421875 0.06015625
3 0.56015625 0.42890625 0.01171875 0.04296875
3 0.36953125 0.3171875 0.00546875 0.01875
3 0.37578125 0.3171875 0.00546875 0.01953125
1 0.3421875 0.4203125 0.00703125 0.02109375
1 0.3671875 0.4203125 0.00859375 0.02421875
1 0.88359375 0.81796875 0.0203125 0.053125
4 0.1921875 0.26953125 0.0125 0.01484375
4 0.26640625 0.2671875 0.01015625 0.0109375
4 0.29453125 0.30625 0.0171875 0.01796875
4 0.3125 0.325 0.0234375 0.0265625
4 0.33203125 0.34609375 0.0296875 0.02890625
4 0.34765625 0.33046875 0.03125 0.0328125
4 0.36875 0.34453125 0.03515625 0.03125
4 0.3921875 0.36484375 0.01796875 0.03046875
4 0.40625 0.37109375 0.03125 0.03515625
4 0.4234375 0.38515625 0.03359375 0.0328125
4 0.45546875 0.409375 0.0390625 0.03828125
4 0.4234375 0.4234375 0.04921875 0.04375
4 0.28359375 0.2921875 0.01640625 0.0171875
4 0.75390625 0.48359375 0.08125 0.04609375