4 0.62578125 0.3546875 0.03359375 0.03125
4 0.6984375 0.334375 0.0296875 0.03203125
4 0.7375 0.29765625 0.021875 0.02578125
4 0.59453125 0.36640625 0.0359375 0.0421875
4 0.56171875 0.38359375 0.04609375 0.04765625
4 0.1765625 0.5171875 0.353125 0.315625
4 0.0515625 0.35234375 0.0609375 0.0265625
4 0.33203125 0.58203125 0.1140625 0.11015625
4 0.3875 0.47734375 0.06796875 0.0890625
4 0.41328125 0.521875 0.090625 0.08671875
4 0.48984375 0.484375 0.07734375 0.06875
4 0.459375 0.43125 0.06953125 0.06484375
4 0.5234375 0.40234375 0.05703125 0.05390625
4 0.54375 0.4484375 0.06015625 0.06171875
4 0.69453125 0.3046875 0.025 0.02578125
4 0.6171875 0.33125 0.0390625 0.0265625
4 0.7359375 0.27265625 0.01640625 0.0171875
4 0.72890625 0.24296875 0.01640625 0.01328125
3 0.93359375 0.51484375 0.02421875 0.05390625
3 0.9609375 0.64375 0.03515625 0.1
3 0.5359375 0.325 0.00703125 0.03203125
4 0.16328125 0.690625 0.209375 0.18203125