4 0.2453125 0.39375 0.0546875 0.05390625
3 0.721875 0.48203125 0.02265625 0.06875
4 0.15234375 0.2484375 0.0203125 0.02734375
3 0.371875 0.33671875 0.0125 0.04375
3 0.540625 0.4171875 0.01875 0.04765625
4 0.36484375 0.6421875 0.16171875 0.165625
4 0.09140625 0.43984375 0.0640625 0.07890625
4 0.34296875 0.396875 0.07109375 0.05703125
4 0.0703125 0.3125 0.0328125 0.04140625
4 0.2203125 0.27734375 0.03359375 0.02890625
4 0.11484375 0.2328125 0.01875 0.01796875
4 0.1375 0.22890625 0.0234375 0.02890625
4 0.1046875 0.22265625 0.0140625 0.01640625
4 0.2140625 0.25078125 0.0453125 0.02109375
4 0.2375 0.3390625 0.04296875 0.0453125
4 0.59296875 0.41328125 0.08984375 0.04375