4 0.1765625 0.38828125 0.0328125 0.03984375
4 0.2734375 0.29921875 0.01875 0.02265625
4 0.3390625 0.38203125 0.03828125 0.03984375
4 0.22578125 0.36484375 0.028125 0.03359375
4 0.46640625 0.4078125 0.04140625 0.0390625
4 0.2171875 0.31875 0.02265625 0.02109375
4 0.30703125 0.31484375 0.01953125 0.02109375
4 0.2515625 0.453125 0.0484375 0.06015625
4 0.0109375 0.39765625 0.02109375 0.025
4 0.034375 0.36484375 0.06875 0.02578125
4 0.978125 0.71484375 0.040625 0.0796875
4 0.440625 0.38984375 0.03671875 0.034375
4 0.42109375 0.3765625 0.0296875 0.0296875
4 0.33984375 0.34375 0.025 0.0296875
4 0.396875 0.35546875 0.02578125 0.0296875
4 0.40703125 0.36640625 0.028125 0.028125
4 0.3859375 0.3484375 0.028125 0.02890625
4 0.3640625 0.3359375 0.01875 0.0234375
4 0.3765625 0.33828125 0.025 0.02421875
4 0.353125 0.325 0.028125 0.025
4 0.35859375 0.32734375 0.01953125 0.02265625
4 0.33359375 0.31328125 0.01796875 0.0203125
4 0.275 0.26796875 0.01171875 0.015625
4 0.73984375 0.48203125 0.08515625 0.04765625
4 0.8703125 0.6140625 0.1859375 0.16484375
4 0.55625 0.43984375 0.0921875 0.04609375