4 0.1734375 0.5703125 0.059375 0.021875
4 0.41796875 0.5078125 0.0171875 0.01796875
4 0.4375 0.50078125 0.015625 0.015625
3 0.66171875 0.60703125 0.00859375 0.04375
3 0.22578125 0.653125 0.0140625 0.06015625
4 0.3453125 0.47578125 0.01484375 0.01484375
4 0.4171875 0.47578125 0.009375 0.0140625
4 0.45234375 0.5203125 0.021875 0.02265625
4 0.48984375 0.52421875 0.02265625 0.02265625
4 0.3484375 0.5453125 0.02734375 0.02734375
4 0.559375 0.575 0.03203125 0.03359375
4 0.46015625 0.56875 0.03359375 0.03359375
4 0.6015625 0.60234375 0.0484375 0.05
4 0.39453125 0.65703125 0.04921875 0.05546875
4 0.0453125 0.61484375 0.08203125 0.04296875
4 0.53203125 0.55390625 0.03125 0.02890625