4 0.41796875 0.4203125 0.0265625 0.02890625
4 0.4015625 0.4140625 0.01796875 0.02578125
4 0.38515625 0.4 0.01796875 0.01796875
4 0.03203125 0.44921875 0.04609375 0.0328125
4 0.37578125 0.39140625 0.02109375 0.0234375
4 0.48359375 0.478125 0.04140625 0.0390625
4 0.021875 0.459375 0.04375 0.0375
4 0.30078125 0.375 0.01640625 0.01875
4 0.3375 0.3578125 0.01640625 0.0203125
4 0.31171875 0.35390625 0.01328125 0.01328125
4 0.31796875 0.36796875 0.015625 0.015625
4 0.45859375 0.45390625 0.0359375 0.03125
4 0.44375 0.44296875 0.03046875 0.03046875