4 0.32265625 0.40625 0.028125 0.02109375
4 0.37109375 0.39140625 0.02109375 0.02109375
4 0.484375 0.47890625 0.04296875 0.0375
4 0.03203125 0.44921875 0.053125 0.03125
4 0.98984375 0.7921875 0.0171875 0.05625
4 0.021875 0.4625 0.04375 0.03515625
4 0.35625 0.40234375 0.028125 0.025
4 0.334375 0.38125 0.02109375 0.01953125
4 0.29921875 0.3828125 0.021875 0.01953125
4 0.22265625 0.34140625 0.01328125 0.01484375
4 0.91953125 0.72109375 0.140625 0.1
4 0.42890625 0.5 0.0546875 0.0546875
3 0.1515625 0.81484375 0.04140625 0.12890625
3 0.11328125 0.54375 0.01953125 0.05859375
4 0.45546875 0.45546875 0.0390625 0.0328125
4 0.4359375 0.43828125 0.03515625 0.03671875
4 0.4125 0.41640625 0.0296875 0.02890625
4 0.76953125 0.56015625 0.040625 0.03046875