4 0.428125 0.66875 0.14609375 0.140625
4 0.83515625 0.840625 0.25859375 0.18125
4 0.35546875 0.503125 0.08984375 0.08515625
4 0.1375 0.49375 0.0796875 0.09140625
4 0.2046875 0.45234375 0.07421875 0.075
4 0.2328125 0.37890625 0.05703125 0.05859375
4 0.07421875 0.36953125 0.0453125 0.05078125
4 0.884375 0.66015625 0.16328125 0.1171875
4 0.5921875 0.41171875 0.0796875 0.04375
4 0.38828125 0.81875 0.1953125 0.2375
4 0.25390625 0.25625 0.0328125 0.01796875
3 0.3 0.2921875 0.00625 0.02890625
4 0.12734375 0.2375 0.01640625 0.01953125
4 0.1171875 0.2484375 0.01640625 0.01953125
4 0.10859375 0.2296875 0.015625 0.0171875
4 0.17578125 0.2640625 0.04609375 0.06015625
4 0.20390625 0.2703125 0.0203125 0.01875
4 0.146875 0.24765625 0.02421875 0.0234375
4 0.125 0.2578125 0.0203125 0.0234375
4 0.1359375 0.2734375 0.02265625 0.0234375
4 0.1453125 0.2875 0.02578125 0.02578125
4 0.06640625 0.2015625 0.01015625 0.0109375
4 0.0609375 0.2171875 0.01328125 0.01328125
4 0.05703125 0.234375 0.01640625 0.01953125
4 0.0609375 0.246875 0.01953125 0.01953125
4 0.065625 0.2734375 0.0265625 0.028125
4 0.05390625 0.303125 0.0296875 0.034375
4 0.15390625 0.3015625 0.0234375 0.0265625
4 0.1625 0.3125 0.03046875 0.03359375
4 0.17890625 0.3296875 0.03125 0.03359375
4 0.19453125 0.34765625 0.040625 0.04296875
4 0.19375 0.29453125 0.0296875 0.0296875
4 0.21953125 0.28515625 0.025 0.028125
4 0.23046875 0.29375 0.03125 0.03125
4 0.240625 0.30625 0.01484375 0.028125
4 0.26953125 0.303125 0.05 0.06640625
4 0.29140625 0.3390625 0.03671875 0.0390625
4 0.3125 0.35390625 0.046875 0.0375
4 0.3140625 0.36796875 0.04296875 0.04609375
4 0.4171875 0.3796875 0.08203125 0.03828125
4 0.42265625 0.41875 0.06796875 0.0546875
4 0.478125 0.45546875 0.084375 0.06171875
4 0.56484375 0.50078125 0.10703125 0.071875
4 0.71484375 0.5546875 0.1890625 0.15390625