3 0.615625 0.5171875 0.01328125 0.04140625
3 0.59453125 0.509375 0.0125 0.04765625
4 0.421875 0.62734375 0.078125 0.08203125
4 0.38125 0.578125 0.06640625 0.071875
4 0.34609375 0.521875 0.05078125 0.059375
4 0.30390625 0.57265625 0.0609375 0.05703125
4 0.2859375 0.54140625 0.0515625 0.06328125
4 0.021875 0.4625 0.04375 0.03515625
4 0.22578125 0.3390625 0.0125 0.01484375
4 0.3109375 0.334375 0.01015625 0.01171875
4 0.37109375 0.39140625 0.01640625 0.0203125
4 0.453125 0.45390625 0.0328125 0.03125
4 0.434375 0.43828125 0.0328125 0.03515625
4 0.79375 0.55546875 0.08828125 0.0390625
4 0.32109375 0.63671875 0.078125 0.0859375
4 0.484375 0.47734375 0.04296875 0.0375
4 0.3828125 0.4 0.02109375 0.0234375
4 0.2671875 0.346875 0.0140625 0.01796875
4 0.33828125 0.35703125 0.01484375 0.01796875
4 0.2484375 0.334375 0.0109375 0.01015625
3 0.62734375 0.515625 0.0109375 0.0421875