4 0.428125 0.49453125 0.01328125 0.01796875
4 0.1875 0.571875 0.03125 0.01953125
4 0.15234375 0.58125 0.05703125 0.0296875
4 0.1078125 0.596875 0.0703125 0.03359375
3 0.675 0.59375 0.00859375 0.03125
2 0.896875 0.715625 0.01875 0.06796875
4 0.4015625 0.48359375 0.01328125 0.01640625
4 0.528125 0.553125 0.03203125 0.03125
4 0.5671875 0.5875 0.0390625 0.0328125
4 0.43828125 0.50390625 0.01875 0.02109375
4 0.36953125 0.58046875 0.034375 0.03984375
3 0.19609375 0.68671875 0.0140625 0.05625
3 0.21796875 0.6875 0.0125 0.0625
3 0.15234375 0.62109375 0.01171875 0.05
4 0.4484375 0.4828125 0.02109375 0.03671875
4 0.4171875 0.47265625 0.01171875 0.0140625