4 0.34296875 0.4234375 0.02890625 0.028125
4 0.4625 0.45625 0.04453125 0.03984375
4 0.4359375 0.4375 0.03515625 0.03515625
4 0.40546875 0.45078125 0.0359375 0.03671875
4 0.4125 0.41875 0.03203125 0.03046875
4 0.42421875 0.42421875 0.025 0.02265625
4 0.33515625 0.35859375 0.0125 0.0171875
4 0.48359375 0.478125 0.0421875 0.0390625
4 0.28203125 0.33671875 0.01015625 0.0140625
4 0.5734375 0.5109375 0.0890625 0.040625
4 0.02265625 0.4625 0.0453125 0.03359375
4 0.028125 0.44921875 0.05625 0.0328125
4 0.98515625 0.784375 0.02734375 0.06875
4 0.68046875 0.68671875 0.121875 0.09375
4 0.2453125 0.37421875 0.01875 0.0234375
4 0.303125 0.33828125 0.01328125 0.0140625
4 0.2234375 0.34296875 0.0109375 0.015625