1 0.41328125 0.34765625 0.009375 0.015625
3 0.5109375 0.3984375 0.00859375 0.0375
4 0.3703125 0.38046875 0.03828125 0.0390625
4 0.4078125 0.3734375 0.0375 0.0375
4 0.3859375 0.35703125 0.02421875 0.02578125
3 0.40390625 0.34453125 0.00703125 0.01484375
4 0.33671875 0.32265625 0.015625 0.01875
4 0.28203125 0.3140625 0.0203125 0.01953125
4 0.26484375 0.30078125 0.01796875 0.02421875
4 0.30234375 0.2875 0.01640625 0.0203125
4 0.275 0.27421875 0.02109375 0.0328125
4 0.2546875 0.28515625 0.01328125 0.015625
4 0.22734375 0.275 0.0125 0.01171875
4 0.2046875 0.2734375 0.01328125 0.0140625
4 0.0296875 0.3625 0.04765625 0.01328125
4 0.24296875 0.25859375 0.01171875 0.0171875
4 0.503125 0.52578125 0.09375 0.11875
4 0.75625 0.48203125 0.078125 0.03984375
4 0.4515625 0.4453125 0.05703125 0.05078125
4 0.35 0.4125 0.04453125 0.04921875
4 0.34609375 0.328125 0.02421875 0.0234375
4 0.2875 0.33828125 0.02890625 0.03046875
3 0.49921875 0.3984375 0.01015625 0.03671875
4 0.4140625 0.81640625 0.203125 0.15390625
4 0.20703125 0.29921875 0.01875 0.02265625
3 0.084375 0.81640625 0.03828125 0.12890625