4 0.484375 0.4765625 0.0421875 0.03828125
4 0.29140625 0.35234375 0.01484375 0.015625
4 0.41875 0.421875 0.03046875 0.03046875
4 0.39609375 0.40859375 0.02421875 0.021875
4 0.28203125 0.3359375 0.01015625 0.0109375
4 0.30234375 0.3328125 0.01484375 0.02421875
4 0.38515625 0.39921875 0.02265625 0.0234375
4 0.459375 0.4546875 0.03828125 0.03359375
4 0.0359375 0.44921875 0.04375 0.0328125
4 0.02265625 0.46171875 0.0453125 0.03359375
4 0.2265625 0.33828125 0.009375 0.01328125
4 0.44375 0.44140625 0.03125 0.0328125
4 0.33671875 0.3578125 0.01796875 0.02109375