3 0.54609375 0.46328125 0.015625 0.03515625
4 0.38203125 0.565625 0.06484375 0.07109375
4 0.27890625 0.528125 0.05859375 0.07734375
4 0.25546875 0.475 0.03671875 0.04375
4 0.984375 0.79296875 0.02890625 0.06640625
3 0.74453125 0.56796875 0.01484375 0.05
4 0.61875 0.57265625 0.08359375 0.06640625
4 0.70625 0.546875 0.1078125 0.09765625
4 0.77578125 0.553125 0.06171875 0.04765625
3 0.46328125 0.478125 0.01953125 0.0390625
4 0.246875 0.36953125 0.01796875 0.01875
4 0.246875 0.35 0.01328125 0.0109375
4 0.303125 0.3421875 0.01171875 0.01328125
4 0.33828125 0.36171875 0.01328125 0.01171875
4 0.45859375 0.45703125 0.0328125 0.03046875
4 0.43671875 0.4390625 0.03359375 0.03515625
4 0.4203125 0.42734375 0.02421875 0.021875
4 0.4125 0.41796875 0.02890625 0.02734375
4 0.396875 0.40859375 0.0234375 0.02578125
4 0.38828125 0.403125 0.01796875 0.02109375
4 0.3796875 0.39765625 0.01875 0.01953125
4 0.37109375 0.39140625 0.015625 0.0203125
4 0.9296875 0.73515625 0.13828125 0.10859375
4 0.4578125 0.65546875 0.09140625 0.090625
4 0.09609375 0.49453125 0.06015625 0.04765625
4 0.7609375 0.63984375 0.1234375 0.09453125
4 0.3265625 0.625 0.08203125 0.1125
4 0.48515625 0.47890625 0.04140625 0.03828125
4 0.24296875 0.40078125 0.0234375 0.03125
4 0.33515625 0.35546875 0.01484375 0.015625
4 0.290625 0.35390625 0.015625 0.01640625
4 0.22265625 0.3453125 0.0125 0.0125
3 0.14375 0.8328125 0.04453125 0.1328125
4 0.02265625 0.4625 0.0453125 0.03359375
4 0.03671875 0.453125 0.0453125 0.028125
4 0.05625 0.4328125 0.06328125 0.02734375