4 0.79375 0.5546875 0.096875 0.040625
4 0.02265625 0.4625 0.0453125 0.03359375
4 0.05 0.434375 0.065625 0.028125
4 0.2921875 0.53203125 0.0609375 0.07578125
4 0.2484375 0.453125 0.03125 0.034375
4 0.46328125 0.45703125 0.04765625 0.04140625
4 0.4359375 0.4359375 0.034375 0.03203125
4 0.42265625 0.425 0.0265625 0.028125
4 0.4015625 0.41328125 0.02734375 0.02734375
4 0.36875 0.4125 0.028125 0.028125
4 0.39296875 0.40625 0.0203125 0.02421875
4 0.38046875 0.396875 0.01796875 0.01875
4 0.3359375 0.35859375 0.01484375 0.01484375
4 0.221875 0.34609375 0.0109375 0.01171875
4 0.21953125 0.359375 0.01640625 0.0203125
4 0.2765625 0.33125 0.009375 0.01015625
4 0.29765625 0.3359375 0.01015625 0.0140625
4 0.3265625 0.37265625 0.01875 0.02109375
4 0.24609375 0.37265625 0.0171875 0.01953125
4 0.48515625 0.4765625 0.04140625 0.03671875
4 0.896875 0.70859375 0.1578125 0.10859375
3 0.05625 0.92265625 0.06640625 0.15
4 0.28984375 0.42578125 0.02890625 0.0328125
0 0.2203125 0.52890625 0.096875 0.17109375
4 0.378125 0.56171875 0.06015625 0.06171875
4 0.3859375 0.7390625 0.1171875 0.14765625