4 0.515625 0.5109375 0.01015625 0.0125
4 0.53671875 0.5140625 0.01328125 0.01875
4 0.71328125 0.64921875 0.0453125 0.0390625
3 0.3703125 0.96875 0.03515625 0.05859375
4 0.56171875 0.521875 0.0140625 0.01875
4 0.65078125 0.690625 0.0484375 0.05234375
4 0.53046875 0.5375 0.015625 0.0171875
4 0.51953125 0.5234375 0.01171875 0.01328125
4 0.65078125 0.5953125 0.0296875 0.03046875
4 0.675 0.6203125 0.0328125 0.028125
4 0.6890625 0.6328125 0.03203125 0.03359375
3 0.38203125 0.97734375 0.0140625 0.040625
4 0.0359375 0.6828125 0.071875 0.0625
4 0.48515625 0.50703125 0.0109375 0.01171875
4 0.5453125 0.50859375 0.00859375 0.01171875