4 0.3609375 0.34140625 0.028125 0.0296875
4 0.20390625 0.27734375 0.01171875 0.01171875
4 0.24375 0.27734375 0.01328125 0.01171875
4 0.2421875 0.265625 0.0109375 0.009375
4 0.85546875 0.63828125 0.153125 0.09375
4 0.215625 0.28359375 0.01640625 0.0171875
4 0.75390625 0.48515625 0.08203125 0.04140625
4 0.29140625 0.57265625 0.08203125 0.09140625
0 0.1921875 0.2578125 0.0140625 0.021875
4 0.21171875 0.25390625 0.0109375 0.01640625
3 0.1234375 0.7921875 0.03125 0.1265625
0 0.27109375 0.26953125 0.01953125 0.02421875
4 0.00859375 0.38828125 0.0171875 0.03125
3 0.5671875 0.4375 0.009375 0.0515625
4 0.40234375 0.3734375 0.03671875 0.0359375
4 0.228125 0.2953125 0.015625 0.01484375
4 0.2421875 0.46328125 0.05234375 0.05703125
4 0.42421875 0.38828125 0.0359375 0.03671875
4 0.38515625 0.36171875 0.02265625 0.02734375
4 0.3453125 0.3296875 0.02265625 0.021875
4 0.334375 0.32265625 0.015625 0.01953125