4 0.48359375 0.47734375 0.0421875 0.03671875
4 0.41328125 0.38203125 0.0421875 0.02265625
4 0.31015625 0.38671875 0.02265625 0.02265625
4 0.02734375 0.45 0.0546875 0.034375
4 0.02265625 0.46171875 0.0453125 0.0375
4 0.4109375 0.41640625 0.03046875 0.02734375
4 0.42109375 0.42421875 0.021875 0.0265625
4 0.4359375 0.4375 0.034375 0.03359375
4 0.92109375 0.71875 0.14296875 0.10390625
4 0.4546875 0.45546875 0.0375 0.0328125
4 0.990625 0.79140625 0.015625 0.0625
4 0.78515625 0.55625 0.07265625 0.0375
2 0.68828125 0.58671875 0.02109375 0.06015625
4 0.28359375 0.4046875 0.03359375 0.0359375
4 0.3734375 0.39140625 0.02109375 0.021875