4 0.4703125 0.84921875 0.07734375 0.10546875
4 0.5234375 0.51953125 0.01171875 0.0140625
4 0.47890625 0.54609375 0.01640625 0.01953125
3 0.3453125 0.6359375 0.01015625 0.04140625
3 0.38359375 0.6046875 0.00625 0.01953125
4 0.0359375 0.68359375 0.071875 0.0609375
4 0.4546875 0.79375 0.06953125 0.071875
4 0.56484375 0.8296875 0.0953125 0.12578125
4 0.63671875 0.78203125 0.07421875 0.09375
4 0.59609375 0.71875 0.059375 0.07421875
4 0.53046875 0.7390625 0.0640625 0.084375
4 0.50390625 0.69921875 0.0546875 0.065625
4 0.49453125 0.66875 0.03984375 0.04921875
4 0.55703125 0.6640625 0.03828125 0.0484375
4 0.57421875 0.68984375 0.03828125 0.05703125
4 0.68984375 0.6328125 0.03125 0.03203125
4 0.675 0.62109375 0.03203125 0.0265625
4 0.65 0.59609375 0.0296875 0.02890625
4 0.5640625 0.5515625 0.01796875 0.021875
4 0.49921875 0.525 0.01328125 0.01953125
4 0.4828125 0.51484375 0.0125 0.01171875
4 0.54453125 0.50859375 0.01015625 0.009375
4 0.56171875 0.521875 0.0109375 0.01796875
4 0.703125 0.859375 0.11484375 0.14375
4 0.71484375 0.64921875 0.04296875 0.03828125
4 0.5921875 0.5796875 0.02578125 0.0265625
4 0.5453125 0.56796875 0.021875 0.025
4 0.54375 0.525 0.01328125 0.0140625