4 0.1734375 0.5703125 0.05859375 0.02265625
4 0.39609375 0.52578125 0.021875 0.025
4 0.365625 0.46796875 0.009375 0.0125
4 0.36953125 0.46484375 0.01171875 0.01171875
4 0.36953125 0.45625 0.0125 0.0171875
4 0.42734375 0.46640625 0.01171875 0.01171875
4 0.56796875 0.58203125 0.03125 0.03125
4 0.54140625 0.56171875 0.0265625 0.02734375
4 0.38203125 0.47265625 0.01171875 0.0140625
4 0.53046875 0.55078125 0.02578125 0.02734375
4 0.515625 0.54453125 0.01953125 0.02265625
4 0.50546875 0.53671875 0.02109375 0.02109375
3 0.1296875 0.61796875 0.0125 0.04765625
3 0.16484375 0.615625 0.01171875 0.04375
4 0.97109375 0.84765625 0.05546875 0.07890625
4 0.58671875 0.59453125 0.0390625 0.0390625
4 0.39765625 0.54921875 0.02578125 0.03125
4 0.42265625 0.5125 0.01796875 0.0203125
4 0.34296875 0.4765625 0.0125 0.01484375
4 0.41328125 0.46796875 0.01171875 0.01171875