3 0.27421875 0.6640625 0.0171875 0.06171875
3 0.27265625 0.6234375 0.015625 0.0390625
3 0.33125 0.434375 0.009375 0.028125
3 0.32109375 0.4 0.00859375 0.02890625
3 0.29609375 0.39921875 0.00859375 0.03515625
3 0.2375 0.43828125 0.009375 0.0375
3 0.225 0.42890625 0.0078125 0.0296875
3 0.2328125 0.40078125 0.0078125 0.0265625
4 0.253125 0.38046875 0.025 0.03203125
4 0.24453125 0.3640625 0.025 0.02265625
3 0.29765625 0.67421875 0.025 0.0671875
3 0.32109375 0.67265625 0.01796875 0.07265625
4 0.23828125 0.34140625 0.01953125 0.0203125
4 0.22421875 0.3203125 0.0234375 0.02890625
4 0.21640625 0.30078125 0.0171875 0.02265625
4 0.3703125 0.37421875 0.02734375 0.0265625
4 0.35234375 0.3578125 0.0203125 0.025
3 0.3140625 0.87734375 0.03046875 0.09765625