4 0.56484375 0.4 0.0640625 0.06953125
4 0.85546875 0.35859375 0.0296875 0.0328125
4 0.8609375 0.3421875 0.02265625 0.01953125
4 0.86015625 0.32734375 0.02421875 0.0265625
4 0.69375 0.3171875 0.021875 0.02578125
4 0.70078125 0.3125 0.021875 0.02890625
4 0.7171875 0.3125 0.01875 0.025
4 0.20390625 0.53359375 0.1375 0.0984375
2 0.79609375 0.46484375 0.02109375 0.07109375
4 0.440625 0.540625 0.13984375 0.125
4 0.653125 0.39375 0.0546875 0.0453125
4 0.67890625 0.3265625 0.02734375 0.02734375
4 0.8453125 0.38515625 0.03359375 0.03984375
4 0.76796875 0.29609375 0.025 0.02734375
4 0.82578125 0.2796875 0.01875 0.02109375
3 0.021875 0.53515625 0.0203125 0.07890625
3 0.04921875 0.54609375 0.03359375 0.06875
4 0.33203125 0.48984375 0.10234375 0.071875
4 0.41796875 0.44453125 0.07421875 0.0515625
4 0.4953125 0.41796875 0.0625 0.0421875