3 0.3140625 0.7984375 0.02578125 0.0765625
4 0.2171875 0.32265625 0.01953125 0.02109375
3 0.3796875 0.44453125 0.0109375 0.0296875
3 0.4203125 0.7671875 0.015625 0.06953125
3 0.33203125 0.878125 0.02890625 0.08203125
3 0.3640625 0.4453125 0.01171875 0.02578125
3 0.596875 0.553125 0.01171875 0.03828125
3 0.88828125 0.58515625 0.0140625 0.04609375
3 0.8046875 0.71328125 0.02109375 0.06484375
3 0.921875 0.7484375 0.03125 0.059375
3 0.40078125 0.76015625 0.02421875 0.0796875
3 0.303125 0.88125 0.02734375 0.08203125
4 0.38359375 0.39453125 0.03984375 0.03046875
4 0.23984375 0.36640625 0.0203125 0.02734375
4 0.32578125 0.54453125 0.046875 0.07109375
4 0.35703125 0.371875 0.02734375 0.02734375
4 0.30390625 0.49453125 0.03125 0.04375