3 0.66875 0.5625 0.0140625 0.034375
4 0.375 0.690625 0.06875 0.09296875
4 0.353125 0.615625 0.06328125 0.0734375
4 0.32578125 0.56171875 0.05078125 0.059375
4 0.30859375 0.52109375 0.04609375 0.05234375
4 0.2953125 0.4859375 0.03984375 0.0390625
4 0.64375 0.66328125 0.128125 0.16015625
4 0.56796875 0.61171875 0.05078125 0.0671875
4 0.53984375 0.56015625 0.05546875 0.05546875
4 0.4984375 0.51796875 0.04453125 0.04375
4 0.46953125 0.48671875 0.04453125 0.04296875
3 0.925 0.75859375 0.02421875 0.090625
3 0.8171875 0.63125 0.02421875 0.05859375
3 0.79375 0.65078125 0.02109375 0.053125
3 0.48515625 0.4703125 0.01015625 0.0203125
3 0.47578125 0.45859375 0.00625 0.01640625
4 0.36953125 0.38515625 0.03125 0.02890625
4 0.2109375 0.3859375 0.009375 0.03125
4 0.246875 0.38671875 0.02421875 0.03125
4 0.23828125 0.36484375 0.021875 0.028125
4 0.278125 0.31875 0.01796875 0.021875
4 0.23046875 0.3421875 0.02421875 0.02890625
4 0.34765625 0.353125 0.02421875 0.028125
4 0.421875 0.78125 0.09375 0.1109375
4 0.76484375 0.78046875 0.19765625 0.2375
3 0.95 0.765625 0.02109375 0.0796875
3 0.8890625 0.6984375 0.02265625 0.04296875
3 0.47265625 0.63515625 0.015625 0.05546875
3 0.28984375 0.39921875 0.009375 0.02890625
3 0.22578125 0.396875 0.009375 0.025
3 0.91640625 0.67734375 0.02578125 0.08359375
3 0.315625 0.7375 0.0171875 0.07265625
4 0.38359375 0.46015625 0.0453125 0.0453125
3 0.64765625 0.5484375 0.0171875 0.05546875