3 0.59375 0.64921875 0.02265625 0.06953125
4 0.61328125 0.6375 0.0796875 0.07265625
3 0.87890625 0.58046875 0.015625 0.05390625
4 0.2890625 0.42109375 0.06484375 0.02890625
4 0.37578125 0.39140625 0.02734375 0.0296875
4 0.46328125 0.41171875 0.075 0.05234375
4 0.3921875 0.7328125 0.07890625 0.096875
4 0.215625 0.3171875 0.02265625 0.03046875
4 0.23046875 0.34375 0.01953125 0.0296875
4 0.2421875 0.36640625 0.0234375 0.03125
4 0.25234375 0.38515625 0.02578125 0.03046875
4 0.33125 0.34609375 0.021875 0.025
4 0.353125 0.3734375 0.03046875 0.0328125
4 0.3078125 0.50234375 0.03984375 0.0484375
4 0.31875 0.5390625 0.04609375 0.0546875
4 0.33359375 0.58984375 0.05234375 0.06875
4 0.36328125 0.65390625 0.06640625 0.08203125
3 0.86484375 0.56953125 0.01640625 0.046875