4 0.47578125 0.759375 0.09375 0.10546875
4 0.33203125 0.4546875 0.03671875 0.0421875
4 0.37734375 0.38671875 0.0296875 0.028125
3 0.41484375 0.43515625 0.01015625 0.04375
3 0.46875 0.43125 0.0140625 0.03125
3 0.434375 0.42734375 0.01171875 0.028125
4 0.25 0.3640625 0.02890625 0.028125
4 0.23515625 0.3421875 0.021875 0.025
4 0.24140625 0.2515625 0.01640625 0.0171875
4 0.36171875 0.371875 0.02734375 0.0234375
3 0.4078125 0.37421875 0.00546875 0.025
3 0.396875 0.371875 0.0078125 0.02734375
4 0.35234375 0.35625 0.0234375 0.01875
4 0.33984375 0.3421875 0.02578125 0.0265625
4 0.325 0.3328125 0.01875 0.0171875
4 0.25625 0.303125 0.0203125 0.01953125