3 0.30234375 0.48125 0.00859375 0.03046875
4 0.565625 0.659375 0.07421875 0.06953125
3 0.94296875 0.83125 0.02265625 0.065625
3 0.76015625 0.7375 0.02578125 0.065625
3 0.25703125 0.69296875 0.01953125 0.05234375
3 0.24453125 0.628125 0.0171875 0.05546875
3 0.3390625 0.94296875 0.0265625 0.08515625
4 0.309375 0.6 0.0453125 0.0609375
4 0.29765625 0.5515625 0.0453125 0.04765625
3 0.5875 0.62421875 0.01484375 0.0484375
3 0.79453125 0.65859375 0.0140625 0.05234375
3 0.38828125 0.49375 0.01015625 0.03671875
3 0.4515625 0.49765625 0.0109375 0.03515625
3 0.4640625 0.49921875 0.01171875 0.0375
3 0.28515625 0.68671875 0.015625 0.059375
3 0.23984375 0.5359375 0.01015625 0.03984375
3 0.2625 0.49921875 0.01015625 0.0328125
3 0.33125 0.465625 0.009375 0.0265625
3 0.321875 0.4546875 0.0078125 0.0265625
3 0.296875 0.46640625 0.00859375 0.0296875
4 0.340625 0.41953125 0.02890625 0.03203125
4 0.27734375 0.3875 0.01953125 0.0265625
4 0.23984375 0.3765625 0.01640625 0.02109375
4 0.33359375 0.6453125 0.05390625 0.06328125
4 0.2375 0.4296875 0.025 0.03046875
4 0.359375 0.440625 0.03125 0.028125
3 0.31171875 0.946875 0.025 0.07109375
3 0.90234375 0.8046875 0.021875 0.0640625
3 0.7984375 0.74140625 0.02265625 0.06953125
3 0.61875 0.6359375 0.01875 0.059375
3 0.50234375 0.534375 0.01171875 0.034375
3 0.66328125 0.61875 0.01640625 0.0484375
3 0.5234375 0.5609375 0.009375 0.0296875
3 0.53359375 0.55625 0.00703125 0.040625
3 0.5171875 0.5296875 0.00859375 0.03046875
3 0.53125 0.53046875 0.0078125 0.02734375
3 0.240625 0.58046875 0.0171875 0.040625