4 0.23359375 0.42578125 0.02734375 0.0375
4 0.36953125 0.4515625 0.02421875 0.02890625
4 0.2984375 0.4640625 0.034375 0.0390625
4 0.5 0.64296875 0.05703125 0.06171875
4 0.33515625 0.6453125 0.05078125 0.0640625
4 0.30078125 0.5546875 0.03984375 0.0546875
4 0.23359375 0.3609375 0.015625 0.0203125
4 0.2265625 0.4046875 0.025 0.025
4 0.3203125 0.59296875 0.0453125 0.053125
4 0.265625 0.3453125 0.015625 0.01875
3 0.2515625 0.84375 0.03671875 0.06953125
3 0.88046875 0.77578125 0.034375 0.059375
4 0.21328125 0.38125 0.01875 0.028125
4 0.690625 0.796875 0.11328125 0.10078125