4 0.36171875 0.36328125 0.03359375 0.03984375
4 0.30234375 0.309375 0.0171875 0.0203125
4 0.2421875 0.2515625 0.01484375 0.015625
4 0.225 0.3203125 0.01796875 0.02421875
4 0.33828125 0.34375 0.02265625 0.0265625
3 0.615625 0.53046875 0.0140625 0.05
4 0.465625 0.5 0.05703125 0.0484375
3 0.57890625 0.53046875 0.01328125 0.04375
3 0.59375 0.53203125 0.01640625 0.0453125
3 0.5546875 0.48671875 0.009375 0.03359375
3 0.54453125 0.4890625 0.009375 0.04453125
4 0.24765625 0.365625 0.03046875 0.03671875
4 0.37734375 0.38515625 0.03125 0.028125