3 0.6796875 0.60625 0.01484375 0.0546875
3 0.2203125 0.3859375 0.0109375 0.0296875
3 0.24296875 0.5015625 0.0109375 0.04375
3 0.68359375 0.66484375 0.0234375 0.0609375
4 0.24453125 0.36796875 0.02734375 0.028125
4 0.3828125 0.38671875 0.034375 0.03046875
4 0.31171875 0.496875 0.04296875 0.05
4 0.490625 0.58671875 0.05 0.065625
4 0.63046875 0.66796875 0.0796875 0.08046875
4 0.24140625 0.28515625 0.01484375 0.015625
4 0.2359375 0.33984375 0.01875 0.021875
4 0.365625 0.371875 0.02734375 0.0296875
3 0.325 0.39453125 0.01015625 0.0375
3 0.6984375 0.575 0.0171875 0.05078125
3 0.65859375 0.6078125 0.01640625 0.05625