4 0.24296875 0.3640625 0.02421875 0.0234375
3 0.45703125 0.703125 0.02265625 0.03828125
3 0.3296875 0.45234375 0.01328125 0.03671875
3 0.29921875 0.5625 0.0125 0.0421875
3 0.2328125 0.4015625 0.00625 0.025
4 0.8203125 0.86875 0.1484375 0.14375
4 0.428125 0.77421875 0.11015625 0.12421875
4 0.25234375 0.37890625 0.02734375 0.02890625
3 0.93359375 0.82421875 0.0265625 0.0765625
3 0.3046875 0.67578125 0.01484375 0.06171875
4 0.22578125 0.32109375 0.01953125 0.02890625
4 0.2875 0.3203125 0.01953125 0.021875
4 0.2375 0.340625 0.01953125 0.02265625
3 0.2203125 0.38359375 0.00703125 0.025
3 0.28359375 0.5234375 0.01015625 0.02890625
3 0.24765625 0.54140625 0.0125 0.0453125
3 0.2484375 0.48203125 0.0109375 0.03984375
3 0.2703125 0.4734375 0.01171875 0.0359375
3 0.29765625 0.52578125 0.0125 0.03515625
3 0.36328125 0.40703125 0.0125 0.0359375
3 0.2859375 0.67890625 0.02265625 0.059375
4 0.3453125 0.59609375 0.05546875 0.06953125
4 0.38046875 0.6703125 0.06640625 0.0859375
3 0.890625 0.85 0.0265625 0.071875
3 0.96328125 0.8296875 0.02421875 0.06875