4 0.2640625 0.50234375 0.153125 0.14609375
4 0.7453125 0.3703125 0.0234375 0.02265625
4 0.73984375 0.40078125 0.02578125 0.03046875
4 0.74296875 0.3875 0.021875 0.02109375
4 0.58671875 0.3921875 0.03359375 0.0359375
4 0.61640625 0.3578125 0.02265625 0.02421875
4 0.57890625 0.37421875 0.0265625 0.02109375
4 0.5578125 0.3875 0.02578125 0.0296875
4 0.7078125 0.30859375 0.0125 0.01640625
4 0.42421875 0.521875 0.08359375 0.07265625
4 0.928125 0.65078125 0.140625 0.09375
4 0.015625 0.71953125 0.03125 0.09765625
4 0.7125 0.35234375 0.01875 0.01875
4 0.6828125 0.3390625 0.02890625 0.015625
3 0.78203125 0.5921875 0.02734375 0.08203125
3 0.9515625 0.55859375 0.0203125 0.08671875
3 0.7703125 0.5921875 0.0265625 0.08046875
3 0.63984375 0.35546875 0.00625 0.025
3 0.9671875 0.54375 0.01875 0.0890625
3 0.66328125 0.35234375 0.00859375 0.025