0 0.6515625 0.44375 0.078125 0.10390625
3 0.796875 0.48828125 0.01484375 0.0265625
4 0.740625 0.38125 0.03515625 0.05234375
4 0.69765625 0.353125 0.0203125 0.0234375
4 0.64921875 0.34765625 0.01953125 0.021875
4 0.61796875 0.359375 0.02265625 0.02265625
4 0.55859375 0.3875 0.02890625 0.02890625
4 0.73046875 0.45390625 0.03828125 0.0265625
4 0.70859375 0.34921875 0.015625 0.02734375
4 0.7390625 0.340625 0.0125 0.01484375
4 0.59765625 0.37265625 0.01796875 0.02265625
4 0.58359375 0.37890625 0.021875 0.0234375
4 0.7296875 0.43359375 0.03203125 0.03359375
4 0.73515625 0.4109375 0.028125 0.028125
3 0.25 0.47734375 0.0140625 0.05390625
3 0.5421875 0.37890625 0.00703125 0.03359375
3 0.77578125 0.41484375 0.009375 0.03359375
3 0.79140625 0.53359375 0.0171875 0.06640625
3 0.79296875 0.38046875 0.00703125 0.03125
3 0.36328125 0.44765625 0.01171875 0.04140625
3 0.3 0.46953125 0.0140625 0.06015625
3 0.80703125 0.53359375 0.0140625 0.0671875
3 0.82421875 0.53359375 0.01640625 0.0703125
3 0.7875 0.41484375 0.01015625 0.03828125
1 0.50234375 0.41328125 0.01015625 0.03515625