4 0.50625 0.48828125 0.08828125 0.0796875
4 0.80625 0.37265625 0.03515625 0.04140625
4 0.6796875 0.32421875 0.0296875 0.0296875
4 0.853125 0.36484375 0.03828125 0.04453125
4 0.73828125 0.38671875 0.0390625 0.05234375
3 0.6625 0.31484375 0.01015625 0.04140625
3 0.9171875 0.41640625 0.0125 0.05390625
3 0.61875 0.33203125 0.01015625 0.03515625
4 0.86640625 0.31875 0.02578125 0.02890625
4 0.8625 0.34765625 0.03046875 0.03359375
4 0.3140625 0.4796875 0.10546875 0.0859375
4 0.76875 0.4421875 0.053125 0.0625
4 0.8296875 0.29140625 0.01875 0.0234375
4 0.85078125 0.2921875 0.01875 0.0203125
4 0.69296875 0.321875 0.02265625 0.0234375
4 0.70078125 0.3140625 0.02265625 0.02421875
4 0.4265625 0.46640625 0.11328125 0.0953125