4 0.44296875 0.51328125 0.07109375 0.0734375
4 0.74375 0.3875 0.0203125 0.0234375
4 0.73359375 0.4140625 0.0359375 0.03359375
4 0.7328125 0.43359375 0.03359375 0.02890625
4 0.728125 0.45078125 0.0390625 0.02578125
4 0.36328125 0.47734375 0.06640625 0.0671875
4 0.45078125 0.4296875 0.090625 0.09609375
4 0.50703125 0.43203125 0.02421875 0.03671875
4 0.41484375 0.83125 0.17578125 0.20390625
4 0.0265625 0.684375 0.05234375 0.35625
4 0.72578125 0.46484375 0.03046875 0.02890625
4 0.71875 0.4890625 0.04921875 0.034375
4 0.5609375 0.3890625 0.02265625 0.025
4 0.5953125 0.396875 0.0421875 0.0578125
4 0.60703125 0.35234375 0.03046875 0.040625
4 0.6453125 0.3609375 0.03125 0.05078125
4 0.64609375 0.41171875 0.03359375 0.03671875
4 0.6703125 0.39140625 0.02265625 0.02578125
4 0.6703125 0.3390625 0.01953125 0.02578125
4 0.6875 0.375 0.0203125 0.02421875
4 0.69375 0.3609375 0.01796875 0.01796875
4 0.69765625 0.34921875 0.01640625 0.01875
4 0.7453125 0.35390625 0.01484375 0.01328125
4 0.74765625 0.3609375 0.01640625 0.01171875
4 0.746875 0.37109375 0.02109375 0.015625
3 0.0796875 0.5640625 0.01875 0.07109375
3 0.9390625 0.596875 0.02578125 0.08984375
3 0.99453125 0.58359375 0.00859375 0.0875
3 0.81484375 0.515625 0.015625 0.06484375
3 0.06328125 0.56640625 0.01640625 0.07109375
3 0.8 0.45703125 0.01328125 0.06015625
3 0.7875 0.4578125 0.00625 0.053125
0 0.21484375 0.51328125 0.20703125 0.17734375
0 0.72890625 0.32890625 0.01796875 0.02890625