4 0.03515625 0.5765625 0.0703125 0.1125
4 0.8203125 0.30078125 0.0171875 0.015625
4 0.8734375 0.32109375 0.0171875 0.01875
4 0.5578125 0.4640625 0.090625 0.08984375
4 0.8671875 0.32734375 0.02265625 0.0203125
4 0.86484375 0.3375 0.02734375 0.021875
4 0.8578125 0.3546875 0.0296875 0.021875
4 0.50234375 0.4171875 0.05234375 0.0484375
4 0.44296875 0.4390625 0.07265625 0.06171875
4 0.35 0.47734375 0.0953125 0.075
4 0.840625 0.30859375 0.01953125 0.02265625
4 0.6109375 0.43671875 0.0484375 0.05625
4 0.85234375 0.3734375 0.02734375 0.021875
4 0.853125 0.38984375 0.0421875 0.02265625
4 0.84921875 0.41015625 0.0453125 0.02578125
4 0.83984375 0.4296875 0.05546875 0.03203125
4 0.83984375 0.4453125 0.04921875 0.03515625
4 0.73671875 0.30078125 0.01796875 0.015625
4 0.74609375 0.29375 0.0171875 0.01796875
4 0.77265625 0.27578125 0.01328125 0.01171875
4 0.45078125 0.47578125 0.084375 0.08203125
4 0.83359375 0.246875 0.01171875 0.0125
3 0.95546875 0.521875 0.0328125 0.08515625
3 0.940625 0.45703125 0.01953125 0.06875
3 0.32421875 0.440625 0.015625 0.04765625
3 0.9140625 0.415625 0.0125 0.05625
3 0.6640625 0.31875 0.01015625 0.03359375
3 0.70703125 0.29765625 0.00859375 0.01640625
3 0.6953125 0.296875 0.00703125 0.02265625
3 0.96796875 0.4609375 0.0140625 0.04375
3 0.8609375 0.28828125 0.00625 0.0265625
4 0.68125 0.32734375 0.02421875 0.02265625
4 0.703125 0.31875 0.0203125 0.01953125
4 0.7234375 0.3078125 0.01953125 0.0203125
4 0.77578125 0.29375 0.01796875 0.01640625
4 0.8 0.32109375 0.0203125 0.02421875