1 0.50234375 0.41171875 0.01015625 0.03125
3 0.1046875 0.52734375 0.01875 0.06640625
3 0.08203125 0.54609375 0.01875 0.07109375
3 0.80078125 0.55078125 0.0171875 0.07734375
3 0.81953125 0.55078125 0.0140625 0.06484375
4 0.3015625 0.51640625 0.0921875 0.07109375
4 0.15 0.571875 0.140625 0.09765625
4 0.33125 0.61875 0.090625 0.1125
4 0.4328125 0.76015625 0.14921875 0.14609375
4 0.5734375 0.3796875 0.02109375 0.021875
4 0.7234375 0.43828125 0.0328125 0.0328125
4 0.74140625 0.38671875 0.025 0.025
4 0.5859375 0.3734375 0.01796875 0.02265625
4 0.734375 0.41171875 0.03046875 0.0375
4 0.4953125 0.45625 0.05234375 0.04921875
4 0.49140625 0.58671875 0.0796875 0.0859375
3 0.91640625 0.575 0.0453125 0.0875
4 0.55859375 0.3875 0.0265625 0.02109375
4 0.7453125 0.37109375 0.02109375 0.01640625
4 0.71171875 0.328125 0.01484375 0.01484375
4 0.721875 0.3515625 0.01796875 0.01875
4 0.69609375 0.35234375 0.02109375 0.021875
4 0.72265625 0.471875 0.04140625 0.03671875