4 0.68515625 0.3296875 0.02109375 0.02265625
4 0.78125 0.3375 0.028125 0.0375
4 0.6953125 0.32265625 0.01875 0.0203125
4 0.7015625 0.31796875 0.02265625 0.021875
4 0.7171875 0.31484375 0.0171875 0.021875
4 0.74375 0.29375 0.0203125 0.021875
4 0.7328125 0.3015625 0.01875 0.01875
4 0.865625 0.28046875 0.0140625 0.015625
4 0.85234375 0.36484375 0.03671875 0.0390625
4 0.86328125 0.3484375 0.02734375 0.03046875
4 0.8671875 0.31875 0.021875 0.03125
4 0.87109375 0.303125 0.01953125 0.025
4 0.6625 0.33671875 0.03046875 0.02734375
4 0.8515625 0.39765625 0.03984375 0.034375
4 0.81171875 0.31015625 0.02109375 0.02578125
4 0.7625 0.44140625 0.0859375 0.12109375
4 0.990625 0.74609375 0.015625 0.09140625
4 0.25390625 0.615625 0.22734375 0.11875
4 0.51015625 0.48046875 0.06796875 0.07265625
3 0.28125 0.44609375 0.01953125 0.05859375
3 0.91796875 0.34296875 0.00859375 0.03515625
3 0.6625 0.31484375 0.0078125 0.02578125
3 0.9015625 0.3109375 0.00546875 0.02265625
1 0.609375 0.3453125 0.01171875 0.02890625