4 0.73203125 0.29921875 0.01484375 0.01796875
4 0.871875 0.29140625 0.01796875 0.0125
4 0.51953125 0.43515625 0.0734375 0.05859375
4 0.5640625 0.40546875 0.05 0.04375
4 0.596875 0.38125 0.04375 0.04375
4 0.53515625 0.46796875 0.0796875 0.0796875
4 0.7390625 0.2921875 0.01640625 0.01640625
4 0.37421875 0.4640625 0.08359375 0.07265625
4 0.4390625 0.46875 0.08046875 0.07890625
4 0.84609375 0.24609375 0.00703125 0.00859375
4 0.84453125 0.28828125 0.02109375 0.02265625
4 0.81171875 0.303125 0.01875 0.01875
4 0.853125 0.36875 0.0296875 0.03359375
4 0.59140625 0.44375 0.04609375 0.0578125
4 0.6203125 0.415625 0.04765625 0.0484375
4 0.65078125 0.39453125 0.04609375 0.0484375
4 0.64140625 0.3640625 0.0453125 0.03671875
4 0.8390625 0.415625 0.04609375 0.03515625
4 0.87109375 0.3046875 0.01953125 0.0203125
4 0.76328125 0.34453125 0.05859375 0.090625
4 0.7796875 0.27890625 0.0140625 0.01484375
4 0.66953125 0.35390625 0.02421875 0.028125
4 0.6796875 0.34296875 0.02421875 0.028125
4 0.67734375 0.325 0.0203125 0.01875
4 0.70078125 0.3171875 0.01875 0.0203125
4 0.68984375 0.321875 0.0171875 0.0234375
4 0.71171875 0.31171875 0.0171875 0.0203125
4 0.79921875 0.2796875 0.0125 0.0140625
4 0.80703125 0.27578125 0.0125 0.0140625
4 0.81640625 0.26328125 0.0109375 0.01171875
3 0.9171875 0.44140625 0.01875 0.05859375
3 0.38125 0.40546875 0.0125 0.04765625
3 0.546875 0.35546875 0.00859375 0.03515625
3 0.67734375 0.30703125 0.00859375 0.01875
3 0.66015625 0.31640625 0.00859375 0.0375
3 0.9 0.3 0.0125 0.025
3 0.959375 0.515625 0.01875 0.07265625
3 0.08984375 0.50390625 0.02265625 0.07890625
3 0.35625 0.4265625 0.0109375 0.03984375
1 0.60859375 0.34453125 0.0078125 0.0234375
1 0.51484375 0.3734375 0.01484375 0.0453125