0 0.67109375 0.34375 0.0859375 0.0734375
3 0.825 0.28046875 0.0046875 0.0171875
3 0.7828125 0.28515625 0.0046875 0.01796875
3 0.51875 0.3640625 0.009375 0.034375
3 0.2609375 0.4453125 0.015625 0.0421875
3 0.96484375 0.4984375 0.02421875 0.08046875
3 0.9453125 0.496875 0.01875 0.08515625
3 0.24609375 0.45078125 0.0125 0.04375
3 0.990625 0.77421875 0.015625 0.07265625
2 0.91953125 0.56875 0.03515625 0.10859375
4 0.86171875 0.246875 0.0125 0.01484375
4 0.8359375 0.45078125 0.05546875 0.0453125
4 0.84375 0.42421875 0.0453125 0.0359375
4 0.8515625 0.4 0.040625 0.03046875
4 0.8546875 0.37421875 0.03125 0.0328125
4 0.86171875 0.36328125 0.0265625 0.03515625
4 0.86484375 0.34921875 0.0296875 0.02734375
4 0.8640625 0.328125 0.025 0.01796875
4 0.871875 0.3078125 0.01875 0.01953125
4 0.86328125 0.28984375 0.0203125 0.01796875
4 0.815625 0.26484375 0.0140625 0.015625
4 0.515625 0.403125 0.04296875 0.046875
4 0.76875 0.30703125 0.015625 0.01953125
4 0.7390625 0.3046875 0.0453125 0.06328125
4 0.71953125 0.32890625 0.015625 0.0296875
4 0.6609375 0.3984375 0.04765625 0.05390625
4 0.28203125 0.5734375 0.13515625 0.125
4 0.29375 0.503125 0.1453125 0.10859375
4 0.4484375 0.52890625 0.09609375 0.121875
4 0.40390625 0.4578125 0.078125 0.0734375
4 0.47421875 0.46875 0.059375 0.05078125
4 0.47734375 0.425 0.0640625 0.0484375
4 0.5875 0.4078125 0.11328125 0.153125
4 0.05859375 0.7921875 0.1171875 0.209375
4 0.671875 0.534375 0.08515625 0.08984375
3 0.98671875 0.6 0.02421875 0.1
3 0.9578125 0.60078125 0.02421875 0.10234375
3 0.00390625 0.55 0.0078125 0.103125
3 0.91640625 0.30390625 0.00625 0.02265625
3 0.909375 0.3078125 0.00546875 0.0234375
3 0.90234375 0.309375 0.00703125 0.025
3 0.93125 0.3296875 0.01015625 0.034375
3 0.9203125 0.32890625 0.0078125 0.0375