3 0.73515625 0.471875 0.02578125 0.06953125
4 0.4609375 0.38984375 0.03984375 0.040625
4 0.5421875 0.46015625 0.16796875 0.1625
4 0.90703125 0.96328125 0.18359375 0.06875
0 0.421875 0.86015625 0.34921875 0.275
4 0.26328125 0.296875 0.015625 0.01875
4 0.23671875 0.296875 0.01875 0.0390625
4 0.21640625 0.26796875 0.01328125 0.0140625
4 0.86796875 0.83125 0.2609375 0.33359375
4 0.2109375 0.29453125 0.01875 0.01875
4 0.22421875 0.26015625 0.0125 0.01328125
4 0.39296875 0.34765625 0.03984375 0.046875
1 0.32265625 0.31171875 0.02578125 0.04375
4 0.4859375 0.7421875 0.15390625 0.18359375
4 0.4171875 0.35859375 0.03984375 0.04140625