4 0.8390625 0.41484375 0.046875 0.03671875
4 0.85078125 0.378125 0.03203125 0.0390625
4 0.78515625 0.27578125 0.0109375 0.01171875
4 0.85703125 0.3484375 0.02421875 0.028125
4 0.8703125 0.30390625 0.0265625 0.0421875
4 0.88359375 0.27578125 0.0515625 0.0359375
4 0.7828125 0.29140625 0.01796875 0.01796875
4 0.778125 0.2796875 0.01328125 0.0140625
4 0.7125 0.31171875 0.015625 0.01953125
3 0.2203125 0.47734375 0.02265625 0.0875
3 0.1734375 0.49609375 0.0171875 0.07109375
3 0.1359375 0.50390625 0.02421875 0.07890625
3 0.825 0.3640625 0.01015625 0.03203125
3 0.66015625 0.31484375 0.00859375 0.03359375
3 0.625 0.32734375 0.00859375 0.02890625
1 0.51484375 0.37265625 0.015625 0.046875
1 0.60859375 0.34453125 0.0078125 0.025
0 0.8046875 0.25625 0.0203125 0.021875
4 0.8140625 0.26875 0.0125 0.01328125
4 0.828125 0.27734375 0.0234375 0.02578125
4 0.80703125 0.275 0.01171875 0.01328125
4 0.78984375 0.271875 0.0125 0.01171875
4 0.82265625 0.2578125 0.00859375 0.01015625
4 0.6984375 0.31484375 0.0234375 0.02890625
4 0.69140625 0.321875 0.01796875 0.0234375
4 0.678125 0.3265625 0.0265625 0.025
4 0.7328125 0.2984375 0.0171875 0.01875
4 0.740625 0.29375 0.01640625 0.02109375
4 0.8015625 0.2796875 0.0125 0.0140625