4 0.7296875 0.325 0.0203125 0.0234375
4 0.7703125 0.29921875 0.01796875 0.01484375
4 0.7546875 0.33046875 0.02734375 0.02890625
3 0.91640625 0.41796875 0.01171875 0.05234375
3 0.9296875 0.48203125 0.01953125 0.075
3 0.91328125 0.4875 0.01953125 0.075
3 0.89609375 0.48125 0.01953125 0.075
3 0.39765625 0.4125 0.015625 0.05234375
3 0.85390625 0.303125 0.00546875 0.02265625
3 0.3859375 0.41328125 0.015625 0.05625
3 0.928125 0.54296875 0.01953125 0.071875
3 0.1828125 0.471875 0.02109375 0.04765625
3 0.25390625 0.46640625 0.0140625 0.05859375
3 0.428125 0.403125 0.015625 0.04765625
3 0.44765625 0.39296875 0.0140625 0.05234375
3 0.6015625 0.34921875 0.01015625 0.03515625
3 0.6640625 0.32109375 0.00703125 0.03359375
3 0.69140625 0.30390625 0.0046875 0.02421875
3 0.78515625 0.40625 0.02265625 0.05390625
4 0.7046875 0.321875 0.0171875 0.01875
4 0.17109375 0.5375 0.140625 0.09140625
4 0.84453125 0.41875 0.05078125 0.02734375
4 0.85078125 0.3953125 0.046875 0.02578125
4 0.6640625 0.47890625 0.07265625 0.07890625
4 0.85703125 0.37109375 0.034375 0.03203125
4 0.85703125 0.36015625 0.03203125 0.02265625
4 0.86171875 0.34765625 0.03125 0.01484375
4 0.86796875 0.33359375 0.0265625 0.01328125
4 0.871875 0.31484375 0.0203125 0.021875
4 0.8515625 0.2765625 0.0125 0.01328125
4 0.8359375 0.44609375 0.0546875 0.034375
4 0.82265625 0.27890625 0.01171875 0.0140625
4 0.77109375 0.28125 0.0109375 0.0125
4 0.69609375 0.32734375 0.01484375 0.0203125
4 0.68046875 0.33203125 0.0234375 0.025