4 0.646875 0.33359375 0.01171875 0.0140625
4 0.74453125 0.3734375 0.01796875 0.01796875
4 0.33984375 0.565625 0.10234375 0.10234375
3 0.7953125 0.465625 0.0140625 0.04765625
3 0.54296875 0.38046875 0.00859375 0.03515625
1 0.503125 0.41171875 0.00859375 0.02734375
4 0.61640625 0.35703125 0.0140625 0.01875
4 0.7421875 0.39765625 0.021875 0.02890625
4 0.73359375 0.41328125 0.03125 0.040625
4 0.5578125 0.3890625 0.0265625 0.02734375
4 0.746875 0.365625 0.01875 0.021875
4 0.7390625 0.33515625 0.01484375 0.01640625
4 0.74140625 0.32734375 0.0140625 0.0140625
4 0.73046875 0.3171875 0.009375 0.01015625
4 0.70390625 0.3125 0.01015625 0.00859375
4 0.68125 0.32421875 0.02109375 0.03984375
4 0.58125 0.3796875 0.01875 0.02109375
4 0.6546875 0.328125 0.00859375 0.01328125