4 0.7390625 0.29296875 0.01875 0.02578125
4 0.8375 0.41328125 0.046875 0.03515625
4 0.7625 0.30703125 0.02578125 0.02734375
4 0.2453125 0.58203125 0.14375 0.13125
4 0.47734375 0.5125 0.09921875 0.10390625
3 0.94453125 0.64140625 0.03125 0.1296875
3 0.97890625 0.63671875 0.03984375 0.13515625
0 0.8 0.90703125 0.39765625 0.18125
4 0.87109375 0.2953125 0.01640625 0.03046875
4 0.7390625 0.39140625 0.04375 0.05
4 0.709375 0.3125 0.0171875 0.0234375
4 0.69375 0.321875 0.01328125 0.01953125
4 0.68125 0.3265625 0.01875 0.02421875