4 0.628125 0.38671875 0.03984375 0.0546875
4 0.58125 0.4359375 0.03671875 0.04296875
3 0.55625 0.43203125 0.01015625 0.01875
3 0.42578125 0.49921875 0.01171875 0.01875
3 0.85390625 0.73828125 0.03125 0.11015625
4 0.72890625 0.5390625 0.05625 0.0609375
4 0.65078125 0.3921875 0.0140625 0.0234375
4 0.609375 0.42109375 0.02890625 0.03203125
4 0.42890625 0.55078125 0.071875 0.08203125
4 0.46953125 0.5203125 0.0578125 0.0578125
4 0.50859375 0.4875 0.05234375 0.06328125
4 0.740625 0.4734375 0.03359375 0.0265625
4 0.73125 0.49609375 0.05234375 0.0359375
4 0.35859375 0.590625 0.103125 0.0953125
4 0.7078125 0.590625 0.0671875 0.08203125
4 0.75 0.42265625 0.0234375 0.03203125
4 0.74296875 0.44921875 0.0328125 0.0328125
4 0.73828125 0.46015625 0.03828125 0.0296875