4 0.6609375 0.44765625 0.0359375 0.040625
3 0.553125 0.37265625 0.00703125 0.0203125
3 0.878125 0.671875 0.028125 0.11015625
3 0.92421875 0.60546875 0.0296875 0.08984375
3 0.8359375 0.584375 0.01875 0.07265625
3 0.86328125 0.58671875 0.01953125 0.08125
3 0.16328125 0.509375 0.0140625 0.06015625
3 0.54375 0.375 0.0078125 0.025
4 0.5703125 0.61640625 0.08671875 0.09609375
4 0.5 0.4171875 0.0375 0.0390625
4 0.5296875 0.409375 0.0265625 0.028125
4 0.54375 0.4015625 0.0265625 0.0265625
4 0.5609375 0.3875 0.0265625 0.0234375
4 0.57265625 0.38046875 0.021875 0.02109375
4 0.58359375 0.3765625 0.01875 0.0203125
4 0.61484375 0.3609375 0.01953125 0.01953125
4 0.66328125 0.3421875 0.02890625 0.04296875
4 0.70390625 0.37109375 0.02421875 0.0234375
4 0.70234375 0.38515625 0.0234375 0.02734375
4 0.746875 0.36328125 0.01875 0.01875
4 0.74765625 0.36875 0.0171875 0.02109375
4 0.73984375 0.38515625 0.02109375 0.0125
4 0.74140625 0.3984375 0.02265625 0.0234375
4 0.73125 0.4328125 0.03046875 0.02890625
4 0.71875 0.48984375 0.046875 0.03515625
4 0.7234375 0.46875 0.040625 0.0171875
4 0.73046875 0.45234375 0.03515625 0.02890625
4 0.73203125 0.4109375 0.03125 0.0234375
4 0.62265625 0.4828125 0.04609375 0.04765625
4 0.4046875 0.53984375 0.08671875 0.0875
4 0.2515625 0.53125 0.10546875 0.09140625
4 0.11796875 0.58125 0.13671875 0.09609375
4 0.459375 0.4421875 0.04453125 0.0390625
4 0.459375 0.815625 0.16328125 0.19375
4 0.34453125 0.49921875 0.06953125 0.06171875
4 0.40234375 0.46953125 0.05234375 0.05546875