3 0.90546875 0.52265625 0.02109375 0.0875
4 0.73671875 0.30703125 0.01953125 0.01953125
4 0.825 0.29765625 0.02421875 0.03828125
4 0.8203125 0.315625 0.01953125 0.0234375
4 0.74921875 0.334375 0.02734375 0.0296875
4 0.8578125 0.35703125 0.025 0.03046875
4 0.6796875 0.33359375 0.02421875 0.02421875
4 0.6953125 0.32890625 0.01875 0.025
4 0.70625 0.32421875 0.01875 0.02109375
4 0.675 0.359375 0.01171875 0.03125
4 0.7828125 0.284375 0.0125 0.01484375
4 0.86484375 0.28984375 0.01328125 0.0140625
4 0.80546875 0.28515625 0.01328125 0.015625
4 0.87734375 0.3015625 0.0171875 0.0140625
4 0.87578125 0.3109375 0.01796875 0.01875
4 0.64296875 0.515625 0.0859375 0.08125
4 0.7484375 0.296875 0.0125 0.0171875
4 0.8515625 0.3015625 0.0171875 0.01796875
4 0.83515625 0.44609375 0.05234375 0.034375
4 0.84453125 0.4171875 0.053125 0.02890625
4 0.85078125 0.39765625 0.0453125 0.01796875
4 0.853125 0.3875 0.04296875 0.01875
4 0.87109375 0.35390625 0.028125 0.034375
4 0.86640625 0.32734375 0.01953125 0.01796875
4 0.87265625 0.32109375 0.0140625 0.01328125
3 0.91015625 0.33359375 0.0078125 0.03125
3 0.92109375 0.328125 0.00703125 0.03125
3 0.51796875 0.37578125 0.009375 0.040625
3 0.48515625 0.38359375 0.00859375 0.0421875
3 0.96875 0.4875 0.01875 0.0703125
3 0.21875 0.48828125 0.01953125 0.08515625
3 0.9046875 0.4609375 0.01796875 0.0578125
3 0.93046875 0.43046875 0.0140625 0.05390625
3 0.94140625 0.48671875 0.02109375 0.07734375
3 0.4734375 0.3890625 0.01328125 0.04765625
3 0.50625 0.3703125 0.01171875 0.04140625
3 0.2375 0.4859375 0.01953125 0.0765625
3 0.865625 0.459375 0.01171875 0.05625
3 0.84140625 0.359375 0.0078125 0.0296875
1 0.35390625 0.46640625 0.028125 0.01875
3 0.14921875 0.50078125 0.01953125 0.06875