3 0.95078125 0.575 0.0203125 0.0875
2 0.65625 0.42890625 0.021875 0.03828125
4 0.559375 0.3859375 0.03671875 0.028125
4 0.4828125 0.74296875 0.13046875 0.14765625
4 0.67265625 0.37890625 0.0328125 0.02890625
4 0.08671875 0.59375 0.1734375 0.12890625
4 0.70390625 0.41640625 0.05 0.03359375
4 0.7390625 0.3796875 0.0359375 0.05078125
4 0.72890625 0.43515625 0.03359375 0.02109375
4 0.70078125 0.35546875 0.01875 0.021875
4 0.7296875 0.4546875 0.0359375 0.028125
3 0.23828125 0.4875 0.01171875 0.05078125
3 0.98515625 0.86328125 0.02734375 0.13125
3 0.221875 0.48671875 0.01171875 0.04765625
3 0.9421875 0.85 0.05546875 0.15859375
3 0.85859375 0.57421875 0.0203125 0.0859375
3 0.97265625 0.578125 0.021875 0.09140625
3 0.8390625 0.56953125 0.0171875 0.08515625
1 0.50390625 0.41328125 0.00859375 0.02734375
2 0.6625 0.353125 0.00703125 0.025
0 0.61328125 0.365625 0.05078125 0.05625