4 0.74140625 0.29140625 0.0203125 0.01796875
4 0.76796875 0.27421875 0.01640625 0.01640625
4 0.86171875 0.35234375 0.025 0.028125
4 0.86171875 0.3296875 0.021875 0.0171875
4 0.8703125 0.3109375 0.01875 0.01875
4 0.8703125 0.29765625 0.0203125 0.0203125
4 0.85546875 0.39296875 0.03125 0.02734375
1 0.609375 0.34453125 0.01015625 0.025
1 0.515625 0.37421875 0.01484375 0.0453125
4 0.7328125 0.30078125 0.01640625 0.01640625
4 0.7171875 0.31328125 0.01640625 0.01875
4 0.70078125 0.3171875 0.01875 0.02265625
4 0.6921875 0.32265625 0.021875 0.025
4 0.67734375 0.32890625 0.0265625 0.02265625
4 0.865625 0.28046875 0.0125 0.01015625