3 0.5234375 0.42265625 0.00703125 0.025
3 0.4359375 0.47890625 0.01171875 0.04375
3 0.88203125 0.87734375 0.03984375 0.10859375
3 0.83359375 0.86796875 0.04296875 0.12734375
3 0.82109375 0.46328125 0.00859375 0.05234375
3 0.79921875 0.50390625 0.01015625 0.05859375
3 0.4234375 0.478125 0.01171875 0.04375
3 0.49296875 0.45625 0.01171875 0.0375
3 0.80390625 0.43046875 0.01171875 0.03515625
4 0.628125 0.4 0.02421875 0.0296875
4 0.36171875 0.6 0.10078125 0.0921875
4 0.66015625 0.49140625 0.05 0.05390625
4 0.25859375 0.828125 0.1875 0.18984375
4 0.7 0.63046875 0.08203125 0.10078125
4 0.72265625 0.5890625 0.06171875 0.0765625
4 0.7375 0.48671875 0.03828125 0.04375
4 0.728125 0.515625 0.04765625 0.0515625
4 0.73359375 0.46328125 0.04453125 0.05078125
4 0.425 0.54921875 0.07578125 0.0859375
4 0.47734375 0.5109375 0.05859375 0.071875
4 0.603125 0.4671875 0.0453125 0.04296875
4 0.58203125 0.4421875 0.0328125 0.0328125
4 0.603125 0.4171875 0.03125 0.034375
4 0.64765625 0.38984375 0.02109375 0.02578125