4 0.64453125 0.51875 0.05390625 0.05390625
4 0.5828125 0.4328125 0.03828125 0.046875
4 0.60625 0.42734375 0.028125 0.034375
4 0.73046875 0.484375 0.05 0.0515625
4 0.73203125 0.5140625 0.04609375 0.0453125
4 0.72734375 0.5484375 0.05703125 0.06953125
4 0.70859375 0.59140625 0.0609375 0.0765625
4 0.69375 0.63828125 0.0828125 0.10703125
4 0.18125 0.86875 0.2828125 0.25859375
4 0.63828125 0.90859375 0.1546875 0.17890625
4 0.9046875 0.75859375 0.1875 0.14609375
4 0.428125 0.54921875 0.08125 0.084375
4 0.36015625 0.60234375 0.08984375 0.08359375
4 0.53359375 0.55390625 0.07109375 0.06640625
4 0.4703125 0.5171875 0.05703125 0.06875
4 0.5078125 0.49375 0.0484375 0.05859375