3 0.36484375 0.640625 0.034375 0.11875
4 0.44921875 0.90078125 0.39765625 0.19375
4 0.38046875 0.271875 0.03515625 0.04375
4 0.3453125 0.33984375 0.0390625 0.05859375
4 0.4765625 0.28125 0.025 0.0296875
4 0.490625 0.29609375 0.0265625 0.02734375
4 0.509375 0.30625 0.0296875 0.028125
4 0.53125 0.31640625 0.0453125 0.0421875
4 0.55 0.33828125 0.04140625 0.04765625
4 0.58203125 0.3578125 0.05703125 0.0578125
4 0.50078125 0.3578125 0.05234375 0.05703125
4 0.8421875 0.578125 0.14765625 0.11484375
4 0.52109375 0.5625 0.10546875 0.13359375
4 0.46640625 0.44140625 0.08125 0.09140625
4 0.41171875 0.32734375 0.04296875 0.05
3 0.24765625 0.45859375 0.01875 0.075
3 0.80078125 0.41328125 0.01953125 0.04765625
3 0.6171875 0.33984375 0.01015625 0.05859375