4 0.70078125 0.63984375 0.08203125 0.096875
3 0.40546875 0.4984375 0.0140625 0.0578125
3 0.8265625 0.50703125 0.01328125 0.059375
3 0.3921875 0.509375 0.0140625 0.05234375
4 0.64765625 0.4328125 0.03203125 0.0375
4 0.37421875 0.5859375 0.09375 0.08984375
4 0.74453125 0.44375 0.0328125 0.02734375
4 0.73359375 0.49453125 0.05390625 0.084375
4 0.63046875 0.40234375 0.02578125 0.02890625
4 0.57109375 0.50859375 0.059375 0.06640625
4 0.72890625 0.54296875 0.05234375 0.065625
4 0.71015625 0.57265625 0.065625 0.0640625
4 0.60703125 0.4171875 0.0359375 0.0390625
4 0.57421875 0.44375 0.0390625 0.0359375
4 0.50625 0.490625 0.05234375 0.0671875
4 0.46953125 0.5203125 0.0609375 0.059375
4 0.4328125 0.55078125 0.0640625 0.06796875