4 0.55234375 0.3375 0.040625 0.0453125
3 0.7890625 0.4703125 0.01640625 0.03046875
4 0.47109375 0.271875 0.025 0.03203125
4 0.4484375 0.2578125 0.021875 0.02578125
4 0.83671875 0.575 0.1390625 0.12109375
4 0.609375 0.93203125 0.41171875 0.13125
4 0.34609375 0.3265625 0.025 0.0375
4 0.340625 0.35625 0.03984375 0.0359375
4 0.615625 0.38984375 0.07109375 0.05390625
4 0.496875 0.290625 0.0421875 0.04296875
4 0.51171875 0.3046875 0.0390625 0.03828125
4 0.52734375 0.32109375 0.04453125 0.03828125
4 0.584375 0.359375 0.06328125 0.05625