4 0.7296875 0.5125 0.05078125 0.05859375
4 0.45625 0.759375 0.10625 0.12734375
4 0.71484375 0.39921875 0.02265625 0.02421875
4 0.6484375 0.3890625 0.02265625 0.025
4 0.640625 0.39375 0.01640625 0.025
4 0.63046875 0.3984375 0.02265625 0.028125
4 0.50078125 0.49296875 0.04921875 0.05234375
3 0.81796875 0.596875 0.02578125 0.07265625
3 0.81875 0.47265625 0.01875 0.05390625
4 0.60390625 0.41640625 0.034375 0.03671875
4 0.70078125 0.63046875 0.08359375 0.10625
4 0.35390625 0.58828125 0.10234375 0.10625
4 0.68828125 0.44921875 0.03515625 0.03515625
4 0.74140625 0.43671875 0.03125 0.03359375
4 0.471875 0.515625 0.06171875 0.0609375