3 0.80703125 0.53671875 0.02578125 0.06484375
1 0.02734375 0.75625 0.04140625 0.146875
3 0.6765625 0.55546875 0.015625 0.07734375
3 0.8015625 0.44375 0.01875 0.05
3 0.428125 0.50234375 0.02421875 0.0375
4 0.5015625 0.48984375 0.0625 0.0703125
4 0.6421875 0.3953125 0.01953125 0.02578125
4 0.7015625 0.56796875 0.08515625 0.08359375
4 0.4171875 0.55546875 0.08671875 0.07734375
4 0.721875 0.525 0.05078125 0.0484375
4 0.7265625 0.5078125 0.046875 0.046875
4 0.73203125 0.484375 0.040625 0.04765625
4 0.73671875 0.46484375 0.03828125 0.0390625
4 0.7453125 0.45 0.03359375 0.04453125
4 0.57734375 0.4359375 0.0390625 0.046875
4 0.60234375 0.41875 0.025 0.03203125
4 0.628125 0.4015625 0.02734375 0.025
3 0.47109375 0.54453125 0.02109375 0.07734375