4 0.6921875 0.63828125 0.08203125 0.10703125
4 0.521875 0.496875 0.04453125 0.05546875
4 0.6765625 0.44140625 0.03515625 0.03359375
4 0.5875 0.4328125 0.034375 0.03515625
3 0.79765625 0.459375 0.0078125 0.03984375
3 0.8140625 0.53671875 0.01953125 0.06484375
4 0.60703125 0.4234375 0.02578125 0.03515625
4 0.62890625 0.41015625 0.02421875 0.025
4 0.471875 0.5171875 0.06484375 0.0765625
4 0.42421875 0.55234375 0.08671875 0.08359375
4 0.3609375 0.6046875 0.0921875 0.08203125
4 0.64140625 0.403125 0.015625 0.02421875
4 0.74140625 0.47734375 0.034375 0.04296875