4 0.375 0.57421875 0.10234375 0.10234375
4 0.7265625 0.54375 0.05625 0.0609375
3 0.80078125 0.4828125 0.01484375 0.05078125
3 0.10703125 0.71484375 0.03828125 0.10859375
3 0.80859375 0.59140625 0.02109375 0.07890625
4 0.73359375 0.48515625 0.04453125 0.0515625
4 0.73984375 0.45 0.03671875 0.03828125
4 0.6421875 0.39140625 0.0203125 0.02421875
4 0.63203125 0.40078125 0.0234375 0.02734375
4 0.6046875 0.415625 0.034375 0.0359375
4 0.4921875 0.49453125 0.0609375 0.06015625
4 0.56875 0.44609375 0.0421875 0.05078125
4 0.67109375 0.36484375 0.01875 0.025
4 0.71796875 0.51328125 0.0453125 0.05390625
3 0.803125 0.46015625 0.009375 0.04140625
3 0.76484375 0.45234375 0.00859375 0.04140625
4 0.69765625 0.63046875 0.08203125 0.09375