4 0.6046875 0.41875 0.03046875 0.03359375
4 0.42265625 0.54453125 0.0859375 0.08984375
4 0.4703125 0.521875 0.05078125 0.0609375
4 0.50078125 0.4890625 0.053125 0.0609375
4 0.56328125 0.45 0.03515625 0.0421875
4 0.5796875 0.43515625 0.03203125 0.03984375
4 0.23515625 0.93515625 0.328125 0.125
4 0.63671875 0.39453125 0.02265625 0.02734375
4 0.05859375 0.778125 0.11640625 0.30625
4 0.6265625 0.4015625 0.02578125 0.028125
4 0.59609375 0.62578125 0.08671875 0.09375
4 0.75 0.42421875 0.0296875 0.0390625
4 0.4140625 0.67265625 0.1265625 0.1421875
4 0.353125 0.59765625 0.08828125 0.0890625
3 0.6296875 0.37109375 0.00703125 0.01640625
3 0.46640625 0.46015625 0.0125 0.05859375
3 0.80078125 0.4015625 0.00703125 0.028125
3 0.59296875 0.39609375 0.00703125 0.02890625
3 0.80390625 0.465625 0.0125 0.0609375