4 0.7375 0.47734375 0.04765625 0.04296875
4 0.57734375 0.4421875 0.03828125 0.0359375
4 0.59296875 0.42578125 0.03359375 0.03671875
4 0.60390625 0.41875 0.0265625 0.0328125
4 0.6109375 0.4109375 0.02109375 0.0265625
4 0.63125 0.4015625 0.0203125 0.02421875
4 0.70625 0.40234375 0.02890625 0.03125
4 0.709375 0.6203125 0.0765625 0.09921875
4 0.715625 0.56953125 0.0625 0.05
4 0.72265625 0.5359375 0.053125 0.0515625
4 0.7421875 0.4421875 0.03515625 0.02734375
4 0.74609375 0.4203125 0.03359375 0.02265625
4 0.3703125 0.58203125 0.096875 0.1046875
4 0.42421875 0.55234375 0.05703125 0.07265625
4 0.46796875 0.51640625 0.05859375 0.06015625
4 0.49609375 0.49296875 0.0515625 0.05078125
3 0.42734375 0.50234375 0.0171875 0.025