4 0.46953125 0.271875 0.025 0.0296875
4 0.446875 0.2578125 0.0234375 0.0265625
4 0.0484375 0.77265625 0.096875 0.32109375
4 0.58046875 0.359375 0.05078125 0.05703125
4 0.51171875 0.30390625 0.04296875 0.04921875
4 0.5 0.28984375 0.046875 0.05703125
4 0.5546875 0.33515625 0.04765625 0.0453125
4 0.5328125 0.31875 0.04453125 0.04765625
4 0.6171875 0.38515625 0.065625 0.0703125
4 0.346875 0.34375 0.03515625 0.04140625
4 0.3890625 0.2859375 0.0359375 0.03671875
4 0.4265625 0.27734375 0.03046875 0.03046875
4 0.40859375 0.2546875 0.021875 0.0265625