2 0.421875 0.65234375 0.040625 0.17109375
2 0.3328125 0.73125 0.03515625 0.16640625
4 0.47265625 0.271875 0.02734375 0.0328125
4 0.4796875 0.28046875 0.0203125 0.02734375
4 0.49765625 0.29140625 0.04375 0.04453125
4 0.51171875 0.3046875 0.03671875 0.03515625
4 0.5265625 0.31875 0.04296875 0.03046875
4 0.55390625 0.334375 0.046875 0.0453125
4 0.58125 0.3578125 0.0609375 0.0578125
4 0.61640625 0.38984375 0.0703125 0.059375
4 0.4609375 0.26328125 0.021875 0.0234375
4 0.446875 0.25703125 0.0234375 0.02421875
4 0.34375 0.3375 0.04296875 0.05
4 0.621875 0.496875 0.10546875 0.09375
4 0.8375 0.57109375 0.13515625 0.1125
3 0.18046875 0.9375 0.06328125 0.12109375
3 0.11953125 0.93671875 0.06328125 0.12265625
2 0.45 0.74140625 0.040625 0.17109375
4 0.40859375 0.325 0.046875 0.05859375
4 0.39921875 0.52578125 0.08984375 0.11640625
4 0.503125 0.35859375 0.05703125 0.059375