3 0.8125 0.4390625 0.009375 0.0359375
4 0.72734375 0.50625 0.04609375 0.0421875
4 0.7140625 0.56328125 0.06796875 0.05859375
4 0.70859375 0.6234375 0.0765625 0.0984375
4 0.71484375 0.40234375 0.02421875 0.02421875
4 0.678125 0.396875 0.0234375 0.0234375
4 0.56953125 0.65703125 0.09921875 0.12265625
4 0.65078125 0.384375 0.02421875 0.0234375
4 0.64296875 0.390625 0.0234375 0.01953125
4 0.6375 0.39921875 0.02265625 0.0203125
4 0.62890625 0.40625 0.02421875 0.01875
4 0.6015625 0.41796875 0.03203125 0.034375
4 0.578125 0.4421875 0.0375 0.03671875
4 0.61796875 0.45546875 0.0359375 0.04140625
4 0.678125 0.45546875 0.03984375 0.0453125
4 0.56875 0.49453125 0.0609375 0.06484375
4 0.5015625 0.490625 0.0421875 0.05078125
4 0.46640625 0.52109375 0.06328125 0.06484375
4 0.41953125 0.55234375 0.071875 0.07421875
4 0.36015625 0.5984375 0.103125 0.084375
4 0.73984375 0.44453125 0.0328125 0.01953125
4 0.7390625 0.48125 0.05390625 0.05625
4 0.72265625 0.53359375 0.05078125 0.04921875
3 0.803125 0.4828125 0.015625 0.05078125
3 0.82109375 0.53671875 0.01953125 0.06015625
3 0.36796875 0.51640625 0.01171875 0.05
3 0.42578125 0.5 0.01171875 0.025
3 0.80546875 0.4453125 0.00859375 0.028125