3 0.4234375 0.471875 0.01328125 0.05625
3 0.82890625 0.58125 0.0203125 0.0671875
3 0.6296875 0.371875 0.00703125 0.02265625
3 0.7640625 0.53984375 0.01171875 0.0625
3 0.809375 0.54140625 0.01796875 0.0671875
3 0.44375 0.47421875 0.01328125 0.04609375
3 0.6375 0.371875 0.0046875 0.015625
3 0.8515625 0.66796875 0.0328125 0.11015625
3 0.79296875 0.55703125 0.01015625 0.06015625
4 0.73984375 0.44375 0.03125 0.02734375
4 0.71796875 0.50390625 0.046875 0.04140625
4 0.73984375 0.48828125 0.03671875 0.04765625
4 0.7390625 0.46328125 0.03828125 0.02578125
4 0.70078125 0.6359375 0.09140625 0.11484375
4 0.3625 0.58046875 0.10859375 0.109375
4 0.715625 0.58203125 0.06875 0.0625
4 0.75 0.415625 0.02421875 0.02265625
4 0.71953125 0.5390625 0.059375 0.059375
4 0.42890625 0.5515625 0.0609375 0.07109375
4 0.47109375 0.5171875 0.06328125 0.0609375
4 0.50625 0.4875 0.05546875 0.059375
4 0.57421875 0.4453125 0.03359375 0.0359375
4 0.603125 0.41640625 0.034375 0.03515625
4 0.62890625 0.40078125 0.02578125 0.0265625
4 0.640625 0.39453125 0.01953125 0.021875
4 0.64765625 0.3875 0.0171875 0.021875
4 0.6515625 0.3828125 0.0203125 0.02265625
3 0.81796875 0.55546875 0.02265625 0.0671875