4 0.62578125 0.4 0.02890625 0.03125
4 0.69609375 0.68046875 0.06796875 0.06015625
4 0.4109375 0.940625 0.19140625 0.11484375
4 0.6359375 0.3953125 0.0234375 0.0328125
4 0.60390625 0.41796875 0.0296875 0.028125
4 0.58203125 0.43828125 0.0359375 0.0359375
4 0.73359375 0.50546875 0.0515625 0.0640625
4 0.50625 0.48359375 0.0546875 0.065625
4 0.471875 0.51953125 0.0546875 0.05859375
4 0.42265625 0.5484375 0.07890625 0.0859375
4 0.74921875 0.4234375 0.02578125 0.03359375
4 0.74296875 0.44921875 0.03203125 0.034375
4 0.7421875 0.47109375 0.0421875 0.034375
3 0.5984375 0.39296875 0.00703125 0.02734375
3 0.809375 0.465625 0.00859375 0.04765625
3 0.79765625 0.46484375 0.00703125 0.03359375
3 0.5875 0.39453125 0.00703125 0.03203125
3 0.80234375 0.421875 0.01015625 0.02734375