4 0.5109375 0.3 0.04140625 0.04453125
4 0.48828125 0.29140625 0.02578125 0.03671875
4 0.346875 0.33515625 0.03671875 0.05859375
4 0.53125 0.3171875 0.04453125 0.04921875
4 0.55546875 0.33671875 0.04765625 0.04609375
4 0.58125 0.36328125 0.0578125 0.06953125
4 0.61796875 0.38515625 0.0625 0.06953125
4 0.47421875 0.44453125 0.0859375 0.11875
3 0.91015625 0.58515625 0.028125 0.125
2 0.61328125 0.67890625 0.1109375 0.15859375
4 0.53046875 0.55703125 0.1125 0.15703125
3 0.7359375 0.640625 0.04765625 0.12265625
3 0.76171875 0.58828125 0.03359375 0.11875
3 0.2390625 0.45078125 0.02109375 0.08515625