4 0.3671875 0.59921875 0.09296875 0.0828125
4 0.7375 0.4578125 0.0515625 0.053125
4 0.48046875 0.603125 0.0859375 0.08828125
4 0.60625 0.42578125 0.034375 0.03203125
4 0.58203125 0.615625 0.02265625 0.08984375
4 0.5828125 0.44453125 0.04609375 0.03828125
4 0.63359375 0.44296875 0.03671875 0.04140625
4 0.66953125 0.47890625 0.04375 0.04296875
4 0.41953125 0.55 0.075 0.08359375
4 0.628125 0.5421875 0.05859375 0.06796875
3 0.8109375 0.50390625 0.01484375 0.05390625
3 0.4078125 0.49140625 0.01953125 0.03515625
3 0.29140625 0.565625 0.02109375 0.06875