4 0.57109375 0.4390625 0.03828125 0.04453125
4 0.20703125 0.96953125 0.221875 0.05625
4 0.59296875 0.42578125 0.03125 0.04296875
4 0.74453125 0.45078125 0.03359375 0.0296875
4 0.69140625 0.63359375 0.08359375 0.09609375
4 0.73984375 0.47578125 0.0390625 0.03984375
4 0.6109375 0.4125 0.02578125 0.03046875
4 0.69296875 0.4421875 0.03671875 0.0359375
4 0.62734375 0.40078125 0.02734375 0.028125
4 0.64453125 0.390625 0.0234375 0.025
4 0.715625 0.5796875 0.06640625 0.0734375
4 0.7296875 0.51171875 0.053125 0.05078125