3 0.43203125 0.85234375 0.05390625 0.1625
4 0.6953125 0.63359375 0.0703125 0.084375
4 0.709375 0.56015625 0.0734375 0.1
4 0.73125 0.5171875 0.0421875 0.05546875
4 0.734375 0.4859375 0.03984375 0.03671875
3 0.43515625 0.47421875 0.01875 0.06015625
2 0.69921875 0.48828125 0.0140625 0.03515625
4 0.734375 0.46015625 0.040625 0.03828125
4 0.7375 0.44765625 0.03515625 0.0390625
4 0.6421875 0.39140625 0.021875 0.021875
4 0.63125 0.4015625 0.02421875 0.02578125
4 0.60546875 0.4171875 0.03125 0.0390625
3 0.81171875 0.47578125 0.015625 0.05234375
3 0.76328125 0.54609375 0.02109375 0.06640625
3 0.84296875 0.63671875 0.034375 0.11015625
4 0.62265625 0.509375 0.0640625 0.07265625
4 0.4921875 0.49765625 0.0609375 0.0625
4 0.57265625 0.440625 0.04296875 0.04296875
4 0.375 0.575 0.09921875 0.10859375