4 0.51484375 0.38046875 0.05703125 0.0453125
4 0.68359375 0.3265625 0.028125 0.03828125
4 0.05078125 0.66171875 0.1015625 0.1296875
4 0.16171875 0.575 0.15234375 0.09765625
4 0.284375 0.50625 0.12109375 0.08359375
4 0.37265625 0.46171875 0.10234375 0.06796875
4 0.42578125 0.42734375 0.08046875 0.06171875
4 0.47734375 0.403125 0.0625 0.05078125
4 0.71484375 0.38515625 0.05234375 0.04921875
3 0.890625 0.31484375 0.01171875 0.0375
4 0.5484375 0.36015625 0.046875 0.0453125
4 0.7171875 0.3515625 0.04296875 0.03671875
4 0.75390625 0.328125 0.04375 0.03984375
4 0.7984375 0.22890625 0.0171875 0.01640625
4 0.88359375 0.21796875 0.01875 0.03203125
4 0.5203125 0.259375 0.08671875 0.06484375
4 0.58046875 0.34609375 0.04609375 0.0421875
4 0.478125 0.8796875 0.43671875 0.2359375
4 0.8453125 0.33671875 0.03671875 0.04375
4 0.68671875 0.8296875 0.14765625 0.2109375
4 0.77578125 0.52890625 0.0890625 0.09609375
4 0.79453125 0.471875 0.06875 0.065625
4 0.81328125 0.43671875 0.06171875 0.065625
4 0.65625 0.34453125 0.04921875 0.0484375