4 0.278125 0.3359375 0.06171875 0.03046875
4 0.1703125 0.35234375 0.04765625 0.03671875
4 0.128125 0.371875 0.04296875 0.0296875
4 0.8625 0.25625 0.0078125 0.02578125
4 0.521875 0.315625 0.05078125 0.03125
4 0.721875 0.265625 0.05625 0.05234375
4 0.7578125 0.25390625 0.02109375 0.02109375
4 0.5484375 0.3609375 0.04921875 0.0453125
4 0.77734375 0.53203125 0.090625 0.10625
4 0.2859375 0.50703125 0.12265625 0.08515625
4 0.5796875 0.3484375 0.0484375 0.03671875
4 0.5140625 0.38359375 0.06328125 0.0453125
4 0.8453125 0.33984375 0.03515625 0.04609375