4 0.3328125 0.48046875 0.0703125 0.05
4 0.8484375 0.35703125 0.0375 0.040625
4 0.60703125 0.33125 0.04296875 0.04453125
4 0.8515625 0.33359375 0.03828125 0.0234375
4 0.79296875 0.49609375 0.07578125 0.08359375
4 0.47265625 0.40703125 0.065625 0.0546875
4 0.296875 0.34375 0.08984375 0.059375
4 0.51328125 0.38359375 0.059375 0.04765625
4 0.54921875 0.36484375 0.04921875 0.04296875
4 0.578125 0.340625 0.0453125 0.05390625
4 0.06171875 0.66328125 0.1234375 0.13125
4 0.16015625 0.56484375 0.1609375 0.1234375
4 0.265625 0.5171875 0.11640625 0.08359375
4 0.4078125 0.3453125 0.04765625 0.034375
4 0.484375 0.321875 0.05390625 0.05546875
4 0.771875 0.55859375 0.0921875 0.115625
4 0.38828125 0.4515625 0.09296875 0.065625
4 0.17109375 0.378125 0.04140625 0.04375
4 0.29765625 0.3609375 0.07421875 0.04453125