4 0.7421875 0.25859375 0.02421875 0.02109375
3 0.88671875 0.275 0.00703125 0.025
4 0.4671875 0.40625 0.0703125 0.0515625
4 0.1328125 0.365625 0.03671875 0.0265625
4 0.884375 0.2375 0.015625 0.02109375
4 0.846875 0.3546875 0.03671875 0.04453125
4 0.2671875 0.35078125 0.06171875 0.0609375
4 0.41875 0.32734375 0.03203125 0.03359375
4 0.6046875 0.3296875 0.0484375 0.04296875
4 0.62578125 0.30234375 0.046875 0.02734375
4 0.8625 0.215625 0.01171875 0.01484375
4 0.55390625 0.3609375 0.05234375 0.0453125
4 0.40546875 0.4421875 0.0828125 0.0609375
4 0.58125 0.34375 0.04140625 0.04296875
4 0.34765625 0.48046875 0.04375 0.06015625
4 0.8515625 0.33125 0.02734375 0.021875
4 0.12265625 0.33125 0.03359375 0.0234375
4 0.734375 0.35 0.04296875 0.04609375
4 0.62734375 0.284375 0.03984375 0.01953125
4 0.703125 0.271875 0.02578125 0.01875
4 0.51171875 0.38125 0.06015625 0.0484375
4 0.0578125 0.66796875 0.11484375 0.13359375
4 0.1765625 0.5734375 0.16015625 0.1078125
4 0.28515625 0.5 0.12578125 0.09921875