1 0.753125 0.47578125 0.0171875 0.04765625
1 0.7625 0.40234375 0.0140625 0.05390625
4 0.42265625 0.4359375 0.0578125 0.05078125
4 0.41328125 0.31875 0.0875 0.06328125
4 0.52890625 0.3859375 0.0375 0.0421875
4 0.56953125 0.39609375 0.04140625 0.04140625
4 0.01640625 0.68984375 0.0328125 0.07890625
4 0.09765625 0.621875 0.13671875 0.096875
4 0.20234375 0.55859375 0.11015625 0.07890625
4 0.64453125 0.38984375 0.04296875 0.05
4 0.67890625 0.31953125 0.01953125 0.01875
4 0.275 0.51796875 0.08203125 0.06328125
4 0.33671875 0.484375 0.07578125 0.059375
4 0.38359375 0.45703125 0.06328125 0.05625
4 0.59609375 0.38125 0.0375 0.03359375
4 0.48671875 0.35625 0.03984375 0.03359375
1 0.63984375 0.97109375 0.03515625 0.05390625
1 0.6953125 0.8 0.04140625 0.1125
4 0.76953125 0.29453125 0.0125 0.015625
1 0.715625 0.67421875 0.03125 0.08984375
1 0.73671875 0.55390625 0.02421875 0.0625