4 0.6359375 0.1515625 0.01171875 0.0140625
4 0.42734375 0.57265625 0.13671875 0.12578125
4 0.65 0.38359375 0.065625 0.06953125
4 0.73125 0.31875 0.05390625 0.05
4 0.63125 0.17734375 0.0109375 0.01953125
4 0.75234375 0.25546875 0.03125 0.03515625
3 0.20546875 0.290625 0.01015625 0.04375
1 0.2671875 0.28046875 0.01640625 0.0640625
1 0.0359375 0.3328125 0.02734375 0.09140625
1 0.00859375 0.34453125 0.0171875 0.08984375
4 0.2328125 0.35625 0.08515625 0.0625
4 0.796875 0.25234375 0.03125 0.03359375
4 0.6109375 0.328125 0.05703125 0.05078125