4 0.19140625 0.29140625 0.06640625 0.059375
4 0.4234375 0.184375 0.0640625 0.04140625
4 0.475 0.20390625 0.0984375 0.04140625
4 0.87890625 0.096875 0.02421875 0.02109375
4 0.8421875 0.10234375 0.02890625 0.01875
4 0.0828125 0.18671875 0.053125 0.040625
4 0.13515625 0.2390625 0.0796875 0.05390625
4 0.07109375 0.221875 0.075 0.053125
4 0.0328125 0.19296875 0.06015625 0.0484375
4 0.45859375 0.23125 0.0828125 0.04765625
4 0.1359375 0.1859375 0.04921875 0.02734375
4 0.4640625 0.2046875 0.05703125 0.02421875
4 0.1328125 0.20703125 0.05 0.0234375
4 0.18515625 0.21640625 0.05703125 0.0484375
4 0.196875 0.1859375 0.065625 0.04609375
4 0.25078125 0.184375 0.0625 0.0453125
4 0.27734375 0.22265625 0.08203125 0.0453125
4 0.025 0.290625 0.05 0.07109375
4 0.0875 0.29453125 0.0796875 0.06953125
4 0.28125 0.28125 0.0671875 0.08125