4 0.83359375 0.25546875 0.01640625 0.01875
4 0.39296875 0.4421875 0.1 0.07890625
4 0.871875 0.28046875 0.03125 0.03515625
4 0.2625 0.36328125 0.04140625 0.04296875
4 0.334375 0.3390625 0.034375 0.03828125
4 0.16484375 0.5640625 0.15390625 0.1234375
4 0.27109375 0.5109375 0.11796875 0.0921875
4 0.34140625 0.47890625 0.05703125 0.046875
4 0.46875 0.40546875 0.07421875 0.06171875
4 0.578125 0.34609375 0.04765625 0.03984375
4 0.6109375 0.3890625 0.05703125 0.0484375
4 0.7578125 0.3359375 0.034375 0.0390625
4 0.74296875 0.353125 0.04375 0.04765625
4 0.7078125 0.3796875 0.0546875 0.0546875
4 0.8453125 0.35625 0.03671875 0.040625
4 0.8265625 0.4078125 0.05546875 0.065625
4 0.8140625 0.4375 0.065625 0.06953125
4 0.8671875 0.2296875 0.078125 0.04765625
4 0.52734375 0.2625 0.10078125 0.0640625
4 0.771875 0.54375 0.09296875 0.115625
4 0.05625 0.653125 0.1125 0.14765625
4 0.31328125 0.36328125 0.06875 0.040625
4 0.85234375 0.340625 0.03515625 0.0359375
4 0.403125 0.3453125 0.0515625 0.03828125
4 0.6875 0.33046875 0.0421875 0.040625
4 0.13515625 0.359375 0.128125 0.09765625
4 0.60546875 0.33046875 0.0515625 0.04921875
3 0.8578125 0.60078125 0.028125 0.11875
3 0.87421875 0.39921875 0.02109375 0.06875