4 0.0875 0.29375 0.0796875 0.06484375
4 0.0734375 0.221875 0.07734375 0.05234375
4 0.02578125 0.28828125 0.05078125 0.075
4 0.27734375 0.22421875 0.0828125 0.04765625
4 0.190625 0.2921875 0.06484375 0.059375
4 0.28125 0.28125 0.06875 0.078125
4 0.4234375 0.18515625 0.06875 0.04375
4 0.459375 0.1890625 0.059375 0.03125
4 0.46015625 0.20625 0.05625 0.02421875
4 0.459375 0.22109375 0.08125 0.03046875
4 0.18515625 0.2171875 0.06015625 0.04609375
4 0.45703125 0.24140625 0.0984375 0.0484375
4 0.74375 0.440625 0.11484375 0.18984375
4 0.03359375 0.19453125 0.06484375 0.04765625
4 0.0859375 0.18359375 0.0515625 0.03125
4 0.1359375 0.2390625 0.08203125 0.05078125
4 0.13515625 0.184375 0.0484375 0.02578125
4 0.196875 0.18515625 0.06875 0.04296875
4 0.25 0.18359375 0.0625 0.0453125
4 0.1328125 0.2078125 0.05234375 0.02109375