4 0.4734375 0.40625 0.065625 0.0546875
4 0.16015625 0.56328125 0.16015625 0.12265625
4 0.6953125 0.33203125 0.0421875 0.04375
4 0.33046875 0.35234375 0.04765625 0.04140625
4 0.4890625 0.325 0.05546875 0.04140625
4 0.88515625 0.23828125 0.01328125 0.0171875
2 0.8671875 0.2140625 0.00390625 0.0140625
4 0.115625 0.33046875 0.053125 0.0359375
4 0.2546875 0.3359375 0.0625 0.0328125
4 0.52734375 0.26015625 0.11953125 0.0671875
4 0.43203125 0.32109375 0.0359375 0.0359375
4 0.0625 0.66171875 0.125 0.12890625
4 0.51328125 0.38125 0.0609375 0.04765625
4 0.55 0.36328125 0.0484375 0.04140625
4 0.5921875 0.33671875 0.07265625 0.05703125
4 0.84765625 0.3546875 0.040625 0.04453125
4 0.85078125 0.33984375 0.03828125 0.03828125
4 0.265625 0.515625 0.11796875 0.084375
4 0.3328125 0.47890625 0.07109375 0.05234375
4 0.3875 0.4515625 0.0921875 0.0625