3 0.35390625 0.42890625 0.01953125 0.08828125
3 0.3765625 0.421875 0.02421875 0.0890625
3 0.07421875 0.40390625 0.025 0.08359375
3 0.3265625 0.43203125 0.02734375 0.090625
3 0.5 0.45546875 0.02578125 0.08515625
1 0.92109375 0.42109375 0.02421875 0.0921875
1 0.92578125 0.44375 0.0140625 0.04140625
4 0.684375 0.125 0.01015625 0.0203125
4 0.65859375 0.10078125 0.01015625 0.01171875
4 0.809375 0.21953125 0.03046875 0.03984375
4 0.8171875 0.209375 0.02734375 0.028125
4 0.571875 0.21171875 0.02421875 0.03125
4 0.778125 0.2609375 0.04296875 0.03984375
4 0.8484375 0.18125 0.04296875 0.02890625
4 0.62265625 0.18203125 0.02265625 0.02734375
3 0.09453125 0.4 0.02421875 0.0734375