4 0.39921875 0.28125 0.02265625 0.03359375
4 0.39375 0.5171875 0.10703125 0.103125
4 0.3046875 0.3203125 0.046875 0.05078125
4 0.43828125 0.2890625 0.02109375 0.03515625
4 0.6875 0.3234375 0.03359375 0.0453125
4 0.55703125 0.31875 0.04375 0.040625
4 0.2578125 0.31953125 0.04140625 0.03671875
4 0.4859375 0.35703125 0.0546875 0.05234375
4 0.07578125 0.878125 0.1515625 0.2375
4 0.4703125 0.21640625 0.0078125 0.01875
4 0.5578125 0.346875 0.040625 0.04453125
3 0.87890625 0.7921875 0.059375 0.16953125
3 0.90078125 0.72890625 0.0390625 0.11875
3 0.2671875 0.28359375 0.0140625 0.0375
1 0.21171875 0.48046875 0.02578125 0.08984375
1 0.73828125 0.5078125 0.02265625 0.10234375
1 0.3234375 0.37890625 0.0203125 0.10546875
1 0.22578125 0.43046875 0.01953125 0.14296875
1 0.97578125 0.58984375 0.02578125 0.08515625
4 0.334375 0.471875 0.0859375 0.08046875
4 0.1390625 0.27578125 0.05546875 0.02265625