3 0.853125 0.60703125 0.028125 0.09921875
4 0.1328125 0.39609375 0.053125 0.04921875
4 0.51953125 0.36171875 0.02734375 0.02734375
4 0.0328125 0.503125 0.065625 0.08515625
4 0.96015625 0.46015625 0.07734375 0.034375
4 0.97265625 0.48671875 0.05234375 0.04921875
4 0.97890625 0.509375 0.03984375 0.0703125
4 0.5734375 0.41484375 0.04296875 0.04453125
4 0.6015625 0.35546875 0.0390625 0.065625
4 0.62734375 0.35703125 0.0140625 0.03125
4 0.6234375 0.3359375 0.00859375 0.0109375
4 0.58671875 0.31875 0.02578125 0.02265625
4 0.59765625 0.303125 0.02109375 0.02265625
4 0.63359375 0.325 0.01875 0.01796875
4 0.44765625 0.32421875 0.0078125 0.0359375
4 0.421875 0.30078125 0.0109375 0.0171875
4 0.584375 0.3859375 0.0375 0.0390625
4 0.21484375 0.3640625 0.04921875 0.03359375
4 0.059375 0.4265625 0.071875 0.0515625
4 0.5015625 0.49296875 0.06796875 0.06875
4 0.29453125 0.53203125 0.0921875 0.07265625
4 0.6265625 0.30078125 0.0234375 0.0234375
4 0.3953125 0.31484375 0.040625 0.03671875
4 0.28203125 0.3484375 0.0421875 0.0359375
4 0.21796875 0.3953125 0.053125 0.046875
3 0.0109375 0.38984375 0.0125 0.05
3 0.08125 0.575 0.02578125 0.08359375
3 0.79765625 0.43984375 0.015625 0.03515625
3 0.7921875 0.49609375 0.01328125 0.06796875
3 0.765625 0.48359375 0.0125 0.05703125
3 0.75859375 0.51015625 0.01953125 0.0703125
3 0.78046875 0.503125 0.01875 0.08125
3 0.80703125 0.4859375 0.01875 0.06953125
3 0.87265625 0.6296875 0.0328125 0.0953125
3 0.89765625 0.61796875 0.02109375 0.1046875
3 0.8125 0.55234375 0.028125 0.0828125
3 0.8421875 0.5578125 0.0234375 0.0828125
3 0.86640625 0.53828125 0.0234375 0.053125
3 0.8375 0.48984375 0.02421875 0.08046875
3 0.81875 0.49921875 0.02421875 0.053125
3 0.77890625 0.61953125 0.03125 0.109375
1 0.20234375 0.47890625 0.025 0.146875
1 0.3 0.4296875 0.02265625 0.1140625
1 0.7125 0.52421875 0.01953125 0.03984375
2 0.71953125 0.61171875 0.0609375 0.11484375
0 0.46875 0.240625 0.0265625 0.025
0 0.4953125 0.26484375 0.02578125 0.03125
0 0.490625 0.2765625 0.02890625 0.015625
0 0.62890625 0.246875 0.065625 0.02265625
0 0.503125 0.30703125 0.0515625 0.0515625