3 0.43203125 0.3109375 0.0078125 0.0328125
3 0.4 0.309375 0.0078125 0.03125
1 0.196875 0.646875 0.02734375 0.07734375
1 0.471875 0.3359375 0.0109375 0.04375
1 0.77890625 0.43984375 0.015625 0.025
1 0.04296875 0.87109375 0.028125 0.1125
1 0.165625 0.55546875 0.015625 0.05703125
0 0.290625 0.2953125 0.1078125 0.05859375
1 0.15703125 0.5296875 0.01171875 0.05078125
4 0.96953125 0.5203125 0.0578125 0.0671875
4 0.803125 0.465625 0.0984375 0.04765625
4 0.61640625 0.4109375 0.0703125 0.0515625
4 0.48984375 0.39375 0.05703125 0.0421875
4 0.76015625 0.73515625 0.47734375 0.50859375
4 0.415625 0.35546875 0.04140625 0.034375
4 0.44921875 0.3734375 0.03984375 0.0328125
4 0.11640625 0.31484375 0.02578125 0.02421875
4 0.17109375 0.2703125 0.02265625 0.02265625
4 0.1328125 0.2546875 0.02421875 0.02265625
4 0.1515625 0.2640625 0.021875 0.02421875
4 0.2015625 0.26640625 0.02265625 0.02890625
4 0.375 0.36796875 0.02265625 0.03515625
4 0.42109375 0.6015625 0.13984375 0.16328125
4 0.21171875 0.39296875 0.04375 0.04453125
4 0.24375 0.45546875 0.06953125 0.08046875
4 0.2671875 0.515625 0.06875 0.0734375
4 0.34453125 0.54375 0.078125 0.10234375
4 0.34296875 0.4703125 0.05390625 0.04296875
4 0.4046875 0.4875 0.07734375 0.07421875
4 0.47109375 0.55078125 0.09140625 0.09765625
4 0.51484375 0.59453125 0.015625 0.08984375
4 0.9015625 0.49453125 0.1140625 0.06875
4 0.91015625 0.3984375 0.1359375 0.05625
4 0.309375 0.36484375 0.03828125 0.03671875
4 0.28203125 0.33984375 0.0390625 0.028125
3 0.4453125 0.31015625 0.0078125 0.03359375