4 0.81875 0.15703125 0.025 0.01640625
4 0.3796875 0.65625 0.16875 0.15390625
4 0.10546875 0.68984375 0.2109375 0.1734375
4 0.065625 0.98125 0.13046875 0.03359375
4 0.61640625 0.428125 0.08203125 0.07734375
4 0.6 0.3375 0.06328125 0.05859375
4 0.1328125 0.42734375 0.12109375 0.09609375
4 0.25390625 0.3171875 0.078125 0.0578125
4 0.41484375 0.315625 0.059375 0.05546875
4 0.678125 0.2828125 0.05 0.05546875
4 0.778125 0.24453125 0.03125 0.02734375
3 0.94609375 0.87109375 0.065625 0.12109375
3 0.38671875 0.24453125 0.0078125 0.0359375
0 0.84140625 0.22734375 0.04765625 0.078125
0 0.53671875 0.22265625 0.06484375 0.07890625
4 0.15546875 0.34609375 0.10078125 0.07421875
4 0.04296875 0.39140625 0.08515625 0.075
4 0.596875 0.21484375 0.0171875 0.02890625