4 0.45546875 0.44765625 0.0484375 0.03359375
4 0.6390625 0.58203125 0.08359375 0.08828125
4 0.50859375 0.56015625 0.07890625 0.075
4 0.26953125 0.48046875 0.08515625 0.06328125
4 0.54609375 0.4078125 0.02421875 0.025
4 0.353125 0.43125 0.0828125 0.0921875
4 0.58984375 0.36640625 0.01640625 0.02109375
4 0.6453125 0.46640625 0.05 0.05
4 0.73984375 0.4 0.02578125 0.02890625
4 0.61796875 0.3515625 0.0078125 0.01796875
4 0.61640625 0.33671875 0.0046875 0.01328125
4 0.1734375 0.5 0.046875 0.0734375
4 0.53359375 0.4234375 0.0125 0.02578125
4 0.55703125 0.65 0.10390625 0.09296875
4 0.6265625 0.37421875 0.00625 0.01796875
4 0.628125 0.3359375 0.00546875 0.01015625
4 0.8046875 0.3734375 0.01796875 0.01953125
4 0.796875 0.38203125 0.015625 0.0203125
4 0.78203125 0.39140625 0.0234375 0.02421875
4 0.809375 0.40078125 0.0203125 0.01953125
4 0.80078125 0.41171875 0.0234375 0.02421875
4 0.77890625 0.4296875 0.03125 0.0359375
4 0.75078125 0.465625 0.03984375 0.03828125
3 0.9765625 0.5890625 0.02265625 0.07421875
3 0.9890625 0.78984375 0.01875 0.1125
3 0.47265625 0.41015625 0.00546875 0.025
3 0.53359375 0.38125 0.00703125 0.02890625
3 0.96328125 0.61875 0.01875 0.07421875
3 0.946875 0.61484375 0.01875 0.071875
1 0.8859375 0.64140625 0.02421875 0.09921875
0 0.078125 0.54375 0.15625 0.17109375
0 0.66015625 0.378125 0.0328125 0.0515625
0 0.76953125 0.3265625 0.065625 0.02265625
0 0.79921875 0.321875 0.040625 0.021875