3 0.33046875 0.30546875 0.00703125 0.01875
1 0.95078125 0.63203125 0.0265625 0.08359375
1 0.1890625 0.52734375 0.02578125 0.08359375
2 0.671875 0.64921875 0.0796875 0.11015625
1 0.71328125 0.54921875 0.01953125 0.08984375
1 0.203125 0.4734375 0.0234375 0.15390625
1 0.30078125 0.43046875 0.02109375 0.11640625
0 0.4890625 0.25625 0.02265625 0.03125
4 0.45625 0.26484375 0.0078125 0.01640625
4 0.20390625 0.32734375 0.02734375 0.02890625
4 0.62421875 0.35 0.02734375 0.03359375
4 0.5859375 0.346875 0.0296875 0.03515625
4 0.98828125 0.74140625 0.02109375 0.07109375
4 0.2375 0.37890625 0.05703125 0.05390625
3 0.2515625 0.33203125 0.0109375 0.0390625
3 0.240625 0.33203125 0.01015625 0.0390625
3 0.315625 0.33359375 0.0078125 0.028125
4 0.12265625 0.3234375 0.04453125 0.0296875
4 0.45625 0.29296875 0.00546875 0.0171875
4 0.9421875 0.4234375 0.07265625 0.0515625