4 0.840625 0.2703125 0.028125 0.0328125
4 0.49140625 0.25703125 0.04375 0.03515625
4 0.728125 0.25390625 0.03046875 0.03203125
4 0.64375 0.2328125 0.04296875 0.03046875
4 0.6046875 0.19921875 0.01015625 0.01953125
4 0.3875 0.2828125 0.03984375 0.0421875
4 0.109375 0.396875 0.12109375 0.08046875
4 0.2078125 0.77109375 0.296875 0.19609375
4 0.778125 0.253125 0.03125 0.034375
4 0.7453125 0.228125 0.04296875 0.02578125
4 0.1140625 0.3546875 0.1046875 0.07421875
3 0.78515625 0.51640625 0.02265625 0.08828125
3 0.77265625 0.50703125 0.03203125 0.08671875