3 0.90859375 0.60859375 0.0234375 0.1046875
4 0.5390625 0.3125 0.03828125 0.03984375
4 0.45 0.26796875 0.0421875 0.05234375
4 0.0125 0.40625 0.025 0.059375
4 0.43984375 0.29765625 0.02421875 0.03046875
4 0.609375 0.3015625 0.03515625 0.03515625
4 0.55625 0.3 0.0265625 0.0328125
4 0.18359375 0.365625 0.06953125 0.05234375
4 0.334375 0.334375 0.05 0.05234375
4 0.646875 0.27578125 0.05 0.0234375
3 0.88828125 0.5984375 0.0234375 0.0984375
3 0.8453125 0.60703125 0.02734375 0.1078125
3 0.83515625 0.7109375 0.0296875 0.13515625
3 0.83203125 0.60234375 0.015625 0.09921875
3 0.82421875 0.59921875 0.015625 0.1046875
3 0.56875 0.56171875 0.05234375 0.10625
1 0.9765625 0.5875 0.02734375 0.08125
1 0.22578125 0.42890625 0.025 0.14609375
1 0.7375 0.50703125 0.02265625 0.09765625
1 0.2109375 0.48125 0.02734375 0.08671875
1 0.32265625 0.38125 0.0203125 0.11484375