4 0.30390625 0.2828125 0.07109375 0.05078125
4 0.84921875 0.16015625 0.0265625 0.02578125
4 0.8046875 0.18203125 0.02578125 0.0265625
4 0.83203125 0.196875 0.0296875 0.02890625
4 0.02578125 0.43515625 0.05078125 0.09609375
4 0.72890625 0.29609375 0.0578125 0.06640625
4 0.521875 0.2171875 0.0421875 0.03515625
4 0.44921875 0.2203125 0.04140625 0.034375
4 0.221875 0.290625 0.0828125 0.0546875
4 0.85078125 0.32421875 0.053125 0.06015625
4 0.3015625 0.32734375 0.08984375 0.06953125
3 0.9921875 0.2546875 0.0125 0.04296875
1 0.925 0.4484375 0.01328125 0.03984375
1 0.9203125 0.42421875 0.02578125 0.09765625
0 0.8671875 0.22734375 0.053125 0.08515625