4 0.47734375 0.65625 0.35234375 0.375
4 0.14765625 0.5765625 0.1203125 0.10546875
4 0.27421875 0.47734375 0.065625 0.04921875
4 0.48515625 0.4609375 0.046875 0.040625
4 0.38828125 0.44375 0.04609375 0.0484375
4 0.7546875 0.4171875 0.04921875 0.07421875
4 0.5859375 0.38671875 0.01640625 0.0265625
4 0.065625 0.54453125 0.090625 0.06796875
4 0.1859375 0.50234375 0.08046875 0.05625
4 0.31953125 0.459375 0.03203125 0.04609375
4 0.39609375 0.4671875 0.04765625 0.04609375
3 0.92578125 0.67734375 0.02734375 0.1
3 0.9859375 0.62421875 0.025 0.0640625
3 0.47421875 0.41015625 0.00859375 0.02890625
3 0.98359375 0.6875 0.02890625 0.09453125
3 0.9578125 0.66953125 0.02109375 0.09375
1 0.884375 0.63984375 0.02421875 0.10390625
0 0.66953125 0.38125 0.04765625 0.05390625