4 0.08046875 0.54921875 0.0546875 0.06796875
4 0.04453125 0.69375 0.08046875 0.090625
4 0.2625 0.38125 0.015625 0.02578125
4 0.340625 0.58984375 0.06796875 0.10390625
4 0.34765625 0.378125 0.01953125 0.02265625
4 0.684375 0.66171875 0.18828125 0.21015625
4 0.9703125 0.83359375 0.05390625 0.09140625
4 0.3765625 0.40859375 0.02421875 0.028125
4 0.2875 0.3984375 0.03359375 0.0671875
4 0.09765625 0.51328125 0.05234375 0.07265625
4 0.34921875 0.45234375 0.046875 0.0625
4 0.41640625 0.43515625 0.03125 0.03671875