4 0.0140625 0.50390625 0.028125 0.07109375
4 0.253125 0.32578125 0.0125 0.01484375
4 0.21640625 0.40625 0.04140625 0.05546875
4 0.28671875 0.41328125 0.04453125 0.05
4 0.32421875 0.47578125 0.0625 0.0765625
4 0.2296875 0.45859375 0.05234375 0.0625
4 0.26171875 0.54140625 0.07421875 0.11171875
4 0.3046875 0.61171875 0.0359375 0.09296875
4 0.20625 0.38046875 0.03125 0.03359375
4 0.2640625 0.33359375 0.01484375 0.015625
3 0.58515625 0.45625 0.01171875 0.04609375
4 0.3953125 0.5875 0.09921875 0.13359375
3 0.77109375 0.54765625 0.01953125 0.0625
2 0.1703125 0.61015625 0.034375 0.1125
4 0.325 0.34765625 0.021875 0.0265625
4 0.02578125 0.46484375 0.05078125 0.07890625