4 0.54921875 0.590625 0.02109375 0.02265625
4 0.63203125 0.609375 0.0265625 0.02734375
4 0.571875 0.6703125 0.05234375 0.0515625
4 0.6203125 0.625 0.03125 0.034375
4 0.64140625 0.64453125 0.0375 0.04140625
4 0.66015625 0.67265625 0.04765625 0.0515625
4 0.68046875 0.57890625 0.025 0.0234375
4 0.28046875 0.790625 0.0953125 0.121875
4 0.18046875 0.76015625 0.14140625 0.2234375
4 0.69453125 0.5890625 0.0203125 0.02109375
4 0.70546875 0.5953125 0.02578125 0.02421875
4 0.578125 0.6171875 0.03203125 0.03046875
4 0.56796875 0.6375 0.04296875 0.028125