4 0.6046875 0.7796875 0.08125 0.09375
4 0.690625 0.59453125 0.02265625 0.02265625
4 0.5390625 0.59296875 0.0296875 0.03046875
4 0.62109375 0.96953125 0.025 0.05234375
4 0.57734375 0.59140625 0.0359375 0.05859375
4 0.62109375 0.6453125 0.03671875 0.04609375
4 0.7546875 0.803125 0.10390625 0.16328125
4 0.6390625 0.89609375 0.1140625 0.1375
4 0.26953125 0.790625 0.09375 0.1265625
4 0.17578125 0.75625 0.1265625 0.22265625
4 0.68046875 0.7171875 0.06875 0.0734375
4 0.5796875 0.73359375 0.06640625 0.0859375