4 0.20703125 0.378125 0.0328125 0.0328125
4 0.20625 0.4203125 0.05 0.0578125
4 0.02109375 0.459375 0.0421875 0.075
4 0.20703125 0.32109375 0.0171875 0.025
4 0.6828125 0.65625 0.1625 0.14609375
4 0.00390625 0.646875 0.0078125 0.059375
3 0.6578125 0.48359375 0.03125 0.05859375
4 0.0140625 0.50234375 0.028125 0.07109375
4 0.24140625 0.56953125 0.07578125 0.11875
4 0.3453125 0.47265625 0.09453125 0.1484375
4 0.3796875 0.41484375 0.03828125 0.03984375
4 0.28046875 0.40390625 0.040625 0.0546875
4 0.26328125 0.375 0.02890625 0.0328125
4 0.246875 0.3671875 0.02421875 0.028125
4 0.2359375 0.35234375 0.021875 0.02578125
4 0.23125 0.48359375 0.06171875 0.06484375