4 0.32890625 0.5640625 0.06875 0.090625
4 0.34140625 0.67421875 0.09921875 0.13671875
4 0.6625 0.72890625 0.40703125 0.409375
4 0.47734375 0.4296875 0.03671875 0.03984375
4 0.27734375 0.40234375 0.0265625 0.02421875
4 0.39296875 0.51484375 0.06796875 0.0828125
4 0.29609375 0.484375 0.04765625 0.05546875
4 0.334375 0.41953125 0.03671875 0.0328125
4 0.28515625 0.43046875 0.03359375 0.03671875
4 0.3171875 0.3984375 0.021875 0.02578125
4 0.04453125 0.68125 0.0828125 0.09296875
4 0.0953125 0.50390625 0.06015625 0.075
4 0.03671875 0.4890625 0.0734375 0.140625
3 0.68515625 0.4765625 0.01796875 0.05703125
3 0.65078125 0.48828125 0.01796875 0.05703125
3 0.628125 0.4828125 0.01796875 0.05703125
3 0.0390625 0.72578125 0.02734375 0.10625
3 0.221875 0.684375 0.0265625 0.1265625
2 0.771875 0.6109375 0.05 0.09609375
2 0.71875 0.575 0.028125 0.09140625