3 0.30546875 0.40390625 0.0203125 0.075
4 0.8625 0.28125 0.04140625 0.040625
4 0.23984375 0.68515625 0.23828125 0.20390625
4 0.71875 0.3390625 0.07734375 0.0640625
4 0.77890625 0.5515625 0.09453125 0.0875
4 0.04296875 0.48125 0.08515625 0.0875
4 0.6515625 0.50703125 0.15 0.128125
4 0.5703125 0.4703125 0.14765625 0.11796875
4 0.62734375 0.38046875 0.10234375 0.08203125
4 0.7171875 0.39609375 0.10625 0.0796875
4 0.8265625 0.296875 0.06171875 0.053125
3 0.21484375 0.43359375 0.02421875 0.09140625
3 0.8546875 0.6859375 0.03828125 0.13046875
3 0.959375 0.715625 0.05 0.15859375
3 0.88828125 0.6484375 0.03203125 0.11875
3 0.9046875 0.690625 0.03203125 0.13046875
3 0.98671875 0.69375 0.021875 0.1375