3 0.171875 0.66875 0.03125 0.12890625
4 0.5078125 0.4 0.04921875 0.0390625
4 0.70859375 0.54609375 0.11640625 0.10859375
4 0.2953125 0.3328125 0.04921875 0.04921875
4 0.54375 0.43203125 0.06640625 0.06875
4 0.45390625 0.3640625 0.04140625 0.040625
3 0.1140625 0.709375 0.028125 0.109375
3 0.1546875 0.56953125 0.0234375 0.084375
3 0.14453125 0.56328125 0.01875 0.0734375
3 0.39140625 0.725 0.0484375 0.1265625
3 0.4640625 0.653125 0.028125 0.12109375
3 0.9203125 0.58671875 0.0203125 0.09765625
3 0.9015625 0.5921875 0.0203125 0.090625
3 0.08671875 0.7125 0.025 0.115625
3 0.21875 0.62734375 0.028125 0.09609375
3 0.44375 0.68125 0.04140625 0.12109375
3 0.353125 0.70703125 0.0375 0.1234375