4 0.67578125 0.49140625 0.03359375 0.0328125
4 0.39921875 0.56171875 0.07890625 0.05234375
4 0.12421875 0.58359375 0.12109375 0.0625
4 0.7 0.45390625 0.02109375 0.02109375
4 0.68203125 0.45859375 0.01875 0.0234375
4 0.6625 0.46328125 0.02421875 0.028125
4 0.64296875 0.4703125 0.02421875 0.02578125
4 0.61875 0.47578125 0.03359375 0.0234375
4 0.5859375 0.48671875 0.03203125 0.02578125
4 0.55703125 0.49375 0.040625 0.02421875
4 0.52890625 0.4796875 0.04921875 0.03515625
4 0.5125 0.50390625 0.05078125 0.03515625
4 0.47109375 0.496875 0.0390625 0.0171875
4 0.46171875 0.51953125 0.05 0.03671875
4 0.409375 0.51015625 0.05 0.02265625
4 0.39765625 0.53125 0.07109375 0.04296875
4 0.34921875 0.525 0.05390625 0.02890625
4 0.3203125 0.54921875 0.08046875 0.05
4 0.24921875 0.546875 0.078125 0.040625
4 0.23671875 0.58046875 0.0859375 0.06640625
4 0.55546875 0.50625 0.0375 0.02109375
4 0.5125 0.52734375 0.03671875 0.0375
4 0.46875 0.53984375 0.06171875 0.05
4 0.315625 0.58984375 0.09765625 0.06328125
4 0.65078125 0.503125 0.0296875 0.03359375
4 0.621875 0.51171875 0.040625 0.04765625
4 0.5875 0.525 0.046875 0.0484375
4 0.540625 0.540625 0.059375 0.053125
4 0.47109375 0.57109375 0.06875 0.05859375
4 0.4 0.5984375 0.0859375 0.06484375
4 0.58203125 0.4234375 0.01875 0.01484375