4 0.05 0.58515625 0.09921875 0.125
4 0.7390625 0.44375 0.109375 0.12109375
4 0.715625 0.8875 0.3125 0.08359375
4 0.82265625 0.29375 0.0546875 0.04609375
4 0.57578125 0.45234375 0.16015625 0.1359375
3 0.234375 0.43515625 0.028125 0.0921875
3 0.3453125 0.48984375 0.03125 0.09609375
3 0.93828125 0.58359375 0.034375 0.09375
3 0.95859375 0.6265625 0.02265625 0.06484375
3 0.85625 0.69765625 0.05390625 0.15390625
3 0.7796875 0.53515625 0.02578125 0.10390625
3 0.3125 0.48984375 0.01796875 0.09921875
3 0.94140625 0.6828125 0.0640625 0.13515625
4 0.77734375 0.54921875 0.09375 0.0875
4 0.04140625 0.475 0.08203125 0.09140625