4 0.8625 0.2796875 0.046875 0.04453125
4 0.67578125 0.45 0.1421875 0.1328125
4 0.03984375 0.48359375 0.0796875 0.1
4 0.88671875 0.2640625 0.0421875 0.04453125
4 0.71171875 0.3453125 0.07265625 0.071875
4 0.7734375 0.32109375 0.0640625 0.059375
4 0.82265625 0.303125 0.0484375 0.05234375
3 0.171875 0.4609375 0.02109375 0.0734375
3 0.3953125 0.4578125 0.028125 0.08515625
3 0.56640625 0.51640625 0.03671875 0.10859375
3 0.215625 0.47734375 0.02890625 0.090625
3 0.33125 0.43984375 0.0234375 0.09375
3 0.928125 0.51875 0.028125 0.0890625
3 0.95625 0.528125 0.028125 0.10078125
3 0.94140625 0.5765625 0.028125 0.10078125
3 0.32421875 0.4609375 0.0234375 0.078125