3 0.72734375 0.35546875 0.01953125 0.07265625
3 0.74375 0.35625 0.01953125 0.07265625
2 0.27109375 0.58515625 0.0484375 0.1375
2 0.36328125 0.89140625 0.05078125 0.16640625
4 0.3 0.1640625 0.0375 0.03125
4 0.3828125 0.40703125 0.12109375 0.11640625
4 0.346875 0.1984375 0.046875 0.040625
4 0.3828125 0.22109375 0.05078125 0.0484375
4 0.29140625 0.2203125 0.05078125 0.05390625
4 0.55390625 0.340625 0.1140625 0.10234375
4 0.45234375 0.35859375 0.09765625 0.08046875
4 0.278125 0.14921875 0.03984375 0.03046875
4 0.171875 0.14375 0.03046875 0.02890625