4 0.03828125 0.47890625 0.0765625 0.09140625
4 0.70390625 0.35234375 0.07265625 0.06484375
4 0.77265625 0.3203125 0.06640625 0.05859375
4 0.8296875 0.29609375 0.06171875 0.05546875
4 0.86171875 0.28125 0.04140625 0.04296875
4 0.61640625 0.4265625 0.146875 0.12265625
4 0.90234375 0.28203125 0.03671875 0.04453125
3 0.234375 0.4578125 0.01953125 0.07421875
3 0.89453125 0.67890625 0.028125 0.13359375
3 0.38203125 0.45625 0.02578125 0.10390625
3 0.246875 0.4765625 0.02421875 0.08984375
3 0.28046875 0.47421875 0.03515625 0.09296875
3 0.325 0.43984375 0.0203125 0.071875
3 0.7375 0.55078125 0.03125 0.109375
3 0.99140625 0.7609375 0.01171875 0.096875
4 0.98671875 0.85703125 0.02109375 0.08515625