4 0.18359375 0.49609375 0.0953125 0.0421875
4 0.72578125 0.63671875 0.10703125 0.09609375
4 0.61796875 0.6421875 0.1078125 0.109375
4 0.63671875 0.56796875 0.090625 0.0765625
4 0.70234375 0.559375 0.08125 0.0640625
4 0.57421875 0.5265625 0.08515625 0.06015625
4 0.53203125 0.546875 0.0703125 0.06875
4 0.49921875 0.5078125 0.053125 0.05625
4 0.46953125 0.48984375 0.03828125 0.0484375
4 0.446875 0.47109375 0.03671875 0.04140625
4 0.571875 0.478125 0.05234375 0.0421875
4 0.51171875 0.4484375 0.03046875 0.02890625
4 0.49453125 0.44140625 0.02265625 0.02109375
4 0.484375 0.43359375 0.02109375 0.0203125
4 0.4703125 0.4265625 0.0234375 0.021875
4 0.43984375 0.409375 0.02734375 0.0203125
4 0.1859375 0.478125 0.0890625 0.0390625
4 0.159375 0.51875 0.10703125 0.04609375
4 0.15625 0.55703125 0.1484375 0.07578125
2 0.42890625 0.6890625 0.034375 0.128125
4 0.33125 0.40234375 0.01953125 0.021875