4 0.434375 0.45625 0.0421875 0.03984375
4 0.4859375 0.5015625 0.053125 0.053125
4 0.75703125 0.72265625 0.11796875 0.12578125
4 0.2796875 0.4046875 0.03046875 0.0265625
4 0.73984375 0.85546875 0.1671875 0.171875
4 0.91640625 0.8203125 0.121875 0.1515625
4 0.6140625 0.55078125 0.103125 0.1421875
4 0.4828125 0.571875 0.06796875 0.06484375
4 0.60078125 0.61953125 0.078125 0.08828125
4 0.51953125 0.66875 0.09453125 0.1328125
4 0.21171875 0.43984375 0.03515625 0.02734375
4 0.31875 0.7296875 0.13046875 0.140625
4 0.30546875 0.68359375 0.1265625 0.134375
4 0.26953125 0.6109375 0.08359375 0.084375
4 0.21953125 0.50703125 0.06015625 0.065625
4 0.17734375 0.4765625 0.02109375 0.0421875
4 0.209375 0.47421875 0.05 0.05078125
4 0.41796875 0.4375 0.03984375 0.04453125
4 0.46328125 0.4859375 0.05546875 0.07265625
3 0.15625 0.5703125 0.021875 0.065625
3 0.3109375 0.5625 0.01953125 0.05546875
3 0.14609375 0.83359375 0.03671875 0.1390625
1 0.74140625 0.60390625 0.0171875 0.0625
1 0.53125 0.51484375 0.01484375 0.03828125
1 0.78125 0.609375 0.034375 0.07265625
1 0.82421875 0.6265625 0.028125 0.0796875
1 0.871875 0.6546875 0.034375 0.09375
1 0.91640625 0.684375 0.03125 0.08359375
1 0.97734375 0.71875 0.03984375 0.090625
1 0.709375 0.59140625 0.01953125 0.0625
1 0.515625 0.5125 0.01484375 0.03828125
1 0.678125 0.58828125 0.02421875 0.065625