4 0.68359375 0.26640625 0.05234375 0.05859375
4 0.48359375 0.19453125 0.1 0.0875
4 0.5078125 0.2625 0.07109375 0.05859375
4 0.565625 0.234375 0.0640625 0.05859375
4 0.55234375 0.18046875 0.04609375 0.053125
4 0.71015625 0.1890625 0.028125 0.040625
4 0.48046875 0.15546875 0.0015625 0.00234375
4 0.8703125 0.171875 0.0296875 0.03125
4 0.3421875 0.24921875 0.0828125 0.053125
4 0.22109375 0.28125 0.10234375 0.0734375
4 0.89609375 0.14921875 0.02265625 0.01875
4 0.1796875 0.23046875 0.22890625 0.17421875
4 0.32578125 0.2921875 0.09765625 0.06484375
4 0.43203125 0.28984375 0.090625 0.07109375
4 0.025 0.37109375 0.05 0.09609375
0 0.64296875 0.19375 0.10625 0.0890625