4 0.271875 0.43046875 0.0765625 0.04453125
4 0.40390625 0.39375 0.04765625 0.0390625
4 0.0390625 0.453125 0.078125 0.06015625
4 0.5921875 0.45234375 0.059375 0.06640625
4 0.25 0.60859375 0.2015625 0.10859375
4 0.13125 0.42421875 0.07265625 0.04921875
4 0.2171875 0.4140625 0.0875 0.0671875
4 0.1796875 0.46875 0.0921875 0.06796875
4 0.93203125 0.83125 0.13359375 0.15859375
4 0.30078125 0.3921875 0.04375 0.0375
4 0.3546875 0.384375 0.05703125 0.03359375
4 0.34375 0.40703125 0.0484375 0.040625
4 0.2578125 0.4765625 0.0953125 0.06875
4 0.36328125 0.43125 0.0796875 0.0703125
4 0.4125 0.35 0.07578125 0.06640625