4 0.2515625 0.45234375 0.096875 0.125
4 0.5203125 0.2078125 0.0484375 0.0390625
4 0.65234375 0.1578125 0.03203125 0.03046875
4 0.7296875 0.14765625 0.02265625 0.021875
4 0.828125 0.128125 0.01640625 0.01875
4 0.61796875 0.11484375 0.0125 0.015625
4 0.8078125 0.12734375 0.01640625 0.01796875
4 0.4453125 0.2796875 0.0875 0.0609375
4 0.57734375 0.178125 0.0421875 0.03515625
4 0.74375 0.1578125 0.0265625 0.02890625
4 0.6046875 0.11640625 0.01875 0.0171875
4 0.78046875 0.1234375 0.01875 0.01484375
4 0.79453125 0.13046875 0.01328125 0.015625
4 0.7859375 0.140625 0.02421875 0.025