4 0.515625 0.38359375 0.0296875 0.02890625
4 0.48984375 0.37578125 0.02421875 0.02109375
4 0.15234375 0.47890625 0.13828125 0.08203125
4 0.17265625 0.4453125 0.10859375 0.034375
4 0.4421875 0.34609375 0.0234375 0.02578125
4 0.4140625 0.3484375 0.01796875 0.02109375
4 0.834375 0.5921875 0.13203125 0.10859375
4 0.65078125 0.584375 0.10546875 0.10546875
4 0.5328125 0.475 0.07109375 0.07578125
4 0.56328125 0.41640625 0.034375 0.03046875
4 0.89921875 0.81796875 0.19609375 0.246875
3 0.61953125 0.409375 0.0171875 0.05546875
3 0.34375 0.67734375 0.03984375 0.1390625
1 0.56484375 0.66015625 0.02578125 0.0484375
1 0.75859375 0.625 0.028125 0.0703125
1 0.646875 0.5140625 0.02421875 0.034375
1 0.74140625 0.578125 0.028125 0.0703125
1 0.71796875 0.5859375 0.028125 0.0703125
1 0.61875 0.49375 0.0203125 0.04609375
2 0.52109375 0.89375 0.0640625 0.184375
4 0.54453125 0.40234375 0.03515625 0.02890625
4 0.53125 0.3953125 0.0296875 0.03203125