4 0.6546875 0.95 0.31328125 0.09609375
4 0.28359375 0.46640625 0.0328125 0.06640625
4 0.54765625 0.34765625 0.0265625 0.0265625
4 0.06796875 0.465625 0.1078125 0.06875
4 0.93203125 0.66484375 0.13359375 0.1125
4 0.70703125 0.79765625 0.3359375 0.20390625
4 0.5625 0.2875 0.0171875 0.01484375
4 0.38984375 0.41015625 0.06640625 0.0625
4 0.54140625 0.32890625 0.02265625 0.02109375
4 0.24296875 0.46796875 0.03671875 0.06484375
4 0.43828125 0.29453125 0.01640625 0.0171875
4 0.421875 0.2984375 0.01796875 0.01484375