4 0.65 0.58359375 0.09921875 0.11484375
4 0.4578125 0.36171875 0.02109375 0.01875
4 0.20625 0.41640625 0.08359375 0.02890625
4 0.19296875 0.46640625 0.11328125 0.0703125
4 0.1375 0.49609375 0.1453125 0.0796875
4 0.34765625 0.35390625 0.01875 0.0171875
4 0.49140625 0.3765625 0.0328125 0.028125
4 0.5203125 0.39375 0.04453125 0.0328125
4 0.5578125 0.40078125 0.05546875 0.040625
4 0.57578125 0.43671875 0.0671875 0.0578125
4 0.62578125 0.4609375 0.0625 0.07109375
0 0.78203125 0.5234375 0.25078125 0.22734375
1 0.73671875 0.5796875 0.02109375 0.0515625
1 0.71015625 0.58671875 0.01640625 0.059375
2 0.49453125 0.56328125 0.02265625 0.10546875
3 0.42734375 0.61328125 0.02109375 0.08046875
2 0.4046875 0.50546875 0.01953125 0.07265625
2 0.440625 0.5125 0.034375 0.0796875
1 0.75859375 0.6265625 0.02421875 0.06484375
1 0.515625 0.4390625 0.03671875 0.03828125
1 0.575 0.47578125 0.02578125 0.0484375
1 0.61953125 0.49453125 0.0171875 0.05234375
1 0.64609375 0.496875 0.0140625 0.034375
4 0.40234375 0.328125 0.02578125 0.02421875