2 0.44609375 0.878125 0.05703125 0.18046875
3 0.31796875 0.9359375 0.05078125 0.09375
4 0.259375 0.5609375 0.08125 0.053125
4 0.396875 0.45390625 0.0671875 0.1140625
4 0.3546875 0.478125 0.0203125 0.04453125
4 0.3125 0.45 0.04453125 0.04453125
3 0.16015625 0.63359375 0.02109375 0.10859375
3 0.16953125 0.56171875 0.02109375 0.08515625
4 0.209375 0.49609375 0.0453125 0.0609375
3 0.19140625 0.91875 0.04140625 0.11484375
3 0.36953125 0.58125 0.0265625 0.09765625
3 0.184375 0.7046875 0.03984375 0.10390625
4 0.30859375 0.6671875 0.1203125 0.1171875
4 0.26796875 0.60234375 0.09765625 0.09375
4 0.96875 0.88359375 0.0578125 0.121875
4 0.92734375 0.85234375 0.13984375 0.1515625
4 0.68046875 0.765625 0.1484375 0.16171875
4 0.7359375 0.6859375 0.1296875 0.14453125
4 0.68125 0.55234375 0.07890625 0.0640625
4 0.59453125 0.56953125 0.07890625 0.08515625
4 0.5125 0.51015625 0.07734375 0.075
4 0.42421875 0.5203125 0.059375 0.05859375
4 0.3609375 0.5296875 0.06328125 0.059375
3 0.34140625 0.57734375 0.0265625 0.08671875
4 0.2515625 0.83828125 0.28828125 0.15625
4 0.3390625 0.74296875 0.13828125 0.15390625
4 0.309375 0.7046875 0.11953125 0.11796875