4 0.3 0.56328125 0.0765625 0.08125
1 0.234375 0.40390625 0.0078125 0.0265625
1 0.2796875 0.42109375 0.009375 0.03359375
1 0.31015625 0.44140625 0.0125 0.034375
4 0.3796875 0.53046875 0.08125 0.08125
4 0.75 0.609375 0.17890625 0.10234375
4 0.4296875 0.65625 0.20859375 0.11640625
4 0.08515625 0.68984375 0.1703125 0.125
4 0.52734375 0.80625 0.24453125 0.17890625
1 0.45234375 0.51171875 0.009375 0.05390625
1 0.4625 0.5171875 0.01484375 0.05546875
1 0.4703125 0.5328125 0.0203125 0.05546875
4 0.1 0.42890625 0.03671875 0.05
1 0.49375 0.54375 0.01796875 0.0625
1 0.51484375 0.54453125 0.0171875 0.059375
4 0.18203125 0.44609375 0.0421875 0.04765625
4 0.2546875 0.5203125 0.06171875 0.07109375
1 0.41953125 0.50234375 0.015625 0.046875
1 0.43515625 0.496875 0.01328125 0.04921875
1 0.4484375 0.50703125 0.0125 0.0515625
1 0.33203125 0.45703125 0.0140625 0.03984375
1 0.34921875 0.465625 0.0140625 0.0421875
4 0.2015625 0.471875 0.04921875 0.05625
1 0.17578125 0.3703125 0.0046875 0.01953125
1 0.18984375 0.37421875 0.00546875 0.021875
1 0.19609375 0.3828125 0.0046875 0.0203125
1 0.21484375 0.39296875 0.00703125 0.02578125