1 0.73984375 0.57734375 0.01953125 0.0609375
4 0.5109375 0.38359375 0.02421875 0.02421875
4 0.90546875 0.6234375 0.1609375 0.14296875
4 0.525 0.39296875 0.02890625 0.03046875
4 0.54296875 0.40546875 0.03125 0.03515625
4 0.56796875 0.41953125 0.04140625 0.03984375
4 0.59921875 0.45703125 0.06015625 0.05078125
4 0.4671875 0.4265625 0.0453125 0.046875
4 0.50546875 0.46796875 0.046875 0.06015625
4 0.553125 0.50703125 0.071875 0.06640625
4 0.7609375 0.55703125 0.11015625 0.08828125
4 0.68046875 0.5015625 0.090625 0.06640625
4 0.62578125 0.58046875 0.09765625 0.0984375
4 0.2015625 0.4328125 0.09375 0.04375
4 0.215625 0.41171875 0.05546875 0.02109375
4 0.23359375 0.3984375 0.07265625 0.03125
4 0.15546875 0.49765625 0.14375 0.08671875
4 0.346875 0.346875 0.01640625 0.0171875
4 0.43828125 0.34921875 0.01640625 0.01875
4 0.44765625 0.35390625 0.01640625 0.01484375
4 0.4875 0.37734375 0.0265625 0.028125
3 0.33828125 0.590625 0.040625 0.06171875
3 0.02890625 0.46484375 0.0203125 0.0546875
3 0.334375 0.57890625 0.03359375 0.07109375
1 0.53828125 0.4546875 0.01328125 0.034375
1 0.7125 0.5859375 0.02109375 0.06328125
1 0.58203125 0.4828125 0.01171875 0.034375
1 0.75859375 0.61640625 0.0296875 0.07890625
1 0.61875 0.50078125 0.01640625 0.0359375
1 0.56484375 0.65859375 0.025 0.0546875