4 0.3796875 0.378125 0.01796875 0.015625
4 0.15546875 0.55625 0.15234375 0.071875
4 0.1328125 0.528125 0.11875 0.07265625
3 0.3296875 0.6421875 0.034375 0.0765625
4 0.18828125 0.5015625 0.08671875 0.0515625
4 0.184375 0.4765625 0.08984375 0.03359375
4 0.5125 0.48046875 0.04453125 0.04375
4 0.40546875 0.39140625 0.02421875 0.01953125
4 0.478125 0.43046875 0.0375 0.03515625
3 0.48984375 0.64765625 0.02578125 0.09375
4 0.55078125 0.46328125 0.07421875 0.05625
4 0.35546875 0.371875 0.01171875 0.01015625
4 0.09765625 0.8984375 0.1953125 0.18125
4 0.42734375 0.40078125 0.0265625 0.025