4 0.3578125 0.26875 0.03671875 0.04609375
2 0.36484375 0.471875 0.03125 0.11796875
3 0.88515625 0.47734375 0.02578125 0.10078125
3 0.965625 0.4875 0.02265625 0.08671875
3 0.13359375 0.54765625 0.04609375 0.11640625
3 0.984375 0.496875 0.02265625 0.08671875
3 0.90625 0.4765625 0.0203125 0.08828125
3 0.13984375 0.5640625 0.04609375 0.11015625
4 0.059375 0.3953125 0.11875 0.0875
4 0.38984375 0.303125 0.0421875 0.04765625
4 0.109375 0.29375 0.12734375 0.0578125
4 0.059375 0.375 0.11875 0.065625
4 0.06796875 0.34921875 0.09609375 0.0421875
4 0.12890625 0.24453125 0.09375 0.03984375
4 0.51640625 0.41484375 0.09453125 0.1
4 0.4578125 0.36171875 0.0703125 0.065625
4 0.42734375 0.3265625 0.046875 0.06640625
4 0.546875 0.3109375 0.065625 0.065625
4 0.796875 0.6375 0.32109375 0.22578125
4 0.10625 0.971875 0.2125 0.034375
4 0.453125 0.25859375 0.03125 0.03359375
4 0.428125 0.25 0.034375 0.03515625
4 0.475 0.2734375 0.0390625 0.040625
4 0.11328125 0.3390625 0.090625 0.06484375
4 0.34609375 0.209375 0.0203125 0.021875
4 0.05546875 0.44296875 0.1109375 0.11796875
4 0.39140625 0.24765625 0.0328125 0.0375