1 0.29609375 0.26875 0.00625 0.01875
1 0.0875 0.47890625 0.01015625 0.059375
1 0.09609375 0.43203125 0.01640625 0.05390625
1 0.1296875 0.38203125 0.0171875 0.0703125
4 0.2515625 0.2578125 0.01953125 0.01796875
1 0.22734375 0.25078125 0.0046875 0.01484375
1 0.6796875 0.38203125 0.01015625 0.0421875
1 0.1203125 0.34375 0.0078125 0.03203125
1 0.09453125 0.30859375 0.00625 0.0234375
1 0.26953125 0.26328125 0.0046875 0.01484375
1 0.34375 0.28671875 0.00859375 0.02265625
1 0.08046875 0.4890625 0.01328125 0.05546875
1 0.66015625 0.3875 0.0109375 0.04140625
1 0.3046875 0.27265625 0.00546875 0.01875
1 0.23359375 0.25390625 0.0046875 0.01484375
1 0.63515625 0.3234375 0.04296875 0.075
1 0.33203125 0.28203125 0.00703125 0.02265625
1 0.38359375 0.29609375 0.00546875 0.025
1 0.40625 0.30703125 0.00546875 0.02265625
1 0.41796875 0.31015625 0.00546875 0.025
1 0.44453125 0.31796875 0.00546875 0.02265625
1 0.4875 0.33203125 0.00546875 0.02734375
1 0.5953125 0.36640625 0.01171875 0.0375
1 0.77421875 0.425 0.01171875 0.05