4 0.9421875 0.7078125 0.11015625 0.14453125
4 0.25 0.35078125 0.03984375 0.0484375
4 0.83984375 0.78046875 0.1921875 0.1953125
4 0.9640625 0.778125 0.06640625 0.1359375
4 0.82109375 0.653125 0.115625 0.09375
4 0.2796875 0.59921875 0.10390625 0.0984375
4 0.2640625 0.5734375 0.07578125 0.071875
4 0.1859375 0.53203125 0.13828125 0.1515625
4 0.4703125 0.55234375 0.025 0.07109375
4 0.45078125 0.53046875 0.05703125 0.07109375
4 0.2140625 0.4421875 0.03359375 0.0328125
4 0.31953125 0.3703125 0.03203125 0.0265625
4 0.4625 0.47890625 0.04609375 0.03359375
4 0.2140625 0.425 0.0359375 0.02578125
4 0.21171875 0.4015625 0.0296875 0.02421875
3 0.17421875 0.6828125 0.0375 0.128125
3 0.15859375 0.59375 0.02734375 0.09140625
1 0.7296875 0.571875 0.01328125 0.04609375
2 0.3125 0.67421875 0.0375 0.1359375
0 0.56953125 0.615625 0.184375 0.2515625