2 0.4171875 0.52421875 0.021875 0.08203125
3 0.375 0.44375 0.015625 0.04609375
3 0.38984375 0.43125 0.0125 0.0453125
3 0.4046875 0.4484375 0.0125 0.04296875
3 0.33984375 0.5953125 0.04296875 0.07265625
1 0.7375 0.5796875 0.0203125 0.059375
2 0.43984375 0.6359375 0.0265625 0.12265625
1 0.75859375 0.621875 0.0265625 0.06796875
1 0.7125 0.58671875 0.02421875 0.06640625
1 0.58359375 0.4796875 0.0140625 0.04765625
2 0.38671875 0.6015625 0.02734375 0.10625
3 0.43359375 0.49609375 0.01796875 0.06875
2 0.475 0.578125 0.03203125 0.10703125
4 0.20625 0.42265625 0.08203125 0.04453125
4 0.23046875 0.3984375 0.07890625 0.02734375
4 0.39453125 0.32578125 0.015625 0.0140625
4 0.4125 0.33203125 0.0140625 0.015625
4 0.48671875 0.3734375 0.02578125 0.02109375
4 0.49609375 0.38046875 0.02734375 0.028125
4 0.52265625 0.3953125 0.028125 0.03359375
4 0.54296875 0.40234375 0.028125 0.02890625
4 0.5671875 0.42109375 0.04296875 0.03515625
4 0.63046875 0.56796875 0.11796875 0.1421875
4 0.5390625 0.49140625 0.0703125 0.07421875
3 0.4546875 0.51015625 0.0203125 0.06875