1 0.26796875 0.1875 0.01953125 0.05234375
1 0.23515625 0.2 0.021875 0.05390625
1 0.31953125 0.21796875 0.01953125 0.04921875
1 0.3515625 0.28203125 0.02265625 0.06640625
1 0.4375 0.28515625 0.028125 0.0765625
1 0.16328125 0.14921875 0.02578125 0.0625
1 0.3546875 0.2375 0.025 0.05859375
1 0.1125 0.12890625 0.01484375 0.03359375
1 0.0984375 0.1234375 0.01484375 0.03203125
2 0.12265625 0.29921875 0.040625 0.13359375
2 0.56953125 0.32265625 0.059375 0.10390625
4 0.9703125 0.33671875 0.05390625 0.1109375
4 0.0171875 0.953125 0.034375 0.065625
3 0.9828125 0.2015625 0.028125 0.090625
3 0.784375 0.25859375 0.02734375 0.07265625
1 0.215625 0.16328125 0.01953125 0.04765625
1 0.128125 0.140625 0.0125 0.03125