1 0.3578125 0.453125 0.00546875 0.04765625
1 0.47890625 0.53671875 0.0140625 0.05703125
1 0.46484375 0.53203125 0.01640625 0.05859375
2 0.9625 0.47109375 0.01875 0.05390625
3 0.9015625 0.52578125 0.03984375 0.0671875
1 0.4921875 0.54453125 0.015625 0.05625
3 0.9328125 0.5234375 0.021875 0.0734375
1 0.23046875 0.39609375 0.00546875 0.025
1 0.2609375 0.40625 0.00703125 0.03359375
1 0.2765625 0.41640625 0.00703125 0.02890625
1 0.41796875 0.48671875 0.00703125 0.04765625
1 0.51484375 0.54140625 0.01875 0.05859375
4 0.08125 0.35 0.01953125 0.025
4 0.096875 0.43359375 0.03984375 0.04140625