4 0.61640625 0.54921875 0.084375 0.0734375
4 0.63125 0.64140625 0.13046875 0.1359375
4 0.43515625 0.40234375 0.0265625 0.02578125
4 0.4765625 0.4265625 0.02421875 0.021875
4 0.546875 0.45625 0.0359375 0.0390625
4 0.50546875 0.44140625 0.0203125 0.02734375
4 0.38671875 0.37734375 0.01875 0.0140625
4 0.49375 0.4328125 0.01953125 0.021875
4 0.52265625 0.446875 0.02421875 0.0296875
4 0.14609375 0.57734375 0.18515625 0.078125
4 0.1859375 0.5453125 0.1109375 0.04453125
4 0.73125 0.6296875 0.1171875 0.0984375