1 0.78125 0.60234375 0.028125 0.07265625
4 0.31171875 0.43125 0.05546875 0.0859375
4 0.2734375 0.3765625 0.0328125 0.0703125
4 0.2140625 0.4421875 0.03828125 0.05546875
4 0.2125 0.49765625 0.046875 0.053125
3 0.1734375 0.54609375 0.02109375 0.08203125
3 0.153125 0.521875 0.01875 0.0671875
3 0.23359375 0.5640625 0.02265625 0.0875
4 0.5625 0.55 0.05546875 0.0703125
1 0.7421875 0.5984375 0.01796875 0.06171875
1 0.68046875 0.58203125 0.01953125 0.05546875
1 0.63203125 0.5625 0.0171875 0.05390625
1 0.609375 0.5546875 0.02734375 0.05703125
4 0.5203125 0.56640625 0.05625 0.0671875
4 0.46953125 0.55078125 0.0578125 0.06171875
4 0.49296875 0.51484375 0.05234375 0.0453125
4 0.42890625 0.53671875 0.05234375 0.065625
4 0.37734375 0.55390625 0.07109375 0.071875
4 0.42109375 0.43515625 0.04296875 0.046875
4 0.33125 0.46171875 0.0609375 0.10546875
1 0.7109375 0.59140625 0.01875 0.06015625
4 0.3796875 0.409375 0.02421875 0.02421875
4 0.40234375 0.425 0.02578125 0.03125
1 0.98046875 0.71171875 0.034375 0.090625
1 0.91796875 0.68046875 0.034375 0.08359375
1 0.87109375 0.65625 0.02578125 0.0765625
1 0.825 0.63046875 0.02578125 0.07265625