1 0.4046875 0.30390625 0.00625 0.025
4 0.3015625 0.28671875 0.025 0.02421875
4 0.2953125 0.3 0.0328125 0.0296875
4 0.33125 0.296875 0.0296875 0.028125
4 0.1515625 0.234375 0.01015625 0.01015625
4 0.2125 0.26640625 0.01796875 0.0203125
4 0.240625 0.27578125 0.02421875 0.02421875
4 0.3484375 0.32578125 0.0421875 0.03671875
4 0.5453125 0.40234375 0.0875 0.07890625
4 0.178125 0.2515625 0.0140625 0.0140625
4 0.19453125 0.25703125 0.0171875 0.0203125
4 0.209375 0.25078125 0.01328125 0.01015625
4 0.25078125 0.26640625 0.01796875 0.01796875
4 0.26640625 0.27265625 0.02109375 0.02265625
1 0.09765625 0.30703125 0.00625 0.02421875
1 0.296875 0.26796875 0.00390625 0.0109375
1 0.30234375 0.26953125 0.00390625 0.0109375
1 0.32578125 0.27578125 0.00546875 0.0125
1 0.34453125 0.2859375 0.00546875 0.02109375
1 0.4328125 0.30546875 0.0078125 0.02578125
1 0.37109375 0.29140625 0.00546875 0.02109375
1 0.5140625 0.33984375 0.01171875 0.02890625
1 0.5828125 0.36171875 0.0125 0.03515625
1 0.67265625 0.38984375 0.015625 0.04140625
1 0.09453125 0.434375 0.0125 0.04765625
1 0.4390625 0.3171875 0.0078125 0.02421875
1 0.471875 0.328125 0.00703125 0.02734375
1 0.1296875 0.3859375 0.01875 0.0609375
1 0.77890625 0.425 0.0171875 0.04921875
1 0.4859375 0.42734375 0.0171875 0.0546875
1 0.0921875 0.4734375 0.00703125 0.05625
1 0.7921875 0.41796875 0.0109375 0.05
1 0.1046875 0.3015625 0.00625 0.02421875
1 0.11484375 0.32890625 0.00625 0.028125
1 0.12109375 0.3421875 0.00625 0.02734375
1 0.12734375 0.346875 0.0078125 0.0171875
1 0.084375 0.48828125 0.015625 0.0578125
1 0.0890625 0.48125 0.0109375 0.05625
1 0.51953125 0.4296875 0.00625 0.053125
1 0.5078125 0.4078125 0.0109375 0.0140625
1 0.5078125 0.43984375 0.01796875 0.05234375
1 0.496875 0.43203125 0.0125 0.053125