4 0.3421875 0.15 0.03515625 0.03125
1 0.10234375 0.20390625 0.015625 0.05234375
4 0.3109375 0.13828125 0.03359375 0.0265625
1 0.40546875 0.25703125 0.08984375 0.15625
1 0.2234375 0.18046875 0.01015625 0.03203125
1 0.23203125 0.19296875 0.01015625 0.03359375
1 0.353125 0.29140625 0.01875 0.05859375
1 0.2578125 0.21875 0.01015625 0.02421875
1 0.24453125 0.20546875 0.01015625 0.0359375
1 0.43671875 0.30078125 0.02421875 0.0875
4 0.2328125 0.2609375 0.03828125 0.0640625
1 0.21640625 0.1703125 0.00703125 0.028125
1 0.21015625 0.16328125 0.00703125 0.025
1 0.203125 0.15859375 0.00703125 0.025
4 0.48671875 0.19453125 0.059375 0.04765625
1 0.25 0.16875 0.01015625 0.03046875
1 0.26953125 0.178125 0.01015625 0.03359375
1 0.08828125 0.203125 0.01484375 0.05234375
4 0.2921875 0.2828125 0.096875 0.15859375
4 0.2140625 0.234375 0.04921875 0.053125
4 0.33046875 0.42890625 0.2203125 0.12109375