4 0.1171875 0.30234375 0.0265625 0.03203125
1 0.40703125 0.30546875 0.00703125 0.0265625
1 0.38203125 0.29765625 0.00625 0.02109375
1 0.3453125 0.28671875 0.00625 0.02109375
1 0.33203125 0.2828125 0.0078125 0.02109375
1 0.30546875 0.27421875 0.00625 0.0203125
1 0.296875 0.27109375 0.00546875 0.01875
1 0.2765625 0.26484375 0.00546875 0.01796875
1 0.090625 0.47421875 0.01484375 0.0546875
1 0.1296875 0.3875 0.0171875 0.0625
1 0.12734375 0.3484375 0.00859375 0.0171875
1 0.4453125 0.31875 0.00703125 0.02421875
1 0.12109375 0.34375 0.0078125 0.03046875
1 0.09453125 0.30859375 0.00859375 0.025
1 0.7765625 0.42421875 0.01875 0.05234375
1 0.659375 0.38671875 0.0140625 0.04375
1 0.2703125 0.26484375 0.0046875 0.0171875
1 0.0828125 0.48984375 0.01796875 0.0578125
1 0.6359375 0.33046875 0.03671875 0.0625
1 0.7046875 0.390625 0.01328125 0.04375
1 0.09609375 0.43359375 0.0140625 0.0515625
1 0.596875 0.3671875 0.0140625 0.03828125
1 0.08828125 0.4828125 0.00859375 0.05
1 0.115625 0.33046875 0.0078125 0.028125
1 0.4875 0.33203125 0.009375 0.03125