0 0.30390625 0.41484375 0.19609375 0.20859375
1 0.471875 0.32734375 0.00859375 0.02890625
1 0.51484375 0.340625 0.0125 0.03125
1 0.7765625 0.421875 0.0125 0.03984375
1 0.34453125 0.28515625 0.00625 0.021875
1 0.3265625 0.2796875 0.00625 0.01875
1 0.303125 0.27265625 0.0046875 0.01640625
1 0.296875 0.2703125 0.0046875 0.01640625
1 0.48671875 0.41640625 0.0125 0.02890625
1 0.49609375 0.41796875 0.00703125 0.02578125
1 0.50546875 0.415625 0.01171875 0.03046875
1 0.5078125 0.42265625 0.01015625 0.0171875
1 0.51875 0.4171875 0.00859375 0.028125
1 0.096875 0.30625 0.00546875 0.0203125
1 0.10234375 0.3046875 0.00546875 0.0203125
1 0.12265625 0.34296875 0.0078125 0.025
1 0.128125 0.34609375 0.00859375 0.0171875
1 0.13125 0.3859375 0.0171875 0.0609375
4 0.671875 0.42734375 0.10546875 0.07890625
4 0.7796875 0.6890625 0.203125 0.178125
4 0.9578125 0.5484375 0.08203125 0.10078125
4 0.7859375 0.53203125 0.14453125 0.0984375
1 0.09296875 0.478125 0.00546875 0.04609375
4 0.50625 0.48828125 0.10703125 0.1125
4 0.5125 0.39375 0.075 0.0609375
1 0.7921875 0.41875 0.01015625 0.04609375
1 0.11484375 0.33046875 0.00703125 0.02578125
1 0.371875 0.29296875 0.00625 0.021875
1 0.08984375 0.48125 0.009375 0.05390625
1 0.084375 0.48828125 0.01484375 0.05703125
1 0.09609375 0.43359375 0.015625 0.05
1 0.671875 0.38046875 0.0109375 0.01875
1 0.5828125 0.3625 0.01328125 0.0375
1 0.440625 0.31484375 0.00703125 0.025
1 0.4046875 0.3046875 0.00625 0.02421875