1 0.24765625 0.25703125 0.003125 0.0125
1 0.26953125 0.2640625 0.00390625 0.015625
1 0.296875 0.27109375 0.00546875 0.01875
1 0.44609375 0.31953125 0.01015625 0.02734375
1 0.40703125 0.3078125 0.00859375 0.02421875
1 0.59765625 0.36796875 0.01015625 0.03515625
1 0.38359375 0.30078125 0.00859375 0.02265625
1 0.1921875 0.24296875 0.00390625 0.01015625
1 0.7046875 0.39296875 0.00859375 0.03984375
1 0.77578125 0.42578125 0.0140625 0.04765625
1 0.2140625 0.2484375 0.00390625 0.0125
1 0.34453125 0.28828125 0.00859375 0.0203125
1 0.33125 0.28203125 0.00546875 0.01875
4 0.1328125 0.33203125 0.0296875 0.03515625
1 0.3046875 0.27421875 0.00546875 0.01875
4 0.09921875 0.275 0.01953125 0.02109375
1 0.2765625 0.26640625 0.00390625 0.015625
1 0.253125 0.25859375 0.003125 0.0125
1 0.20078125 0.2453125 0.003125 0.01015625
1 0.121875 0.34296875 0.00703125 0.02890625
1 0.12734375 0.35 0.00703125 0.0125
1 0.12890625 0.38515625 0.01796875 0.059375
1 0.0953125 0.30859375 0.00703125 0.0265625
1 0.09140625 0.3015625 0.00703125 0.0265625
1 0.09140625 0.47421875 0.00703125 0.05390625
1 0.0875 0.48125 0.0109375 0.0578125
1 0.08359375 0.48984375 0.01484375 0.0578125
1 0.09609375 0.43515625 0.01484375 0.04921875
1 0.66015625 0.3890625 0.01171875 0.0390625
1 0.4875 0.3328125 0.01171875 0.03046875
1 0.115625 0.3296875 0.00703125 0.0265625
1 0.2046875 0.2453125 0.003125 0.01015625
1 0.234375 0.25390625 0.00390625 0.01328125
1 0.2265625 0.25234375 0.00390625 0.01328125
1 0.21875 0.25 0.00390625 0.01328125