1 0.4359375 0.50234375 0.01328125 0.04921875
4 0.196875 0.440625 0.04453125 0.0234375
4 0.21953125 0.478125 0.0453125 0.05078125
4 0.25703125 0.509375 0.06171875 0.07421875
4 0.3171875 0.4859375 0.0671875 0.06640625
4 0.31328125 0.5640625 0.08671875 0.09765625
4 0.40078125 0.54296875 0.07890625 0.08125
4 0.17265625 0.525 0.09765625 0.15859375
3 0.94140625 0.53984375 0.015625 0.07109375
1 0.3484375 0.46953125 0.01015625 0.03984375
1 0.309375 0.44140625 0.00859375 0.02109375
1 0.1921875 0.38515625 0.0125 0.03359375
1 0.234375 0.41015625 0.00859375 0.025
1 0.25390625 0.41328125 0.00546875 0.02734375
1 0.54609375 0.4375 0.00703125 0.0125
1 0.41796875 0.49765625 0.01171875 0.03359375
1 0.7265625 0.48828125 0.01015625 0.01484375
1 0.33125 0.453125 0.00859375 0.01484375
1 0.46875 0.53828125 0.01640625 0.05234375
1 0.4609375 0.521875 0.01328125 0.0546875
1 0.45390625 0.51484375 0.01171875 0.05078125
1 0.44921875 0.509375 0.0109375 0.04921875
1 0.36171875 0.46484375 0.00625 0.0359375
1 0.2234375 0.396875 0.0046875 0.0265625
1 0.15390625 0.3671875 0.00546875 0.01875
1 0.14921875 0.36015625 0.00390625 0.0140625
1 0.13984375 0.3578125 0.00390625 0.0140625
1 0.13515625 0.35859375 0.00390625 0.0140625
1 0.1296875 0.35546875 0.00390625 0.0140625
1 0.12578125 0.35234375 0.003125 0.01171875
1 0.1234375 0.34921875 0.003125 0.01171875
1 0.49296875 0.546875 0.0171875 0.06015625
1 0.51484375 0.54765625 0.015625 0.059375
1 0.1765625 0.37890625 0.01015625 0.02109375
1 0.27890625 0.42734375 0.0078125 0.02890625
1 0.2140625 0.4 0.0078125 0.025
1 0.16015625 0.36796875 0.00546875 0.01875