1 0.26953125 0.2640625 0.00390625 0.0140625
1 0.253125 0.259375 0.00390625 0.0140625
1 0.23359375 0.25390625 0.00390625 0.0140625
1 0.59765625 0.36796875 0.01015625 0.03515625
1 0.66171875 0.38828125 0.0125 0.03984375
1 0.09609375 0.434375 0.01484375 0.04921875
1 0.1296875 0.3859375 0.015625 0.0609375
1 0.09140625 0.47421875 0.00859375 0.0546875
1 0.08828125 0.48046875 0.00859375 0.05546875
1 0.084375 0.4875 0.01484375 0.05703125
1 0.10859375 0.3125 0.00625 0.02265625
1 0.453125 0.3140625 0.00546875 0.02578125
1 0.1265625 0.34609375 0.00625 0.0171875
1 0.12109375 0.3421875 0.00625 0.0265625
1 0.1171875 0.32890625 0.00625 0.0265625
1 0.21484375 0.24609375 0.00390625 0.0140625
1 0.3828125 0.2984375 0.00625 0.021875
1 0.21875 0.24921875 0.00390625 0.0140625
1 0.2265625 0.2515625 0.00390625 0.0140625
1 0.77578125 0.42421875 0.0140625 0.05234375
1 0.40703125 0.30546875 0.00703125 0.02265625
1 0.44609375 0.31875 0.00859375 0.025
1 0.6375 0.32578125 0.040625 0.07265625
1 0.27578125 0.26484375 0.00390625 0.0140625
1 0.296875 0.2703125 0.00546875 0.01640625
1 0.4875 0.33203125 0.00859375 0.03125
1 0.34453125 0.2875 0.00625 0.02109375
1 0.33203125 0.28359375 0.00546875 0.02109375
1 0.3046875 0.27421875 0.00546875 0.01875