1 0.4734375 0.328125 0.01015625 0.0296875
1 0.4234375 0.309375 0.00546875 0.02265625
1 0.36953125 0.29296875 0.00703125 0.02265625
1 0.77734375 0.42578125 0.0140625 0.04765625
1 0.090625 0.4765625 0.009375 0.06171875
1 0.084375 0.48828125 0.01640625 0.059375
1 0.1296875 0.38515625 0.0140625 0.06171875
1 0.12890625 0.346875 0.0078125 0.0140625
1 0.12109375 0.34140625 0.0078125 0.02578125
1 0.115625 0.33125 0.0078125 0.0265625
3 0.11328125 0.44453125 0.01875 0.06484375
1 0.1078125 0.3078125 0.0078125 0.0265625
1 0.1015625 0.2953125 0.0078125 0.0265625
1 0.7921875 0.41953125 0.01171875 0.04765625
1 0.67890625 0.3828125 0.009375 0.03984375
1 0.615625 0.3640625 0.0078125 0.034375
1 0.3453125 0.284375 0.00703125 0.02265625
4 0.07421875 0.31640625 0.0234375 0.0328125
4 0.2765625 0.39453125 0.05703125 0.06171875
4 0.12109375 0.28984375 0.0328125 0.04140625
4 0.45703125 0.371875 0.0609375 0.05078125
4 0.30625 0.42578125 0.0640625 0.06875
1 0.4046875 0.303125 0.00703125 0.02265625
1 0.325 0.27890625 0.00546875 0.01796875
1 0.303125 0.27265625 0.00546875 0.01796875
1 0.296875 0.26953125 0.00546875 0.01796875
1 0.096875 0.43359375 0.0140625 0.04609375
1 0.6734375 0.3890625 0.01171875 0.03828125
1 0.5828125 0.36328125 0.0125 0.03671875
1 0.515625 0.33984375 0.0109375 0.0328125
1 0.43984375 0.31640625 0.00703125 0.02578125