4 0.2546875 0.37265625 0.03359375 0.04140625
4 0.38359375 0.428125 0.0484375 0.03984375
4 0.1359375 0.34765625 0.015625 0.0140625
4 0.53203125 0.48671875 0.07890625 0.0546875
1 0.28046875 0.42421875 0.00859375 0.0328125
1 0.33046875 0.4625 0.01015625 0.0359375
1 0.34921875 0.46953125 0.0125 0.0375
1 0.4203125 0.503125 0.01796875 0.05
1 0.43515625 0.49921875 0.01484375 0.05
1 0.446875 0.50625 0.01328125 0.04765625
1 0.45390625 0.5109375 0.01015625 0.0453125
1 0.4625 0.51328125 0.01171875 0.0453125
1 0.46875 0.53359375 0.0203125 0.0578125
1 0.49296875 0.5453125 0.02265625 0.06171875
1 0.51484375 0.5453125 0.01796875 0.0578125
4 0.08203125 0.3515625 0.01328125 0.015625
1 0.72734375 0.50078125 0.00703125 0.04140625
1 0.546875 0.44609375 0.0078125 0.03125
2 0.071875 0.603125 0.0609375 0.08125
4 0.1078125 0.3515625 0.0140625 0.01640625
4 0.2421875 0.39375 0.03203125 0.02734375
4 0.19765625 0.371875 0.02265625 0.02265625
4 0.30859375 0.4203125 0.03984375 0.034375