1 0.46171875 0.5171875 0.01328125 0.05234375
1 0.54609375 0.4453125 0.0078125 0.03203125
4 0.14921875 0.33984375 0.01640625 0.01328125
4 0.3375 0.50390625 0.0734375 0.06875
4 0.38828125 0.53984375 0.0796875 0.075
1 0.7265625 0.49921875 0.01015625 0.04453125
1 0.51328125 0.54140625 0.015625 0.05859375
1 0.234375 0.4046875 0.00703125 0.0296875
1 0.27890625 0.42109375 0.01015625 0.03203125
1 0.30859375 0.440625 0.01015625 0.0359375
1 0.3296875 0.45390625 0.0109375 0.0296875
1 0.34765625 0.45859375 0.0125 0.02421875
1 0.46796875 0.5328125 0.015625 0.05234375
1 0.4921875 0.54140625 0.015625 0.05859375
1 0.18828125 0.37734375 0.00703125 0.0203125
1 0.19609375 0.384375 0.00703125 0.0203125
1 0.2140625 0.39375 0.00703125 0.02578125
1 0.39296875 0.3984375 0.00625 0.028125
1 0.4203125 0.50234375 0.015625 0.04921875
1 0.434375 0.49609375 0.0140625 0.053125
1 0.4484375 0.5078125 0.0125 0.05234375
1 0.45390625 0.5125 0.0109375 0.05234375