1 0.32421875 0.21015625 0.01171875 0.0375
1 0.26796875 0.17890625 0.009375 0.02890625
1 0.225 0.15859375 0.00703125 0.02265625
1 0.4328125 0.271875 0.015625 0.05234375
4 0.3625 0.159375 0.03515625 0.03125
4 0.33984375 0.15078125 0.03125 0.028125
4 0.3109375 0.13984375 0.0359375 0.025
1 0.271875 0.1859375 0.009375 0.02890625
4 0.13984375 0.159375 0.03046875 0.03125
4 0.48515625 0.1953125 0.06015625 0.0453125
1 0.2953125 0.19609375 0.01015625 0.03359375
1 0.3765625 0.24296875 0.01640625 0.04375
1 0.22109375 0.1546875 0.00703125 0.02265625
1 0.24453125 0.1640625 0.00703125 0.02421875
1 0.2484375 0.17109375 0.00703125 0.02578125
1 0.25703125 0.1765625 0.009375 0.02890625