1 0.79296875 0.41953125 0.0125 0.04765625
1 0.09609375 0.43203125 0.01640625 0.05390625
1 0.08671875 0.47578125 0.01640625 0.05390625
1 0.08515625 0.48125 0.01640625 0.05390625
1 0.5671875 0.34765625 0.00859375 0.03828125
1 0.77890625 0.425 0.01484375 0.04921875
4 0.384375 0.31640625 0.03984375 0.0359375
4 0.334375 0.4578125 0.07890625 0.08203125
1 0.653125 0.3734375 0.0109375 0.03828125
1 0.3703125 0.28984375 0.01015625 0.02109375
1 0.4359375 0.31015625 0.0140625 0.02890625
1 0.58203125 0.36015625 0.01171875 0.0375
1 0.115625 0.33046875 0.00703125 0.02890625
1 0.11796875 0.340625 0.00703125 0.02890625
1 0.121875 0.34375 0.00703125 0.02890625
1 0.08203125 0.48984375 0.01640625 0.05390625
1 0.67109375 0.38828125 0.01328125 0.04375
1 0.51484375 0.34296875 0.0109375 0.02734375
1 0.12890625 0.3484375 0.00703125 0.0234375