1 0.0828125 0.4875 0.01875 0.05859375
1 0.12109375 0.340625 0.00703125 0.0265625
1 0.77734375 0.425 0.0140625 0.05
1 0.67109375 0.390625 0.0125 0.03984375
1 0.5828125 0.3625 0.0125 0.0375
1 0.47265625 0.32734375 0.00859375 0.02890625
1 0.4390625 0.31640625 0.00859375 0.025
1 0.4046875 0.30546875 0.00859375 0.02265625
1 0.7921875 0.42109375 0.0140625 0.05
1 0.296875 0.26953125 0.0046875 0.01875
1 0.0921875 0.47265625 0.00859375 0.059375
1 0.08828125 0.48046875 0.01171875 0.05703125
1 0.13125 0.38515625 0.01953125 0.06171875
1 0.128125 0.346875 0.00703125 0.01328125
1 0.11640625 0.3296875 0.0078125 0.02734375
1 0.0984375 0.30703125 0.00625 0.02265625
1 0.10625 0.303125 0.0046875 0.0203125
1 0.27578125 0.26328125 0.0046875 0.01484375
1 0.49609375 0.43046875 0.009375 0.0515625
1 0.5046875 0.43046875 0.01484375 0.06015625
1 0.5078125 0.4375 0.0140625 0.0546875
1 0.09453125 0.43203125 0.01796875 0.05234375
1 0.48671875 0.42734375 0.0140625 0.05
1 0.51484375 0.340625 0.01328125 0.03125
1 0.37109375 0.29375 0.0078125 0.02109375
1 0.34453125 0.28515625 0.00546875 0.02109375
1 0.32578125 0.2796875 0.00546875 0.021875
1 0.303125 0.271875 0.0046875 0.01875
1 0.265625 0.26328125 0.0046875 0.01484375