1 0.33125 0.28046875 0.00546875 0.02265625
1 0.30390625 0.271875 0.00546875 0.02109375
1 0.115625 0.328125 0.00859375 0.02734375
1 0.09609375 0.43359375 0.01328125 0.05
1 0.67890625 0.37890625 0.009375 0.03671875
1 0.296875 0.26953125 0.00546875 0.02109375
4 0.253125 0.25859375 0.01640625 0.01796875
1 0.596875 0.365625 0.009375 0.03671875
1 0.659375 0.384375 0.0125 0.04296875
1 0.775 0.4234375 0.0125 0.04921875
1 0.60625 0.365625 0.009375 0.03671875
1 0.0828125 0.48828125 0.0125 0.05703125
1 0.12890625 0.38515625 0.0171875 0.0625
1 0.4875 0.33046875 0.009375 0.03125
1 0.09140625 0.475 0.00625 0.05390625
1 0.0875 0.48046875 0.009375 0.05546875
1 0.12578125 0.34765625 0.0078125 0.0171875
1 0.11953125 0.3421875 0.00859375 0.03046875
1 0.40703125 0.30390625 0.00703125 0.0265625
1 0.3828125 0.296875 0.00703125 0.02265625
1 0.44453125 0.3171875 0.009375 0.0265625