4 0.19609375 0.25 0.01171875 0.01328125
4 0.15078125 0.28359375 0.02265625 0.02421875
4 0.1875 0.25546875 0.015625 0.01640625
4 0.215625 0.26640625 0.01953125 0.0171875
4 0.7984375 0.52734375 0.13359375 0.0859375
4 0.25859375 0.40234375 0.0546875 0.06171875
4 0.1859375 0.3171875 0.034375 0.04453125
4 0.1140625 0.30078125 0.0234375 0.028125
4 0.26953125 0.275 0.01953125 0.021875
4 0.1390625 0.271875 0.01640625 0.02109375
4 0.2171875 0.25546875 0.01796875 0.01875
4 0.17265625 0.25 0.01328125 0.01328125
1 0.253125 0.25859375 0.00390625 0.0125
1 0.26953125 0.26015625 0.0046875 0.009375
1 0.27578125 0.2625 0.00390625 0.00859375
1 0.70546875 0.39140625 0.0109375 0.04375
1 0.0921875 0.475 0.00625 0.05625
1 0.09453125 0.31015625 0.00859375 0.02734375
1 0.08828125 0.48125 0.01015625 0.05703125
1 0.084375 0.48984375 0.01484375 0.0578125
1 0.12890625 0.38671875 0.01640625 0.06171875
1 0.096875 0.434375 0.015625 0.053125
1 0.115625 0.33046875 0.00859375 0.02734375
1 0.4453125 0.31953125 0.00859375 0.02734375
1 0.40703125 0.30546875 0.00859375 0.0265625
1 0.33125 0.28359375 0.00546875 0.0203125
1 0.77421875 0.425 0.0140625 0.05
1 0.66015625 0.3875 0.0125 0.04140625
1 0.59609375 0.36875 0.0125 0.0375
1 0.4875 0.33359375 0.01171875 0.03359375
1 0.63671875 0.33046875 0.03671875 0.06484375
1 0.3828125 0.29921875 0.00703125 0.02265625
1 0.34375 0.2875 0.00546875 0.02109375
1 0.30390625 0.27578125 0.00546875 0.01875
1 0.128125 0.3484375 0.00625 0.015625
1 0.12109375 0.3421875 0.00859375 0.02734375