1 0.77734375 0.42578125 0.015625 0.04921875
1 0.0828125 0.48828125 0.01640625 0.059375
1 0.4453125 0.31953125 0.0078125 0.0265625
1 0.40703125 0.30625 0.0078125 0.0265625
1 0.38359375 0.29765625 0.0078125 0.0265625
1 0.34453125 0.2859375 0.0078125 0.02109375
1 0.33203125 0.2828125 0.00625 0.02109375
1 0.09140625 0.475 0.009375 0.053125
1 0.29609375 0.2703125 0.00625 0.02109375
1 0.2765625 0.2640625 0.00546875 0.0171875
1 0.2703125 0.2625 0.00546875 0.0171875
1 0.1078125 0.30859375 0.00703125 0.02578125
1 0.11640625 0.32890625 0.00703125 0.028125
1 0.12109375 0.3421875 0.00703125 0.02578125
1 0.12578125 0.34609375 0.00625 0.0171875
4 0.79609375 0.5703125 0.22578125 0.1171875
1 0.3046875 0.27421875 0.00625 0.02109375
1 0.1296875 0.38515625 0.01796875 0.0609375
1 0.0875 0.48125 0.01171875 0.0578125
1 0.4875 0.33125 0.0078125 0.03203125
1 0.09609375 0.43359375 0.01484375 0.05234375
1 0.7046875 0.38984375 0.01015625 0.040625
1 0.59765625 0.36640625 0.0125 0.03828125
1 0.6609375 0.38671875 0.0125 0.0421875