4 0.3890625 0.42265625 0.075 0.07265625
4 0.16171875 0.2375 0.01171875 0.01328125
4 0.12421875 0.303125 0.02734375 0.03125
4 0.34765625 0.38046875 0.06328125 0.06328125
4 0.3015625 0.4375 0.06953125 0.07265625
4 0.353125 0.290625 0.0328125 0.0265625
1 0.3046875 0.27265625 0.00546875 0.01484375
1 0.775 0.42578125 0.01328125 0.05234375
1 0.66015625 0.3890625 0.0125 0.040625
1 0.596875 0.36875 0.01015625 0.03828125
1 0.48828125 0.3328125 0.0078125 0.0265625
1 0.4453125 0.32109375 0.00703125 0.025
1 0.40703125 0.30546875 0.00546875 0.025
1 0.38359375 0.3 0.00546875 0.02109375
1 0.33125 0.28359375 0.00625 0.0203125
1 0.0890625 0.4625 0.02734375 0.1125
1 0.1234375 0.35 0.01953125 0.04140625
1 0.6375 0.328125 0.04296875 0.06875
1 0.4546875 0.315625 0.00625 0.025
1 0.296875 0.271875 0.00390625 0.01484375