4 0.06171875 0.1390625 0.01875 0.01484375
4 0.2078125 0.15 0.01875 0.0234375
1 0.35234375 0.296875 0.0171875 0.05625
1 0.25703125 0.22265625 0.01171875 0.02890625
1 0.24296875 0.2140625 0.0109375 0.0328125
1 0.26875 0.18515625 0.0125 0.028125
1 0.0859375 0.2078125 0.01640625 0.05390625
1 0.1 0.2078125 0.0171875 0.053125
1 0.40078125 0.259375 0.0765625 0.14375
1 0.31328125 0.26875 0.01796875 0.04609375
1 0.203125 0.16484375 0.00703125 0.025
1 0.209375 0.17109375 0.00859375 0.028125
1 0.215625 0.17734375 0.00859375 0.028125
1 0.2234375 0.18828125 0.00859375 0.028125
1 0.23046875 0.2 0.00859375 0.028125
1 0.24921875 0.1765625 0.00859375 0.028125
4 0.1875 0.21015625 0.04140625 0.04375
4 0.20078125 0.2328125 0.04140625 0.05234375
4 0.21796875 0.2546875 0.03984375 0.05625
4 0.24765625 0.27578125 0.06953125 0.08359375
4 0.28203125 0.32421875 0.07734375 0.084375
4 0.08125 0.16328125 0.025 0.028125
4 0.6578125 0.25625 0.09375 0.05859375
4 0.1765625 0.33671875 0.0640625 0.08515625