4 0.55546875 0.253125 0.015625 0.02265625
4 0.5 0.2328125 0.0109375 0.01171875
4 0.51484375 0.2375 0.015625 0.01640625
4 0.5484375 0.23828125 0.01796875 0.01484375
4 0.0890625 0.88515625 0.17734375 0.225
4 0.3828125 0.7625 0.140625 0.2125
4 0.1234375 0.41015625 0.09375 0.06640625
4 0.4046875 0.36484375 0.05078125 0.05859375
4 0.58125 0.23828125 0.0140625 0.01875
4 0.60546875 0.23671875 0.015625 0.02265625
4 0.48671875 0.225 0.01171875 0.0125
4 0.4671875 0.2375 0.01640625 0.01640625
4 0.4890625 0.24296875 0.01640625 0.01875
4 0.01171875 0.34609375 0.0234375 0.0484375
4 0.5125 0.215625 0.01171875 0.0125
4 0.03984375 0.34921875 0.06171875 0.04375
4 0.565625 0.26328125 0.021875 0.0171875