4 0.075 0.6359375 0.15 0.178125
4 0.56875 0.20703125 0.00859375 0.0109375
4 0.465625 0.28046875 0.02734375 0.03203125
4 0.59921875 0.25625 0.0203125 0.0234375
4 0.39140625 0.32578125 0.03828125 0.03515625
4 0.56171875 0.23125 0.01328125 0.01484375
4 0.50859375 0.22109375 0.0125 0.01484375
4 0.61640625 0.23984375 0.01640625 0.01796875
4 0.609375 0.23359375 0.0203125 0.01640625
4 0.5671875 0.25859375 0.02421875 0.025
4 0.28828125 0.41328125 0.059375 0.07265625
4 0.6015625 0.22734375 0.0140625 0.0140625
4 0.58515625 0.2359375 0.01328125 0.0125
4 0.5796875 0.2296875 0.0140625 0.01484375