4 0.08671875 0.36015625 0.0625 0.0390625
4 0.6328125 0.31484375 0.03515625 0.04140625
4 0.5125 0.21953125 0.01015625 0.01171875
4 0.65859375 0.51015625 0.08125 0.08359375
4 0.46484375 0.240625 0.01640625 0.01796875
4 0.61484375 0.24296875 0.015625 0.0203125
4 0.5859375 0.2453125 0.01484375 0.01796875
4 0.56484375 0.26328125 0.021875 0.02265625
4 0.6046875 0.275 0.02421875 0.02890625
4 0.421875 0.33359375 0.0453125 0.0625
4 0.0265625 0.38828125 0.05234375 0.05390625
4 0.1296875 0.4125 0.09296875 0.0640625