4 0.62421875 0.609375 0.02421875 0.02734375
4 0.80390625 0.94453125 0.1078125 0.10625
4 0.96328125 0.72421875 0.07109375 0.04765625
4 0.528125 0.55859375 0.0140625 0.01484375
4 0.5515625 0.56015625 0.01328125 0.0125
4 0.578125 0.5953125 0.02109375 0.0234375
4 0.53984375 0.6140625 0.02890625 0.03359375
4 0.53828125 0.59140625 0.015625 0.01328125
4 0.4265625 0.94921875 0.10625 0.09765625
4 0.53359375 0.578125 0.01796875 0.01953125
4 0.52734375 0.56875 0.01328125 0.015625
4 0.57421875 0.57578125 0.01484375 0.01640625
4 0.56640625 0.58515625 0.0171875 0.0203125
4 0.66328125 0.73359375 0.059375 0.07109375
4 0.5796875 0.70234375 0.04296875 0.05
4 0.603125 0.64453125 0.0328125 0.03515625