4 0.5734375 0.2328125 0.0125 0.01484375
4 0.55859375 0.2203125 0.0109375 0.0125
4 0.38515625 0.3140625 0.0359375 0.03671875
4 0.50546875 0.23671875 0.01484375 0.015625
4 0.55390625 0.23046875 0.0125 0.01328125
4 0.690625 0.32578125 0.01640625 0.03984375
4 0.41328125 0.29765625 0.03046875 0.03671875
4 0.646875 0.28203125 0.02421875 0.03125
4 0.61796875 0.30546875 0.028125 0.03515625
4 0.0140625 0.34453125 0.028125 0.03515625
4 0.125 0.41015625 0.090625 0.06640625
4 0.5140625 0.21640625 0.01015625 0.01328125
4 0.59609375 0.2296875 0.0125 0.015625
4 0.5859375 0.22421875 0.0140625 0.01171875
4 0.509375 0.23046875 0.01484375 0.015625