4 0.5453125 0.62578125 0.02890625 0.03515625
4 0.62265625 0.67734375 0.04140625 0.04140625
4 0.90390625 0.7109375 0.10625 0.046875
4 0.4625 0.721875 0.0546875 0.0859375
4 0.44609375 0.8015625 0.06484375 0.08828125
4 0.5515625 0.5578125 0.0125 0.01328125
4 0.5703125 0.58671875 0.021875 0.021875
4 0.5796875 0.5671875 0.01328125 0.0171875
4 0.5453125 0.5515625 0.0125 0.0125
4 0.5609375 0.5765625 0.015625 0.01484375
4 0.52734375 0.55546875 0.01171875 0.0171875
4 0.584375 0.6109375 0.0234375 0.028125