0 0.6 0.23046875 0.02421875 0.03515625
4 0.684375 0.41484375 0.0625 0.075
4 0.0234375 0.99453125 0.046875 0.00625
4 0.31640625 0.90390625 0.18359375 0.1875
4 0.296875 0.5375 0.10234375 0.125
4 0.16796875 0.528125 0.1078125 0.11484375
4 0.8 0.43984375 0.07421875 0.05859375
4 0.5734375 0.23125 0.01171875 0.01484375
4 0.44765625 0.2625 0.0171875 0.02109375
4 0.13046875 0.4109375 0.09453125 0.06640625
4 0.05625 0.90546875 0.1125 0.18515625
4 0.55625 0.2328125 0.009375 0.01328125
4 0.60546875 0.2390625 0.01484375 0.01796875
4 0.1484375 0.7578125 0.17265625 0.19921875
4 0.03828125 0.39140625 0.0765625 0.05
4 0.08671875 0.36640625 0.07578125 0.0484375