4 0.3359375 0.19921875 0.06328125 0.04375
4 0.2921875 0.190625 0.040625 0.03984375
4 0.496875 0.2296875 0.07421875 0.03671875
4 0.3484375 0.24296875 0.0609375 0.05
4 0.4125 0.228125 0.08046875 0.05390625
4 0.41953125 0.271875 0.07734375 0.07109375
4 0.5203125 0.26015625 0.0890625 0.05546875
4 0.475 0.30703125 0.08203125 0.0734375
4 0.44140625 0.3703125 0.09453125 0.096875
4 0.54453125 0.35078125 0.0953125 0.084375
4 0.54765625 0.44453125 0.13359375 0.15859375
4 0.68046875 0.43828125 0.15078125 0.15234375
4 0.8390625 0.32578125 0.140625 0.059375
4 0.78828125 0.28671875 0.10234375 0.0578125
4 0.91640625 0.31796875 0.096875 0.071875
4 0.68515625 0.26953125 0.10546875 0.05625
4 0.25546875 0.1984375 0.04453125 0.03828125
4 0.14453125 0.17890625 0.03984375 0.0296875
3 0.096875 0.23828125 0.01171875 0.04609375
3 0.08359375 0.24921875 0.01484375 0.0390625
2 0.63984375 0.59140625 0.12109375 0.15390625