4 0.128125 0.23046875 0.0140625 0.0171875
4 0.1296875 0.18046875 0.01171875 0.0109375
4 0.31640625 0.67265625 0.125 0.20859375
4 0.21015625 0.49765625 0.08203125 0.08828125
4 0.56640625 0.2828125 0.04296875 0.059375
4 0.140625 0.40546875 0.06328125 0.07578125
3 0.54140625 0.365625 0.0140625 0.05625
4 0.5109375 0.20546875 0.0296875 0.01875
4 0.159375 0.20703125 0.009375 0.01484375
4 0.14921875 0.184375 0.0109375 0.0125
4 0.1671875 0.33671875 0.0390625 0.03671875
4 0.13125 0.215625 0.0171875 0.015625
4 0.115625 0.359375 0.034375 0.028125
4 0.5609375 0.24375 0.046875 0.0390625