4 0.97578125 0.34921875 0.04609375 0.034375
4 0.37109375 0.16875 0.05390625 0.03359375
4 0.77734375 0.29140625 0.12890625 0.06640625
0 0.340625 0.38203125 0.16484375 0.26875
4 0.13984375 0.16015625 0.04140625 0.01953125
4 0.328125 0.20234375 0.05703125 0.03671875
4 0.19140625 0.19140625 0.04296875 0.0375
4 0.4078125 0.22890625 0.08203125 0.0578125
4 0.5796875 0.24921875 0.0875 0.05546875
4 0.721875 0.48046875 0.16171875 0.14296875
4 0.14140625 0.1765625 0.0390625 0.02890625
4 0.503125 0.2328125 0.07890625 0.04921875
4 0.5078125 0.31328125 0.08984375 0.078125
4 0.56171875 0.4703125 0.1296875 0.1359375
4 0.59765625 0.3765625 0.10703125 0.0953125
4 0.91328125 0.31796875 0.13671875 0.07265625