4 0.940625 0.86953125 0.11640625 0.12265625
4 0.5359375 0.328125 0.090625 0.07890625
4 0.46484375 0.35234375 0.08515625 0.0828125
4 0.47421875 0.42890625 0.103125 0.11171875
4 0.28203125 0.190625 0.0515625 0.0375
4 0.33671875 0.19921875 0.06171875 0.04375
4 0.37109375 0.228125 0.071875 0.0421875
4 0.97734375 0.3515625 0.0421875 0.04140625
0 0.1703125 0.22109375 0.17578125 0.125
3 0.17734375 0.29921875 0.01875 0.06328125
3 0.12890625 0.546875 0.03984375 0.13125
4 0.715625 0.48359375 0.15390625 0.1328125
4 0.37734375 0.31015625 0.071875 0.07109375
4 0.275 0.16953125 0.05625 0.03125
4 0.63359375 0.38828125 0.11015625 0.1015625