4 0.3390625 0.19765625 0.05703125 0.03515625
4 0.434375 0.2828125 0.08828125 0.0796875
4 0.43671875 0.34609375 0.08046875 0.08515625
4 0.5234375 0.33203125 0.0921875 0.08046875
4 0.51171875 0.40859375 0.10703125 0.10859375
4 0.615625 0.38125 0.121875 0.11875
4 0.640625 0.50078125 0.15859375 0.15234375
4 0.3421875 0.4109375 0.08125 0.1046875
4 0.3609375 0.50078125 0.1109375 0.15859375
4 0.11640625 0.19375 0.05 0.04375
4 0.34375 0.1640625 0.05703125 0.0328125
4 0.32890625 0.21796875 0.065625 0.04375
4 0.36328125 0.29609375 0.071875 0.06875
4 0.134375 0.93046875 0.26875 0.13515625
4 0.5125 0.23515625 0.0765625 0.05
4 0.1171875 0.16171875 0.0234375 0.01953125
4 0.25859375 0.225 0.0484375 0.05
4 0.13828125 0.1671875 0.0328125 0.02421875
3 0.13515625 0.24609375 0.01328125 0.05546875
3 0.05234375 0.22890625 0.0125 0.04609375
3 0.08125 0.22890625 0.01171875 0.040625
3 0.125 0.25078125 0.01640625 0.05546875
3 0.10546875 0.2546875 0.02109375 0.04921875
3 0.09296875 0.25234375 0.015625 0.046875