4 0.19453125 0.19375 0.03671875 0.03359375
4 0.5765625 0.24765625 0.0859375 0.053125
4 0.3390625 0.20390625 0.0578125 0.0359375
4 0.28984375 0.19296875 0.0484375 0.0328125
4 0.12109375 0.1578125 0.02890625 0.0140625
4 0.1421875 0.1671875 0.0265625 0.02421875
4 0.503125 0.23515625 0.07578125 0.0453125
4 0.53125 0.47734375 0.13046875 0.12890625
4 0.11953125 0.1765625 0.0390625 0.03046875
4 0.37421875 0.16796875 0.034375 0.03203125
4 0.66484375 0.26484375 0.0921875 0.0578125
4 0.69609375 0.46640625 0.14453125 0.1375
3 0.146875 0.26796875 0.01875 0.06015625
3 0.17578125 0.3625 0.02109375 0.07890625