4 0.73359375 0.24609375 0.02890625 0.0234375
4 0.78671875 0.25390625 0.01875 0.01328125
4 0.753125 0.24765625 0.0171875 0.0234375
4 0.76875 0.253125 0.0109375 0.0125
4 0.66953125 0.25390625 0.0328125 0.015625
4 0.7328125 0.42890625 0.05390625 0.05546875
4 0.8609375 0.3671875 0.02890625 0.028125
4 0.828125 0.34296875 0.02265625 0.02265625
4 0.19453125 0.25390625 0.08203125 0.0375
4 0.071875 0.2375 0.1296875 0.05859375
4 0.40234375 0.228125 0.08515625 0.06015625
3 0.3875 0.54453125 0.01953125 0.07734375
4 0.809375 0.46328125 0.05703125 0.06015625
4 0.62734375 0.371875 0.0609375 0.03515625
4 0.9046875 0.31953125 0.03125 0.05234375
4 0.584375 0.24921875 0.03828125 0.02265625
4 0.45546875 0.26171875 0.0671875 0.03125
4 0.6109375 0.25859375 0.03984375 0.0171875
4 0.703125 0.253125 0.01640625 0.01328125
4 0.23203125 0.2671875 0.10078125 0.03359375
4 0.02421875 0.934375 0.0484375 0.12734375
4 0.49765625 0.89140625 0.2375 0.2125
4 0.7109375 0.57890625 0.08984375 0.09609375
4 0.775 0.39375 0.0375 0.034375
4 0.86875 0.3375 0.02109375 0.02265625
4 0.87109375 0.3171875 0.01171875 0.01796875
4 0.83125 0.334375 0.02109375 0.021875
4 0.83828125 0.3203125 0.01953125 0.02265625