4 0.14140625 0.246875 0.0140625 0.0234375
4 0.15 0.23984375 0.01640625 0.0171875
4 0.1234375 0.2390625 0.015625 0.01796875
4 0.13125 0.22265625 0.01171875 0.0171875
4 0.1359375 0.20625 0.01015625 0.01796875
4 0.1640625 0.20703125 0.0109375 0.01640625
4 0.14609375 0.415625 0.06171875 0.075
2 0.87890625 0.54453125 0.03984375 0.10625
4 0.47109375 0.65859375 0.14296875 0.14140625
4 0.1828125 0.46953125 0.07734375 0.090625
4 0.38671875 0.396875 0.06796875 0.06875
4 0.19921875 0.30859375 0.03671875 0.03359375
4 0.28515625 0.45390625 0.08828125 0.0875
4 0.665625 0.57109375 0.14609375 0.1
4 0.93515625 0.82265625 0.1265625 0.16640625
4 0.05078125 0.91796875 0.10078125 0.16015625
4 0.290625 0.659375 0.1375 0.17734375