4 0.10625 0.25546875 0.04296875 0.028125
4 0.05625 0.27578125 0.1125 0.03515625
4 0.01875 0.25703125 0.03671875 0.02734375
4 0.265625 0.27265625 0.05625 0.0375
4 0.36640625 0.2515625 0.0609375 0.02421875
4 0.33203125 0.94375 0.4171875 0.10859375
4 0.725 0.253125 0.04453125 0.0171875
4 0.75859375 0.2546875 0.01953125 0.01328125
4 0.76328125 0.23828125 0.01484375 0.0234375
4 0.59453125 0.225 0.0921875 0.06640625
4 0.6671875 0.23828125 0.0453125 0.0328125
4 0.43359375 0.25390625 0.0453125 0.0234375
4 0.7875 0.25078125 0.0140625 0.01015625
4 0.74609375 0.24140625 0.02265625 0.02578125
4 0.5109375 0.2453125 0.04375 0.04375
4 0.25859375 0.221875 0.25234375 0.10234375
4 0.87265625 0.31484375 0.01953125 0.05234375
4 0.83515625 0.32734375 0.01640625 0.01953125
4 0.8421875 0.31484375 0.0140625 0.02109375
4 0.8390625 0.30703125 0.0125 0.01328125
4 0.8421875 0.29375 0.00859375 0.0125
4 0.82265625 0.28828125 0.0109375 0.0140625
4 0.771875 0.25234375 0.009375 0.01328125
4 0.6703125 0.253125 0.02265625 0.0203125
4 0.79375 0.37421875 0.03203125 0.03515625
4 0.84140625 0.3984375 0.0375 0.03984375
4 0.13125 0.4328125 0.10546875 0.06953125