4 0.67109375 0.828125 0.27421875 0.31015625
4 0.15703125 0.25 0.02578125 0.040625
4 0.178125 0.31015625 0.02265625 0.0265625
4 0.18359375 0.3671875 0.0328125 0.04296875
4 0.140625 0.4171875 0.05078125 0.0609375
4 0.18671875 0.48515625 0.07109375 0.0859375
4 0.14765625 0.225 0.021875 0.0265625
4 0.1265625 0.2359375 0.0203125 0.01796875
4 0.2765625 0.64296875 0.1109375 0.15625
4 0.24140625 0.3953125 0.09140625 0.13203125
4 0.20859375 0.29765625 0.02578125 0.028125
0 0.38984375 0.40546875 0.16953125 0.15234375
4 0.34453125 0.5234375 0.096875 0.10234375
4 0.66796875 0.56640625 0.1375 0.1