4 0.36875 0.93984375 0.234375 0.11640625
4 0.1859375 0.759375 0.21875 0.18984375
4 0.5734375 0.49921875 0.09765625 0.11015625
4 0.71640625 0.44453125 0.06953125 0.08125
4 0.6078125 0.36015625 0.059375 0.06640625
0 0.684375 0.1421875 0.02890625 0.025
4 0.565625 0.13671875 0.0515625 0.04375
4 0.60703125 0.13515625 0.02109375 0.01796875
4 0.2515625 0.16328125 0.05546875 0.034375
4 0.175 0.15546875 0.07109375 0.02734375
4 0.51796875 0.15703125 0.03984375 0.02265625
4 0.39140625 0.1265625 0.1046875 0.06171875
4 0.77578125 0.24375 0.02265625 0.02421875
4 0.78046875 0.221875 0.01640625 0.021875
4 0.7421875 0.1953125 0.0125 0.0171875
4 0.7328125 0.18828125 0.01328125 0.015625
4 0.94765625 0.62265625 0.1015625 0.125
4 0.78359375 0.3109375 0.06953125 0.11953125
4 0.75234375 0.21640625 0.0171875 0.025
4 0.4359375 0.153125 0.0390625 0.0328125
4 0.3921875 0.16171875 0.05546875 0.0265625
4 0.315625 0.159375 0.07421875 0.0359375
4 0.259375 0.146875 0.0015625 0.00234375
4 0.73828125 0.24921875 0.02578125 0.02734375
4 0.6875 0.29140625 0.03671875 0.04140625
4 0.01875 0.353125 0.03671875 0.06875