4 0.4 0.57734375 0.1125 0.1234375
4 0.3375 0.5078125 0.0921875 0.09765625
4 0.26953125 0.4421875 0.06484375 0.07890625
4 0.13984375 0.225 0.01171875 0.01015625
4 0.2484375 0.6125 0.1109375 0.12578125
4 0.16015625 0.21953125 0.00859375 0.01484375
4 0.13046875 0.2125 0.0171875 0.025
4 0.1484375 0.19375 0.00703125 0.00859375
3 0.084375 0.54453125 0.01953125 0.0890625
3 0.06796875 0.47890625 0.02109375 0.06328125
3 0.05390625 0.4984375 0.01640625 0.0546875
2 0.35703125 0.34453125 0.01640625 0.04296875
2 0.48203125 0.3921875 0.0296875 0.06484375
0 0.18984375 0.45546875 0.146875 0.20625