4 0.8375 0.32890625 0.02109375 0.0234375
4 0.06875 0.25546875 0.1375 0.03984375
4 0.6125 0.540625 0.09375 0.08984375
4 0.8140625 0.46171875 0.05703125 0.059375
4 0.7453125 0.253125 0.02109375 0.0125
4 0.71171875 0.25390625 0.0328125 0.01484375
4 0.85234375 0.384375 0.03125 0.0359375
4 0.8734375 0.33984375 0.02265625 0.01953125
4 0.25234375 0.25703125 0.0640625 0.02734375
4 0.68984375 0.69140625 0.1546875 0.1875
4 0.21640625 0.94140625 0.25703125 0.1125
4 0.75078125 0.41484375 0.06171875 0.07109375
4 0.6375 0.25078125 0.03203125 0.01875