4 0.78984375 0.31015625 0.02265625 0.01640625
4 0.14609375 0.39609375 0.059375 0.02109375
4 0.8234375 0.28984375 0.01015625 0.0125
4 0.83046875 0.29296875 0.01171875 0.01015625
4 0.76484375 0.25234375 0.0140625 0.01328125
4 0.87421875 0.32421875 0.021875 0.01640625
4 0.0546875 0.26015625 0.05390625 0.02734375
4 0.8671875 0.31015625 0.00703125 0.0140625
4 0.515625 0.25625 0.03359375 0.02109375
4 0.69765625 0.25390625 0.01796875 0.0171875
4 0.75 0.2546875 0.01328125 0.015625
4 0.4265625 0.67578125 0.1578125 0.12734375
4 0.03359375 0.26796875 0.06640625 0.05625
4 0.29765625 0.259375 0.08984375 0.04453125
4 0.48046875 0.25234375 0.0578125 0.025
4 0.68046875 0.25234375 0.02890625 0.021875
4 0.73671875 0.253125 0.02421875 0.0171875
4 0.78046875 0.25 0.0140625 0.01171875
4 0.82890625 0.32734375 0.0390625 0.0578125
4 0.87265625 0.3375 0.02109375 0.025
4 0.1609375 0.228125 0.14921875 0.08984375