4 0.94921875 0.70390625 0.09921875 0.14609375
4 0.240625 0.76875 0.19140625 0.19140625
4 0.740625 0.32578125 0.0171875 0.01953125
4 0.1421875 0.25390625 0.05703125 0.0203125
4 0.63515625 0.24765625 0.015625 0.01640625
4 0.36796875 0.253125 0.03046875 0.02734375
3 0.28203125 0.54375 0.01875 0.07109375
4 0.6140625 0.2484375 0.01796875 0.01796875
4 0.3 0.25078125 0.03046875 0.0234375
4 0.765625 0.34453125 0.05078125 0.02421875
4 0.52890625 0.25078125 0.0328125 0.01875
4 0.43984375 0.22578125 0.115625 0.07734375
3 0.18125 0.55546875 0.01875 0.08515625
4 0.45 0.56953125 0.090625 0.08515625
3 0.196875 0.55546875 0.01875 0.08203125
4 0.60234375 0.65078125 0.128125 0.13984375