4 0.48046875 0.465625 0.08671875 0.0484375
4 0.96328125 0.68515625 0.0703125 0.09296875
4 0.8328125 0.49921875 0.0609375 0.07265625
4 0.92890625 0.3171875 0.00703125 0.01015625
4 0.940625 0.3140625 0.00625 0.00859375
4 0.92109375 0.31953125 0.00703125 0.0125
4 0.90625 0.31875 0.02421875 0.0390625
4 0.02578125 0.45 0.05078125 0.05234375
4 0.046875 0.4171875 0.06796875 0.02421875
4 0.06171875 0.40234375 0.05625 0.015625
4 0.11484375 0.42109375 0.08046875 0.0296875
1 0.43203125 0.60078125 0.0140625 0.01875
1 0.93359375 0.346875 0.02421875 0.03515625
4 0.59765625 0.51796875 0.06953125 0.06484375
4 0.98984375 0.45859375 0.01796875 0.0484375
1 0.878125 0.58984375 0.028125 0.0921875
4 0.115625 0.4484375 0.04921875 0.0328125
4 0.22890625 0.41953125 0.08203125 0.0375
4 0.203125 0.47109375 0.04921875 0.04609375
4 0.26875 0.4640625 0.09296875 0.0625
4 0.31875 0.47109375 0.0796875 0.05546875
4 0.35 0.45703125 0.071875 0.04765625
4 0.9703125 0.9078125 0.05703125 0.046875
4 0.0765625 0.44453125 0.06953125 0.040625
4 0.88671875 0.34296875 0.02265625 0.02734375
4 0.51953125 0.81328125 0.1703125 0.16484375
4 0.69140625 0.55703125 0.07421875 0.06875