4 0.6375 0.33515625 0.065625 0.07109375
4 0.66015625 0.45078125 0.08125 0.09375
4 0.7421875 0.296875 0.03828125 0.05234375
4 0.11796875 0.16484375 0.2359375 0.07109375
4 0.51015625 0.15859375 0.04296875 0.02109375
4 0.584375 0.15546875 0.01953125 0.01484375
4 0.76484375 0.25078125 0.0203125 0.0234375
4 0.928125 0.60703125 0.14140625 0.14765625
4 0.77734375 0.20703125 0.0109375 0.0140625
4 0.7796875 0.22734375 0.0171875 0.0203125
4 0.7484375 0.225 0.015625 0.01640625
4 0.7515625 0.2125 0.01171875 0.015625
4 0.75 0.20703125 0.0140625 0.0140625
4 0.74765625 0.19453125 0.01015625 0.0109375
4 0.65625 0.153125 0.01015625 0.0109375
4 0.6453125 0.15390625 0.01015625 0.01171875
4 0.634375 0.15390625 0.009375 0.01328125
4 0.6078125 0.1546875 0.02734375 0.01640625
4 0.271875 0.1671875 0.08828125 0.0328125