4 0.75859375 0.31328125 0.05703125 0.03359375
4 0.88671875 0.3453125 0.0578125 0.0515625
4 0.98046875 0.3625 0.0359375 0.04921875
4 0.91015625 0.3015625 0.0796875 0.03515625
4 0.1921875 0.61640625 0.10390625 0.15
4 0.22265625 0.25625 0.0484375 0.02890625
4 0.57890625 0.2546875 0.03203125 0.03125
4 0.253125 0.2421875 0.015625 0.01875
4 0.29296875 0.2546875 0.0234375 0.01953125
4 0.31171875 0.2609375 0.03515625 0.021875
4 0.325 0.259375 0.03515625 0.01953125
4 0.353125 0.265625 0.0203125 0.03125
4 0.37265625 0.26640625 0.03828125 0.0296875
4 0.403125 0.271875 0.0375 0.02890625
4 0.44453125 0.27265625 0.0578125 0.0375
4 0.509375 0.2515625 0.04140625 0.02578125
4 0.47890625 0.253125 0.0296875 0.02421875
4 0.45703125 0.24609375 0.0375 0.0234375
4 0.425 0.25 0.02890625 0.01640625
4 0.4 0.24921875 0.021875 0.01484375
4 0.3828125 0.2453125 0.0265625 0.01484375
4 0.54765625 0.2953125 0.065625 0.03515625
4 0.60625 0.2984375 0.0578125 0.03203125
4 0.634375 0.30078125 0.046875 0.0265625
4 0.6609375 0.309375 0.04453125 0.0265625
4 0.7078125 0.31953125 0.05234375 0.046875
4 0.796875 0.321875 0.05546875 0.02890625
4 0.84296875 0.325 0.0640625 0.03515625
4 0.9421875 0.353125 0.06484375 0.04609375
3 0.86171875 0.30703125 0.00859375 0.02109375