4 0.93671875 0.35 0.04453125 0.046875
4 0.6 0.29765625 0.0421875 0.03515625
4 0.70625 0.3140625 0.0640625 0.0453125
4 0.5484375 0.2953125 0.06640625 0.0328125
4 0.40859375 0.26953125 0.0453125 0.02890625
4 0.64453125 0.29765625 0.0625 0.034375
4 0.834375 0.33359375 0.05546875 0.04921875
4 0.31640625 0.2609375 0.04296875 0.021875
4 0.3578125 0.26328125 0.0375 0.0296875
4 0.446875 0.27421875 0.05390625 0.03671875
4 0.45390625 0.24609375 0.034375 0.02734375
4 0.48046875 0.25 0.03359375 0.028125
4 0.79609375 0.321875 0.053125 0.03046875
4 0.759375 0.3125 0.05703125 0.03515625
4 0.98046875 0.3578125 0.03671875 0.0453125
4 0.315625 0.52109375 0.08828125 0.1375