4 0.8765625 0.29375 0.01640625 0.01015625
4 0.021875 0.25234375 0.04375 0.04140625
4 0.86640625 0.3109375 0.00859375 0.01171875
4 0.83125 0.28203125 0.0109375 0.0125
4 0.825 0.2890625 0.0109375 0.01171875
4 0.83359375 0.29609375 0.0109375 0.01328125
4 0.83828125 0.3015625 0.0125 0.0140625
4 0.840625 0.30859375 0.01171875 0.01484375
4 0.8328125 0.33515625 0.01953125 0.02265625
4 0.71640625 0.253125 0.01875 0.01328125
4 0.14921875 0.26953125 0.11953125 0.0515625
4 0.48515625 0.253125 0.05234375 0.03203125
4 0.58984375 0.58828125 0.10546875 0.08984375
4 0.6875 0.70234375 0.128125 0.1625
4 0.61953125 0.22890625 0.10546875 0.071875
4 0.821875 0.35234375 0.0265625 0.02890625
4 0.8578125 0.36484375 0.02890625 0.03359375
4 0.77421875 0.390625 0.0421875 0.0484375
4 0.71640625 0.4390625 0.05078125 0.04921875
4 0.5578125 0.25703125 0.0421875 0.0265625
4 0.7640625 0.2421875 0.01484375 0.0265625
4 0.78984375 0.25 0.01328125 0.01171875
4 0.7765625 0.2515625 0.01328125 0.0109375
4 0.7484375 0.25078125 0.0140625 0.01328125
0 0.90234375 0.32109375 0.03203125 0.040625