4 0.728125 0.25234375 0.0171875 0.01328125
4 0.453125 0.23984375 0.07421875 0.04609375
4 0.090625 0.25859375 0.08515625 0.0375
4 0.50703125 0.24921875 0.04921875 0.02734375
4 0.703125 0.24921875 0.021875 0.01484375
4 0.7515625 0.25078125 0.02734375 0.01484375
4 0.64140625 0.37734375 0.02421875 0.0203125
4 0.65703125 0.2546875 0.03515625 0.01484375
4 0.59765625 0.253125 0.0421875 0.0234375
4 0.24453125 0.25 0.059375 0.02890625
4 0.021875 0.25703125 0.04375 0.0375
4 0.3453125 0.25546875 0.059375 0.02734375