4 0.2421875 0.8125 0.1890625 0.18203125
4 0.4671875 0.23046875 0.07421875 0.0671875
4 0.2015625 0.2578125 0.0546875 0.04296875
4 0.61875 0.24296875 0.03515625 0.02265625
4 0.7046875 0.3328125 0.0265625 0.0296875
4 0.74375 0.3171875 0.025 0.0203125
4 0.66015625 0.37265625 0.0296875 0.03359375
4 0.575 0.50390625 0.084375 0.08359375
4 0.7484375 0.3015625 0.01328125 0.01953125
4 0.71875 0.31875 0.01953125 0.02578125
4 0.71953125 0.3703125 0.03203125 0.0359375
4 0.5515625 0.24765625 0.0296875 0.02109375
4 0.66796875 0.55 0.07265625 0.075
4 0.9828125 0.65859375 0.03125 0.05859375
4 0.99453125 0.71328125 0.00859375 0.03984375
0 0.7546875 0.409375 0.08203125 0.11484375
0 0.384375 0.815625 0.52734375 0.36484375