4 0.9453125 0.62890625 0.10625 0.06640625
4 0.31953125 0.2546875 0.06796875 0.034375
4 0.3578125 0.25 0.04765625 0.03515625
4 0.56640625 0.2328125 0.02109375 0.01875
4 0.746875 0.31953125 0.0171875 0.03515625
4 0.71875 0.31484375 0.0140625 0.01640625
4 0.0203125 0.2296875 0.040625 0.08125
4 0.49609375 0.24921875 0.03671875 0.028125
3 0.80390625 0.48359375 0.0140625 0.05390625
0 0.75546875 0.403125 0.07421875 0.10625
4 0.9203125 0.70859375 0.15625 0.15625
4 0.1421875 0.23828125 0.284375 0.10234375