3 0.984375 0.45703125 0.01171875 0.0453125
4 0.9546875 0.85078125 0.08828125 0.11640625
4 0.96484375 0.7609375 0.0671875 0.084375
4 0.92578125 0.33515625 0.0125 0.01640625
4 0.965625 0.9171875 0.06640625 0.02890625
4 0.4609375 0.43828125 0.06953125 0.053125
4 0.91328125 0.3359375 0.01171875 0.01328125
4 0.85 0.33046875 0.02421875 0.021875
4 0.034375 0.44453125 0.06796875 0.0375
4 0.07734375 0.44921875 0.07421875 0.03125
4 0.1390625 0.45078125 0.07421875 0.03046875
4 0.23125 0.45703125 0.07265625 0.03984375
4 0.28203125 0.46640625 0.0953125 0.06015625
4 0.3328125 0.4796875 0.0765625 0.04453125
4 0.98671875 0.5265625 0.0234375 0.0734375
4 0.990625 0.64140625 0.015625 0.0265625
4 0.9890625 0.65546875 0.01875 0.009375
4 0.98125 0.6671875 0.03515625 0.01953125
4 0.97265625 0.70546875 0.05234375 0.06796875
1 0.94921875 0.3546875 0.01875 0.02421875
1 0.93203125 0.35390625 0.0046875 0.01953125
1 0.93671875 0.353125 0.0046875 0.01953125
1 0.96015625 0.3609375 0.0046875 0.02421875
1 0.96328125 0.353125 0.0046875 0.02421875