4 0.14921875 0.27109375 0.13046875 0.05078125
4 0.090625 0.2703125 0.04375 0.04921875
4 0.41484375 0.26171875 0.07265625 0.03203125
4 0.3671875 0.221875 0.18359375 0.084375
4 0.62734375 0.253125 0.0265625 0.021875
4 0.85546875 0.36796875 0.03125 0.03203125
4 0.10390625 0.45078125 0.09375 0.08515625
4 0.15546875 0.20859375 0.3109375 0.14609375
4 0.60546875 0.2546875 0.0359375 0.02265625
4 0.8671875 0.33046875 0.025 0.03515625
4 0.690625 0.25390625 0.02734375 0.0171875
4 0.70859375 0.253125 0.009375 0.01796875
4 0.74140625 0.25390625 0.015625 0.0140625
4 0.7609375 0.25234375 0.01171875 0.0109375
4 0.56015625 0.24375 0.02265625 0.02109375
4 0.64453125 0.23359375 0.03828125 0.03359375
4 0.690625 0.23515625 0.03828125 0.02421875
4 0.6140625 0.23828125 0.0203125 0.0140625
4 0.728125 0.25234375 0.01953125 0.01640625
4 0.67109375 0.25390625 0.02109375 0.01640625
4 0.8953125 0.32421875 0.015625 0.01875
4 0.82890625 0.41953125 0.04375 0.04765625
0 0.49765625 0.2390625 0.04609375 0.03125
0 0.82578125 0.33359375 0.04921875 0.05390625