4 0.6984375 0.36875 0.05546875 0.04609375
4 0.79140625 0.359375 0.03125 0.01796875
4 0.9078125 0.39609375 0.04375 0.0359375
4 0.39140625 0.33125 0.04453125 0.025
4 0.63046875 0.321875 0.02578125 0.02265625
4 0.703125 0.328125 0.0265625 0.02578125
4 0.8609375 0.38671875 0.04296875 0.0265625
4 0.82578125 0.38359375 0.04765625 0.03125
4 0.66015625 0.32734375 0.034375 0.02890625
4 0.528125 0.33828125 0.034375 0.0265625
4 0.61015625 0.34609375 0.06953125 0.0359375
4 0.5578125 0.3453125 0.04921875 0.02890625
4 0.6625 0.36875 0.06015625 0.03828125
4 0.75546875 0.378125 0.06640625 0.03828125