4 0.9109375 0.328125 0.015625 0.01953125
4 0.26875 0.46328125 0.09453125 0.0640625
4 0.3125 0.46953125 0.096875 0.05546875
4 0.37109375 0.4625 0.0328125 0.0328125
4 0.85625 0.3859375 0.0328125 0.0328125
4 0.871875 0.36015625 0.02734375 0.03046875
4 0.87890625 0.34140625 0.01875 0.02109375
4 0.8921875 0.3375 0.01953125 0.021875
4 0.89921875 0.325 0.0109375 0.01953125
4 0.88203125 0.325 0.0109375 0.01015625
4 0.2046875 0.4671875 0.0546875 0.0453125
4 0.7234375 0.465625 0.053125 0.05234375
4 0.85 0.42421875 0.04609375 0.05078125
1 0.07734375 0.58359375 0.028125 0.04140625
1 0.44140625 0.584375 0.03984375 0.03984375
1 0.8796875 0.56640625 0.028125 0.040625
1 0.934375 0.34921875 0.01953125 0.02734375
4 0.16171875 0.4546875 0.065625 0.053125
4 0.1171875 0.446875 0.04921875 0.03359375
4 0.08359375 0.4234375 0.06328125 0.028125
4 0.06640625 0.44296875 0.06796875 0.03984375
4 0.02578125 0.44453125 0.05078125 0.05234375
4 0.0546875 0.86328125 0.109375 0.19765625
4 0.128125 0.39609375 0.10625 0.06640625