4 0.37890625 0.4 0.07421875 0.0515625
4 0.0875 0.5953125 0.08671875 0.1
4 0.32578125 0.39296875 0.05703125 0.040625
4 0.65859375 0.47890625 0.1078125 0.06640625
1 0.5734375 0.6109375 0.0234375 0.0765625
1 0.56796875 0.59453125 0.01953125 0.07109375
1 0.56328125 0.5765625 0.015625 0.0671875
1 0.54609375 0.57265625 0.01875 0.0703125
1 0.5328125 0.584375 0.01875 0.071875
1 0.2 0.42109375 0.0140625 0.03359375
1 0.47578125 0.57734375 0.03125 0.02109375
1 0.08828125 0.384375 0.00859375 0.0359375
1 0.16015625 0.4046875 0.01328125 0.0328125
1 0.3375 0.48515625 0.0125 0.046875
1 0.51640625 0.55546875 0.01875 0.065625
0 0.19765625 0.5296875 0.2 0.225
4 0.771875 0.503125 0.13359375 0.0859375
4 0.35390625 0.55390625 0.10546875 0.08984375
4 0.14765625 0.66484375 0.11796875 0.15390625