4 0.21484375 0.259375 0.04296875 0.0203125
4 0.53671875 0.29609375 0.0421875 0.0359375
4 0.5796875 0.29453125 0.0671875 0.04140625
4 0.6140625 0.3 0.05859375 0.03828125
4 0.6515625 0.30390625 0.05625 0.03984375
4 0.6625 0.27890625 0.0375 0.034375
4 0.7265625 0.28671875 0.0328125 0.0375
4 0.771875 0.284375 0.06484375 0.040625
4 0.340625 0.56875 0.10078125 0.1453125
4 0.6453125 0.93515625 0.3421875 0.125
4 0.328125 0.2609375 0.05546875 0.034375
4 0.3328125 0.47890625 0.0859375 0.08359375
4 0.2859375 0.2546875 0.0375 0.021875
4 0.459375 0.2796875 0.05859375 0.03203125
4 0.90390625 0.3 0.08125 0.03828125
4 0.85 0.328125 0.05 0.03671875
4 0.95078125 0.3515625 0.06640625 0.0484375
4 0.98046875 0.359375 0.0359375 0.0421875
4 0.42421875 0.28125 0.01328125 0.02421875
4 0.4203125 0.26796875 0.04140625 0.03515625
4 0.38671875 0.265625 0.025 0.02421875
4 0.45234375 0.24609375 0.02890625 0.02265625
4 0.4703125 0.2546875 0.0140625 0.01640625