4 0.93984375 0.35859375 0.06328125 0.046875
4 0.1921875 0.30078125 0.05 0.03515625
4 0.3359375 0.32734375 0.05390625 0.04609375
4 0.38125 0.375 0.05390625 0.05859375
4 0.26171875 0.82265625 0.171875 0.225
4 0.66328125 0.60234375 0.465625 0.34140625
4 0.34765625 0.45078125 0.08125 0.10625
4 0.9796875 0.365625 0.0375 0.0453125
4 0.8875 0.35 0.05234375 0.046875
4 0.84296875 0.32890625 0.0671875 0.03828125
4 0.79609375 0.32890625 0.05390625 0.03125
4 0.7953125 0.303125 0.02421875 0.01796875
4 0.74765625 0.31640625 0.0828125 0.06015625
4 0.6609375 0.3109375 0.03984375 0.03046875
4 0.615625 0.30625 0.0640625 0.03359375
4 0.5484375 0.3 0.06640625 0.0328125
4 0.5828125 0.28515625 0.0484375 0.0359375
4 0.575 0.2515625 0.01875 0.02265625
4 0.46484375 0.26875 0.08515625 0.07578125
4 0.409375 0.27265625 0.028125 0.02421875
4 0.415625 0.25078125 0.04375 0.0171875
4 0.39296875 0.25 0.025 0.0203125
4 0.4296875 0.24375 0.03046875 0.01484375
4 0.38125 0.2734375 0.03515625 0.02890625
4 0.36484375 0.2671875 0.05078125 0.028125
4 0.325 0.259375 0.03359375 0.0171875
4 0.2421875 0.2625 0.05234375 0.021875
4 0.22265625 0.2578125 0.0296875 0.02734375