4 0.53203125 0.3421875 0.0328125 0.02890625
4 0.55625 0.3203125 0.0171875 0.02265625
4 0.56875 0.32109375 0.02265625 0.01328125
4 0.5890625 0.32265625 0.02421875 0.01640625
4 0.6046875 0.32578125 0.03203125 0.01796875
4 0.63984375 0.31953125 0.0359375 0.0171875
4 0.66015625 0.32421875 0.0234375 0.02109375
4 0.6796875 0.33046875 0.03203125 0.03125
4 0.70546875 0.33203125 0.02578125 0.03671875
4 0.56015625 0.34296875 0.03359375 0.02734375
4 0.57109375 0.3515625 0.034375 0.03671875
4 0.63359375 0.35078125 0.0828125 0.04140625
4 0.91171875 0.396875 0.05234375 0.040625
4 0.69296875 0.37109375 0.0484375 0.03515625
4 0.73359375 0.3703125 0.0640625 0.03984375
4 0.86484375 0.390625 0.0578125 0.03125
4 0.17890625 0.33046875 0.03046875 0.021875
4 0.953125 0.40078125 0.09140625 0.0671875
4 0.146875 0.32578125 0.0234375 0.02109375
4 0.0921875 0.4296875 0.059375 0.06015625
4 0.24765625 0.33125 0.0328125 0.02890625
4 0.76484375 0.3390625 0.03046875 0.02890625
4 0.75703125 0.37421875 0.05546875 0.0375
4 0.7984375 0.375 0.08046875 0.03515625
4 0.8265625 0.38359375 0.04765625 0.0296875
3 0.9453125 0.35546875 0.01171875 0.0375
3 0.41015625 0.3625 0.01171875 0.02890625
4 0.3453125 0.81015625 0.128125 0.2125
4 0.54140625 0.69140625 0.1390625 0.15
4 0.459375 0.53984375 0.08359375 0.1
4 0.38671875 0.32890625 0.046875 0.025
4 0.475 0.33828125 0.04921875 0.025
4 0.5046875 0.33359375 0.0359375 0.01328125