4 0.9359375 0.315625 0.009375 0.0109375
4 0.85859375 0.3265625 0.015625 0.01171875
4 0.14296875 0.44375 0.0640625 0.0296875
4 0.18125 0.45 0.06171875 0.02578125
4 0.22265625 0.46875 0.06015625 0.04609375
4 0.28203125 0.4609375 0.0953125 0.059375
4 0.33125 0.475 0.0765625 0.04375
4 0.415625 0.45859375 0.09140625 0.03515625
4 0.96328125 0.8671875 0.07109375 0.1234375
4 0.9625 0.7390625 0.071875 0.10390625
4 0.890625 0.3265625 0.01171875 0.01953125
4 0.6859375 0.44609375 0.05703125 0.05390625
4 0.6046875 0.64375 0.12890625 0.10390625
4 0.9078125 0.321875 0.02578125 0.0390625
4 0.9328125 0.32265625 0.00625 0.01484375
4 0.91796875 0.3125 0.02421875 0.04765625
4 0.09453125 0.4265625 0.08125 0.0328125
4 0.18125 0.42734375 0.08984375 0.0359375
4 0.03828125 0.4484375 0.0609375 0.04375
4 0.078125 0.44375 0.07734375 0.03125
1 0.93359375 0.3453125 0.00625 0.021875
1 0.93828125 0.34609375 0.00625 0.021875
1 0.94765625 0.35078125 0.01796875 0.02734375