4 0.59296875 0.25234375 0.0546875 0.05859375
4 0.8859375 0.3515625 0.05234375 0.04453125
4 0.9078125 0.31875 0.08203125 0.04296875
4 0.840625 0.334375 0.06640625 0.04921875
4 0.8 0.321875 0.0578125 0.0375
4 0.7140625 0.31875 0.075 0.046875
4 0.66640625 0.3109375 0.028125 0.025
4 0.6390625 0.3078125 0.0515625 0.02890625
4 0.61640625 0.30546875 0.0390625 0.02421875
4 0.60390625 0.29765625 0.04921875 0.03125
4 0.41171875 0.25625 0.0328125 0.01171875
4 0.5703125 0.29765625 0.03203125 0.03203125
4 0.934375 0.359375 0.05625 0.0421875
4 0.50546875 0.31796875 0.09375 0.09453125
4 0.4265625 0.31640625 0.05703125 0.0390625
4 0.36640625 0.3 0.06015625 0.0421875
4 0.9203125 0.84609375 0.15625 0.17109375
4 0.47265625 0.2578125 0.0421875 0.0203125
4 0.45703125 0.24765625 0.0390625 0.01953125
4 0.31640625 0.2625 0.046875 0.01875
4 0.2703125 0.284375 0.0484375 0.03515625
4 0.43515625 0.26796875 0.03828125 0.0203125
4 0.44453125 0.2796875 0.053125 0.03046875
4 0.40078125 0.2765625 0.03203125 0.0296875
4 0.378125 0.2703125 0.025 0.01875
4 0.35703125 0.26328125 0.0234375 0.0140625
4 0.328125 0.27421875 0.02578125 0.02109375
4 0.08046875 0.26171875 0.0359375 0.0171875
4 0.2 0.27421875 0.03515625 0.02578125
4 0.0734375 0.43515625 0.0734375 0.0734375
3 0.884375 0.509375 0.02421875 0.08515625
4 0.5703125 0.36875 0.0640625 0.08203125
4 0.9796875 0.365625 0.03828125 0.0421875