4 0.20546875 0.46640625 0.0546875 0.046875
4 0.06328125 0.44609375 0.0671875 0.03828125
4 0.0921875 0.41796875 0.0875 0.03125
4 0.84765625 0.32890625 0.01875 0.025
4 0.76171875 0.43125 0.0453125 0.04140625
4 0.11796875 0.4453125 0.0484375 0.0328125
4 0.16328125 0.4453125 0.0640625 0.03359375
4 0.9 0.32734375 0.015625 0.02109375
4 0.87890625 0.34453125 0.0171875 0.02578125
4 0.47890625 0.42109375 0.03203125 0.03984375
4 0.37265625 0.46171875 0.02890625 0.03515625
4 0.3125 0.46875 0.09765625 0.05
4 0.03125 0.4484375 0.04296875 0.04375
4 0.87578125 0.32578125 0.0125 0.01171875
4 0.23125 0.41875 0.08671875 0.03984375
4 0.26953125 0.4609375 0.0953125 0.06171875
3 0.7375 0.965625 0.0453125 0.06484375
3 0.86171875 0.9 0.0453125 0.06484375
3 0.8859375 0.88203125 0.04140625 0.1015625
3 0.87890625 0.78125 0.03359375 0.1078125
3 0.81796875 0.90859375 0.05234375 0.15390625
1 0.9234375 0.3390625 0.00546875 0.02265625
1 0.91640625 0.3375 0.00546875 0.0203125
1 0.91875 0.3453125 0.00546875 0.02265625
1 0.8796875 0.58984375 0.0296875 0.096875
1 0.934375 0.35078125 0.01484375 0.02109375
0 0.7359375 0.64375 0.221875 0.26640625
1 0.07421875 0.58359375 0.0234375 0.03828125
1 0.44296875 0.5859375 0.03671875 0.040625