4 0.66953125 0.31484375 0.053125 0.03359375
4 0.5546875 0.2984375 0.0625 0.03515625
4 0.509375 0.28984375 0.0375 0.0375
4 0.59453125 0.2625 0.0125 0.02734375
4 0.51015625 0.253125 0.03828125 0.025
4 0.46640625 0.24765625 0.05 0.02734375
4 0.42578125 0.2515625 0.0296875 0.02109375
3 0.89453125 0.51015625 0.03671875 0.0875
2 0.903125 0.578125 0.06796875 0.08984375
4 0.634375 0.30546875 0.04921875 0.02578125
4 0.4328125 0.27109375 0.0640625 0.0359375
4 0.384375 0.265625 0.0296875 0.03203125
4 0.353125 0.2671875 0.02421875 0.02890625
4 0.32734375 0.25625 0.03046875 0.01875
4 0.01484375 0.25078125 0.02421875 0.02109375
4 0.00625 0.25859375 0.0125 0.02265625
4 0.4390625 0.69296875 0.20703125 0.21875
4 0.44140625 0.325 0.05703125 0.04609375
4 0.18359375 0.27265625 0.04296875 0.025
4 0.0703125 0.26015625 0.02421875 0.025
4 0.92734375 0.32890625 0.0875 0.053125
4 0.9 0.35 0.071875 0.04921875
4 0.84921875 0.32421875 0.06484375 0.03671875
4 0.7515625 0.31484375 0.0859375 0.0546875
4 0.7109375 0.315625 0.040625 0.03671875