4 0.73203125 0.54609375 0.1203125 0.1390625
4 0.03515625 0.8453125 0.0703125 0.15
4 0.75 0.29296875 0.03984375 0.0359375
1 0.03984375 0.49375 0.0171875 0.05390625
1 0.21171875 0.43515625 0.0140625 0.05390625
1 0.33984375 0.39375 0.0140625 0.04609375
4 0.38671875 0.42265625 0.078125 0.07109375
4 0.64375 0.67265625 0.159375 0.16328125
4 0.915625 0.35 0.03828125 0.04609375
4 0.44609375 0.86875 0.25546875 0.25390625
4 0.77734375 0.275 0.02734375 0.0296875
4 0.8328125 0.4328125 0.07421875 0.08515625
4 0.80390625 0.4875 0.06875 0.08359375