4 0.04609375 0.271875 0.0328125 0.03125
4 0.24765625 0.28359375 0.05703125 0.0375
4 0.3546875 0.57890625 0.11796875 0.13359375
4 0.19140625 0.56640625 0.090625 0.125
4 0.05703125 0.37578125 0.08359375 0.07734375
4 0.31015625 0.3828125 0.05390625 0.04375
4 0.30390625 0.34609375 0.04921875 0.05234375
4 0.275 0.33046875 0.04296875 0.0515625
4 0.2125 0.3015625 0.053125 0.03984375
4 0.18671875 0.290625 0.03125 0.03203125
4 0.21953125 0.25390625 0.0453125 0.0265625
4 0.29375 0.25078125 0.04296875 0.02109375
4 0.353125 0.26640625 0.02578125 0.0265625
4 0.325 0.259375 0.0390625 0.01796875
4 0.38359375 0.265625 0.02734375 0.0328125
4 0.43203125 0.27265625 0.065625 0.03828125
4 0.425 0.25078125 0.0296875 0.02265625
4 0.465625 0.2484375 0.04921875 0.02890625
4 0.50703125 0.253125 0.03125 0.0265625
4 0.51015625 0.290625 0.0375 0.040625
4 0.553125 0.296875 0.0640625 0.03125
4 0.59453125 0.2625 0.0125 0.0296875
4 0.6328125 0.30546875 0.04296875 0.025
4 0.66875 0.31796875 0.0546875 0.0375
4 0.75078125 0.31484375 0.0828125 0.053125
4 0.7078125 0.3140625 0.03515625 0.034375
4 0.84765625 0.3234375 0.05546875 0.0421875
4 0.903125 0.35078125 0.0640625 0.04921875
4 0.2921875 0.43984375 0.08671875 0.09140625
3 0.21875 0.32265625 0.01015625 0.0421875
3 0.07421875 0.27734375 0.00859375 0.0296875