4 0.034375 0.44375 0.06796875 0.05234375
4 0.04375 0.42421875 0.06953125 0.0453125
4 0.18125 0.42734375 0.06484375 0.034375
4 0.2109375 0.46796875 0.06171875 0.046875
4 0.26015625 0.4171875 0.03125 0.03828125
4 0.26953125 0.46328125 0.09453125 0.0609375
4 0.3125 0.46640625 0.09609375 0.05625
4 0.990625 0.45859375 0.015625 0.04765625
4 0.9140625 0.32734375 0.0078125 0.01640625
4 0.9046875 0.328125 0.0125 0.021875
4 0.8890625 0.328125 0.01953125 0.0265625
4 0.884375 0.3390625 0.02109375 0.021875
1 0.9546875 0.35078125 0.0078125 0.025
1 0.91875 0.34453125 0.00625 0.02734375
1 0.44453125 0.58671875 0.03671875 0.04375
1 0.93359375 0.346875 0.02421875 0.03515625
1 0.07734375 0.58359375 0.028125 0.03984375
1 0.8796875 0.59140625 0.02734375 0.090625
4 0.878125 0.353125 0.0203125 0.0234375
4 0.87109375 0.36171875 0.02734375 0.03125
4 0.85078125 0.3328125 0.01953125 0.0265625
4 0.11796875 0.4453125 0.05078125 0.03203125
4 0.16171875 0.44453125 0.0609375 0.0375