4 0.7546875 0.3125 0.0515625 0.03125
4 0.7734375 0.28359375 0.06015625 0.03671875
4 0.79921875 0.325 0.05390625 0.03203125
4 0.84296875 0.328125 0.06015625 0.03828125
4 0.89921875 0.35078125 0.0515625 0.04296875
4 0.94765625 0.35390625 0.065625 0.0484375
4 0.98125 0.36015625 0.03515625 0.05
4 0.8765625 0.29921875 0.0296875 0.03125
4 0.0640625 0.25859375 0.0296875 0.02265625
4 0.24765625 0.60625 0.10078125 0.1375
4 0.52734375 0.25546875 0.01015625 0.021875
4 0.50625 0.25390625 0.0359375 0.0234375
4 0.48046875 0.25234375 0.0328125 0.02421875
4 0.45703125 0.240625 0.03515625 0.015625
4 0.4171875 0.2484375 0.0421875 0.01875
4 0.3546875 0.259375 0.0328125 0.02109375
4 0.33125 0.25703125 0.021875 0.01484375
4 0.01015625 0.259375 0.01953125 0.02734375
4 0.575 0.25078125 0.03046875 0.0375
4 0.4078125 0.271875 0.0421875 0.02578125
4 0.43984375 0.26171875 0.02734375 0.01484375
4 0.4390625 0.278125 0.06640625 0.03125
4 0.53984375 0.2921875 0.05234375 0.0328125
4 0.58359375 0.29296875 0.07421875 0.0421875
4 0.60625 0.2984375 0.05234375 0.028125
4 0.63984375 0.3046875 0.0359375 0.0265625
4 0.6609375 0.27578125 0.0328125 0.0328125
4 0.66640625 0.31484375 0.053125 0.0390625