4 0.97578125 0.47734375 0.0453125 0.05
4 0.55703125 0.38203125 0.01796875 0.02109375
4 0.54296875 0.37890625 0.01796875 0.01953125
4 0.5203125 0.3734375 0.03828125 0.028125
4 0.490625 0.37734375 0.02265625 0.0203125
4 0.47734375 0.4 0.0421875 0.02734375
4 0.4484375 0.39453125 0.0515625 0.0359375
4 0.58203125 0.375 0.028125 0.0234375
4 0.8390625 0.44765625 0.0578125 0.03671875
4 0.36484375 0.38671875 0.0421875 0.02265625
4 0.3375 0.38125 0.021875 0.0171875
4 0.4171875 0.390625 0.0375 0.028125
4 0.41015625 0.62734375 0.0921875 0.10859375
4 0.79296875 0.44609375 0.0515625 0.0390625
4 0.7484375 0.43671875 0.05 0.0375
4 0.65546875 0.4265625 0.0734375 0.0375
4 0.58671875 0.415625 0.05 0.03984375
4 0.58359375 0.38203125 0.021875 0.02109375
4 0.93515625 0.45625 0.06953125 0.03671875