4 0.915625 0.32734375 0.0171875 0.0171875
4 0.521875 0.46484375 0.1 0.0640625
4 0.33203125 0.475 0.07734375 0.04296875
4 0.28125 0.4625 0.09296875 0.059375
4 0.22109375 0.46640625 0.05703125 0.05078125
4 0.17421875 0.44921875 0.04609375 0.02578125
4 0.14140625 0.44296875 0.06328125 0.03046875
3 0.53671875 0.50078125 0.01328125 0.05234375
3 0.48359375 0.41015625 0.0109375 0.04609375
1 0.9484375 0.35078125 0.01875 0.02734375
4 0.09296875 0.4234375 0.0890625 0.03359375
4 0.0765625 0.44609375 0.07578125 0.0328125
4 0.01484375 0.44453125 0.0296875 0.04375
4 0.03671875 0.44765625 0.0609375 0.0453125
4 0.90859375 0.3328125 0.01875 0.021875
4 0.84921875 0.33671875 0.0234375 0.02734375
4 0.92265625 0.3234375 0.021875 0.021875