4 0.8453125 0.45234375 0.05390625 0.0375
4 0.58125 0.3828125 0.0328125 0.02734375
4 0.49140625 0.37578125 0.03203125 0.02265625
3 0.9515625 0.690625 0.03125 0.08984375
4 0.53203125 0.3765625 0.0546875 0.03359375
4 0.38515625 0.375 0.03984375 0.02734375
4 0.384375 0.6890625 0.090625 0.13046875
4 0.34609375 0.56328125 0.07578125 0.08984375
4 0.70703125 0.4390625 0.0359375 0.034375
4 0.27890625 0.625 0.10859375 0.11640625
4 0.2140625 0.734375 0.115625 0.16015625
4 0.43515625 0.578125 0.078125 0.1109375
4 0.625 0.4203125 0.0703125 0.0453125
4 0.990625 0.4859375 0.015625 0.03984375
4 0.934375 0.46171875 0.084375 0.04140625
4 0.88203125 0.4578125 0.06171875 0.03828125
4 0.43984375 0.36484375 0.04296875 0.021875
4 0.51328125 0.4 0.0796875 0.0390625
4 0.746875 0.4390625 0.0484375 0.0375
4 0.79140625 0.4484375 0.0609375 0.0375