4 0.3125 0.46796875 0.09765625 0.05546875
4 0.84921875 0.40234375 0.03828125 0.03671875
4 0.2609375 0.46171875 0.078125 0.059375
4 0.21015625 0.46796875 0.06328125 0.04765625
4 0.1625 0.4421875 0.078125 0.0390625
4 0.02578125 0.44375 0.05078125 0.05
4 0.1078125 0.44609375 0.06796875 0.03828125
1 0.10234375 0.58046875 0.0421875 0.0375
1 0.934375 0.35078125 0.01953125 0.028125
1 0.8890625 0.59453125 0.028125 0.09375
1 0.44296875 0.5859375 0.03671875 0.04453125
1 0.94921875 0.34921875 0.00625 0.021875
1 0.95390625 0.3546875 0.00625 0.021875
1 0.91484375 0.34140625 0.00625 0.021875
1 0.91953125 0.34609375 0.00625 0.021875
4 0.87578125 0.3296875 0.0109375 0.01796875
4 0.90546875 0.32890625 0.015625 0.015625
4 0.96328125 0.68671875 0.07109375 0.08984375
4 0.228125 0.415625 0.0859375 0.034375
4 0.84921875 0.3328125 0.01640625 0.021875
4 0.88984375 0.33125 0.02109375 0.02109375
4 0.875 0.3578125 0.028125 0.034375
4 0.91171875 0.32578125 0.01328125 0.01640625
4 0.0578125 0.44609375 0.06875 0.0453125