4 0.34921875 0.44140625 0.0796875 0.125
4 0.5078125 0.2921875 0.0375 0.034375
4 0.51875 0.25234375 0.02265625 0.02578125
4 0.475 0.253125 0.03359375 0.025
4 0.4546875 0.24375 0.03671875 0.02421875
4 0.421875 0.246875 0.02734375 0.01171875
4 0.44296875 0.27421875 0.05390625 0.034375
4 0.42421875 0.26875 0.0546875 0.03125
4 0.39296875 0.26875 0.04375 0.0328125
4 0.30078125 0.24296875 0.0359375 0.01796875
4 0.3578125 0.24375 0.04921875 0.02421875
4 0.359375 0.265625 0.03828125 0.02578125
4 0.3140625 0.26171875 0.04921875 0.01953125
4 0.2171875 0.25859375 0.0390625 0.02265625
4 0.1921875 0.2765625 0.021875 0.0265625
4 0.18515625 0.6671875 0.10703125 0.1703125
4 0.9796875 0.3625 0.03828125 0.03828125
4 0.93125 0.35546875 0.0609375 0.04140625
4 0.8890625 0.34765625 0.059375 0.0453125
4 0.83828125 0.32578125 0.0671875 0.034375
4 0.79921875 0.31796875 0.0578125 0.03828125
4 0.71328125 0.31796875 0.07734375 0.04453125
4 0.671875 0.30546875 0.0390625 0.028125
4 0.63828125 0.30390625 0.05234375 0.028125
4 0.57578125 0.29453125 0.065625 0.034375
4 0.52890625 0.29609375 0.03046875 0.03046875
4 0.3609375 0.596875 0.13046875 0.14375