4 0.83515625 0.3296875 0.05390625 0.0390625
4 0.45625 0.24453125 0.0375 0.02734375
4 0.478125 0.25234375 0.028125 0.0203125
4 0.528125 0.25859375 0.009375 0.01953125
4 0.51484375 0.2578125 0.0140625 0.0234375
4 0.6125 0.3 0.05390625 0.0328125
4 0.64453125 0.30546875 0.04453125 0.03125
4 0.709375 0.3171875 0.05 0.0375
4 0.75625 0.315625 0.0578125 0.03671875
4 0.7984375 0.325 0.04609375 0.0328125
4 0.58046875 0.296875 0.06875 0.04609375
4 0.8734375 0.33203125 0.0375 0.0390625
4 0.946875 0.35 0.0578125 0.0484375
4 0.98125 0.36171875 0.034375 0.04609375
4 0.903125 0.29609375 0.08125 0.0328125
4 0.20859375 0.27109375 0.034375 0.02578125
4 0.17578125 0.2703125 0.03984375 0.0234375
4 0.22734375 0.25625 0.0203125 0.0203125
4 0.54140625 0.29453125 0.0484375 0.0375
4 0.45546875 0.27734375 0.07109375 0.0421875
4 0.41875 0.2703125 0.0453125 0.03359375
4 0.38671875 0.26875 0.034375 0.03046875
4 0.359375 0.25859375 0.03359375 0.0359375
4 0.66953125 0.3125 0.046875 0.0375