1 0.69453125 0.725 0.03125 0.10859375
1 0.565625 0.93828125 0.03359375 0.115625
1 0.85546875 0.46875 0.02265625 0.05390625
1 0.29296875 0.38515625 0.01171875 0.04609375
4 0.50859375 0.5125 0.13046875 0.10859375
4 0.59921875 0.325 0.05078125 0.04140625
4 0.39453125 0.87734375 0.2671875 0.2375
4 0.83359375 0.3265625 0.03828125 0.0421875
4 0.909375 0.3125 0.02421875 0.028125
4 0.8515625 0.37421875 0.06640625 0.0671875
4 0.68828125 0.3109375 0.04375 0.04453125
4 0.88984375 0.29765625 0.028125 0.03359375
1 0.35234375 0.37265625 0.01171875 0.0375
1 0.13671875 0.43359375 0.01171875 0.05859375
1 0.80546875 0.54765625 0.02578125 0.0625