4 0.3390625 0.528125 0.10078125 0.13046875
3 0.21484375 0.56953125 0.02578125 0.09453125
3 0.12421875 0.225 0.00859375 0.03046875
3 0.1453125 0.7921875 0.05078125 0.12421875
3 0.4390625 0.6890625 0.04296875 0.12421875
3 0.11953125 0.240625 0.01015625 0.01796875
3 0.1203125 0.2625 0.0109375 0.040625
3 0.13046875 0.25234375 0.009375 0.0390625
3 0.13984375 0.23515625 0.00859375 0.03046875
3 0.21015625 0.55859375 0.015625 0.09453125
3 0.4859375 0.26640625 0.00859375 0.04140625
3 0.33203125 0.31875 0.0140625 0.05390625
3 0.13203125 0.7671875 0.03984375 0.1328125
3 0.4171875 0.71171875 0.04140625 0.12890625
3 0.36640625 0.70703125 0.05390625 0.12734375
3 0.6859375 0.640625 0.03125 0.12734375
3 0.86953125 0.584375 0.03125 0.11875
2 0.36640625 0.6046875 0.0390625 0.11953125
4 0.19296875 0.22734375 0.0390625 0.0375
4 0.46015625 0.54140625 0.1078125 0.13359375
4 0.37578125 0.25625 0.040625 0.0390625
4 0.33359375 0.23671875 0.0234375 0.03203125
4 0.35625 0.24296875 0.0328125 0.040625
4 0.32734375 0.2265625 0.02421875 0.0328125
4 0.31328125 0.21875 0.021875 0.028125
4 0.30546875 0.2125 0.02109375 0.028125
4 0.2953125 0.20234375 0.01875 0.02734375
4 0.284375 0.19765625 0.015625 0.0234375
4 0.28046875 0.19296875 0.0203125 0.02109375
4 0.27265625 0.18671875 0.01484375 0.0203125
4 0.2640625 0.18046875 0.0171875 0.01953125
4 0.25390625 0.17265625 0.015625 0.01796875
4 0.24375 0.165625 0.0140625 0.01484375
4 0.2359375 0.16328125 0.01328125 0.0171875
4 0.22734375 0.1578125 0.01171875 0.0140625
4 0.21796875 0.15234375 0.0109375 0.01328125
4 0.21015625 0.296875 0.0390625 0.03984375
4 0.2 0.27890625 0.0390625 0.04140625
4 0.1953125 0.24921875 0.03203125 0.03203125