4 0.4953125 0.2921875 0.025 0.02421875
4 0.43984375 0.25390625 0.0125 0.015625
4 0.7359375 0.45703125 0.090625 0.09609375
4 0.4125 0.35234375 0.03515625 0.034375
4 0.41796875 0.36875 0.03203125 0.0359375
4 0.425 0.3875 0.0390625 0.03515625
4 0.43359375 0.24921875 0.0109375 0.01328125
4 0.4375 0.4203125 0.05703125 0.08125
4 0.68203125 0.43515625 0.04921875 0.06328125
4 0.4859375 0.2859375 0.028125 0.025
4 0.47265625 0.27734375 0.01640625 0.01796875
4 0.46640625 0.27109375 0.01796875 0.01796875
4 0.45703125 0.26484375 0.0125 0.01484375
4 0.45 0.26015625 0.01328125 0.015625
3 0.46640625 0.74453125 0.0328125 0.11484375
3 0.7 0.78046875 0.0421875 0.13203125
3 0.36015625 0.85859375 0.03046875 0.13359375
3 0.36171875 0.3875 0.01015625 0.04140625
3 0.359375 0.59765625 0.02578125 0.09140625
3 0.984375 0.69921875 0.028125 0.10625
3 0.43046875 0.71015625 0.03125 0.1125
3 0.9125 0.72734375 0.046875 0.13359375
3 0.81875 0.73984375 0.06640625 0.15
3 0.29609375 0.89609375 0.05 0.15
3 0.6765625 0.75546875 0.040625 0.14453125
3 0.39296875 0.8546875 0.03359375 0.14921875