4 0.59375 0.40625 0.08984375 0.08984375
4 0.2046875 0.315625 0.015625 0.04296875
4 0.26328125 0.18046875 0.01875 0.01796875
4 0.52734375 0.33671875 0.10546875 0.13125
4 0.44453125 0.37109375 0.08828125 0.0890625
4 0.44609375 0.30390625 0.05625 0.0671875
4 0.41484375 0.2890625 0.0421875 0.0546875
4 0.39296875 0.2765625 0.040625 0.046875
4 0.3765625 0.25625 0.04453125 0.0484375
4 0.3546875 0.2484375 0.02578125 0.03515625
4 0.33671875 0.22109375 0.04296875 0.06328125
4 0.25859375 0.33671875 0.10390625 0.21328125
4 0.1984375 0.29375 0.025 0.04921875
4 0.1765625 0.23828125 0.00625 0.0359375
4 0.20234375 0.2546875 0.0453125 0.0859375
4 0.234375 0.16015625 0.01328125 0.01953125
4 0.25390625 0.175 0.0171875 0.02265625
3 0.6140625 0.31875 0.02109375 0.05859375
3 0.66875 0.32734375 0.0140625 0.06640625
3 0.915625 0.55234375 0.03828125 0.11640625
3 0.7578125 0.58984375 0.04375 0.12109375
3 0.1953125 0.571875 0.01875 0.05234375
3 0.1484375 0.490625 0.02734375 0.10234375
3 0.22734375 0.58046875 0.021875 0.08515625
3 0.47109375 0.24765625 0.0140625 0.04140625
3 0.44921875 0.23984375 0.01015625 0.03984375
3 0.43359375 0.23203125 0.0109375 0.03046875
3 0.42265625 0.246875 0.0125 0.028125
3 0.37109375 0.21484375 0.0078125 0.0296875
3 0.3609375 0.21953125 0.0109375 0.021875
3 0.1359375 0.4015625 0.021875 0.07421875
3 0.090625 0.4421875 0.0296875 0.05390625
1 0.24140625 0.5984375 0.040625 0.13203125