1 0.5609375 0.9359375 0.0546875 0.11953125
4 0.08671875 0.4875 0.14453125 0.10859375
4 0.86484375 0.39453125 0.0484375 0.05234375
4 0.79453125 0.2796875 0.028125 0.028125
4 0.8265625 0.4328125 0.06484375 0.06875
4 0.771875 0.48984375 0.0890625 0.09296875
4 0.71171875 0.56328125 0.10546875 0.115625
4 0.45 0.87578125 0.25546875 0.240625
4 0.62109375 0.690625 0.15703125 0.14765625
4 0.740625 0.2515625 0.0328125 0.02265625
4 0.7484375 0.29453125 0.04296875 0.0359375
4 0.82421875 0.27421875 0.025 0.02265625
3 0.321875 0.3671875 0.015625 0.05546875
1 0.69375 0.71875 0.03828125 0.103125
1 0.803125 0.53984375 0.02578125 0.06796875
1 0.853125 0.4640625 0.01875 0.0546875
1 0.13984375 0.42109375 0.015625 0.0484375
1 0.29140625 0.37578125 0.0140625 0.046875
1 0.39296875 0.34765625 0.0125 0.04140625
1 0.46171875 0.33046875 0.0125 0.0375
0 0.678125 0.24765625 0.09453125 0.03125