4 0.384375 0.35703125 0.01953125 0.02578125
4 0.6125 0.5125 0.06953125 0.07265625
4 0.67890625 0.56484375 0.1015625 0.0921875
4 0.40859375 0.4625 0.05859375 0.05859375
4 0.56640625 0.4859375 0.05625 0.0671875
4 0.53828125 0.46171875 0.04609375 0.053125
4 0.50859375 0.4375 0.04296875 0.05234375
4 0.48125 0.41328125 0.034375 0.01953125
4 0.4671875 0.40546875 0.03359375 0.0359375
4 0.4484375 0.396875 0.03203125 0.03828125
4 0.43046875 0.384375 0.0234375 0.0359375
4 0.41953125 0.3765625 0.02265625 0.0328125
4 0.40703125 0.37265625 0.02421875 0.03515625
4 0.3921875 0.36015625 0.02109375 0.0265625
4 0.37578125 0.35 0.01875 0.02265625
4 0.36796875 0.34453125 0.0171875 0.0234375
4 0.2890625 0.41796875 0.028125 0.040625
4 0.2828125 0.3875 0.0265625 0.03671875
4 0.346875 0.325 0.01328125 0.01875
4 0.36171875 0.33671875 0.01328125 0.02265625
4 0.35625 0.3328125 0.01328125 0.01953125
4 0.2984375 0.44453125 0.03359375 0.04140625
4 0.31796875 0.47734375 0.059375 0.0765625
4 0.33671875 0.3828125 0.02421875 0.03203125
4 0.39140625 0.3953125 0.0375 0.03984375
4 0.47265625 0.45078125 0.05859375 0.05703125
4 0.33125 0.31640625 0.0125 0.0171875
4 0.340625 0.31875 0.01171875 0.015625
3 0.978125 0.69765625 0.0296875 0.12109375
3 0.29296875 0.8625 0.03125 0.15
3 0.22890625 0.51015625 0.01953125 0.0625
1 0.2640625 0.48984375 0.01640625 0.06796875