3 0.29140625 0.82421875 0.03203125 0.1171875
3 0.52734375 0.396875 0.01015625 0.0359375
3 0.53984375 0.396875 0.01015625 0.0359375
3 0.553125 0.39765625 0.01015625 0.0359375
3 0.23203125 0.3953125 0.0125 0.04609375
3 0.21328125 0.92890625 0.03671875 0.1375
3 0.209375 0.42890625 0.0125 0.04609375
3 0.2328125 0.45234375 0.0171875 0.05
3 0.31640625 0.45546875 0.0171875 0.05234375
3 0.2796875 0.540625 0.01953125 0.07265625
3 0.88984375 0.72421875 0.03515625 0.09765625
3 0.98046875 0.74765625 0.03671875 0.13359375
3 0.57890625 0.77265625 0.03828125 0.12890625
3 0.8359375 0.8 0.04375 0.14609375
3 0.43515625 0.83515625 0.03515625 0.12890625
3 0.15 0.940625 0.05546875 0.11484375
3 0.19921875 0.87890625 0.025 0.1328125
3 0.24921875 0.79921875 0.0484375 0.13359375
3 0.2484375 0.72734375 0.02265625 0.1109375
3 0.2359375 0.70703125 0.0203125 0.08515625
3 0.54765625 0.4203125 0.0125 0.04375
3 0.303125 0.728125 0.02578125 0.103125
3 0.375 0.89453125 0.0484375 0.14375
3 0.39609375 0.8140625 0.04375 0.1375
3 0.25546875 0.921875 0.03515625 0.15234375
3 0.221875 0.5140625 0.0140625 0.0546875
3 0.5671875 0.39765625 0.0125 0.04375
3 0.3390625 0.3890625 0.00859375 0.03515625
3 0.49453125 0.3703125 0.0078125 0.02734375
2 0.5609375 0.61796875 0.02265625 0.09765625
2 0.2015625 0.6046875 0.028125 0.08671875
0 0.40859375 0.64375 0.184375 0.31640625
3 0.53515625 0.42265625 0.01484375 0.05
3 0.63203125 0.475 0.02734375 0.04140625
3 0.2046875 0.54375 0.015625 0.05234375
3 0.18984375 0.54921875 0.01875 0.0640625
3 0.34296875 0.76796875 0.025 0.1078125
3 0.315625 0.85703125 0.028125 0.1328125
3 0.340625 0.8765625 0.04140625 0.14765625
4 0.69453125 0.56015625 0.10625 0.1046875
4 0.4171875 0.37734375 0.0296875 0.0296875
4 0.40625 0.36875 0.02421875 0.025
4 0.38671875 0.3546875 0.0203125 0.02421875
4 0.38203125 0.34375 0.02578125 0.02421875
4 0.365625 0.33671875 0.0203125 0.02265625
4 0.3578125 0.33125 0.0203125 0.0203125
4 0.3390625 0.321875 0.01484375 0.01640625
4 0.490625 0.59765625 0.07734375 0.1125
4 0.325 0.30390625 0.0203125 0.0328125