4 0.4859375 0.39296875 0.0375 0.04609375
4 0.45 0.28125 0.01953125 0.02421875
4 0.428125 0.296875 0.01953125 0.0234375
4 0.48515625 0.28984375 0.02578125 0.0234375
4 0.5 0.3015625 0.01796875 0.02578125
4 0.5109375 0.3078125 0.02421875 0.02890625
4 0.5046875 0.3296875 0.01328125 0.009375
4 0.50390625 0.35546875 0.02265625 0.040625
4 0.546875 0.353125 0.0734375 0.103125
4 0.571875 0.4046875 0.05625 0.0578125
4 0.63203125 0.39375 0.0453125 0.06171875
4 0.6125 0.45546875 0.0578125 0.0671875
4 0.453125 0.31484375 0.0234375 0.028125
4 0.4734375 0.3703125 0.0359375 0.03828125
4 0.49296875 0.415625 0.04296875 0.05390625
4 0.4234375 0.3921875 0.03828125 0.04609375
4 0.43125 0.40859375 0.0453125 0.03828125
4 0.43203125 0.4359375 0.04375 0.04609375
4 0.5375 0.4796875 0.0671875 0.0859375
4 0.3890625 0.3125 0.0125 0.0203125
4 0.80390625 0.57890625 0.3375 0.39609375
4 0.43515625 0.25546875 0.01484375 0.0171875
4 0.64375 0.64453125 0.1078125 0.13125
4 0.77578125 0.890625 0.08515625 0.16015625
4 0.44140625 0.25859375 0.0125 0.0140625
3 0.3984375 0.66640625 0.01953125 0.08671875
3 0.61484375 0.32109375 0.00859375 0.0421875
3 0.303125 0.634375 0.02734375 0.11875
3 0.41484375 0.69296875 0.021875 0.09453125