3 0.1390625 0.20859375 0.00546875 0.021875
2 0.1265625 0.38984375 0.028125 0.0625
3 0.13359375 0.1921875 0.00546875 0.021875
4 0.19921875 0.2625 0.03671875 0.040625
4 0.2140625 0.3046875 0.04765625 0.03984375
4 0.24375 0.165625 0.01796875 0.0203125
4 0.25234375 0.1734375 0.015625 0.0203125
4 0.2640625 0.178125 0.0171875 0.015625
4 0.27265625 0.18671875 0.02890625 0.0265625
4 0.2859375 0.2015625 0.02890625 0.02421875
4 0.33125 0.22578125 0.03125 0.03203125
4 0.36015625 0.24296875 0.03125 0.03203125
4 0.3703125 0.25703125 0.040625 0.04609375
4 0.3921875 0.27578125 0.04296875 0.04453125
4 0.41328125 0.28828125 0.0390625 0.05546875
4 0.45 0.3015625 0.06484375 0.07265625
4 0.48671875 0.33125 0.06796875 0.07109375
4 0.54296875 0.37265625 0.078125 0.07265625
4 0.6140625 0.40859375 0.09375 0.090625
4 0.22265625 0.3390625 0.06015625 0.0625
4 0.21640625 0.16796875 0.0140625 0.015625
4 0.8203125 0.58203125 0.2375 0.23984375
3 0.153125 0.63984375 0.04453125 0.096875
3 0.1703125 0.728125 0.07578125 0.1953125
3 0.38828125 0.2234375 0.00703125 0.0265625
3 0.36640625 0.2125 0.0078125 0.0234375
3 0.35625 0.2140625 0.00859375 0.021875
3 0.16484375 0.59921875 0.025 0.08046875
3 0.453125 0.246875 0.0140625 0.0359375
3 0.12109375 0.225 0.00859375 0.0328125
3 0.13828125 0.2375 0.0078125 0.0328125
3 0.1734375 0.28984375 0.0140625 0.04140625
3 0.10703125 0.596875 0.0328125 0.10234375
3 0.1171875 0.95625 0.0609375 0.08359375
3 0.1390625 0.99453125 0.00546875 0.00625
3 0.11328125 0.33125 0.0140625 0.05234375
3 0.12578125 0.3296875 0.0140625 0.05234375
3 0.1421875 0.33203125 0.0140625 0.05234375