3 0.21171875 0.60078125 0.021875 0.08359375
4 0.76796875 0.6171875 0.065625 0.06796875
4 0.74453125 0.596875 0.06171875 0.06171875
4 0.68671875 0.66796875 0.14375 0.13203125
4 0.62734375 0.5171875 0.08046875 0.07265625
4 0.57265625 0.4765625 0.06953125 0.0765625
4 0.47578125 0.475 0.05546875 0.05625
4 0.5109375 0.425 0.0546875 0.06015625
4 0.4671875 0.40078125 0.03984375 0.0390625
4 0.44765625 0.3890625 0.03046875 0.03828125
4 0.4296875 0.43359375 0.04765625 0.0484375
4 0.41171875 0.4 0.034375 0.0375
4 0.371875 0.4265625 0.0578125 0.08984375
4 0.31328125 0.4515625 0.040625 0.04609375
4 0.29921875 0.415625 0.0375 0.04765625
4 0.48125 0.56015625 0.0796875 0.09609375
4 0.2921875 0.3984375 0.0390625 0.0359375
4 0.35546875 0.3515625 0.02421875 0.02734375
4 0.37109375 0.33515625 0.02421875 0.02421875
4 0.35 0.32109375 0.02265625 0.0234375
4 0.32578125 0.32421875 0.0203125 0.0203125
3 0.24296875 0.97734375 0.04296875 0.04140625
3 0.2234375 0.37578125 0.00859375 0.03828125
3 0.228125 0.4015625 0.009375 0.03828125
3 0.21328125 0.37734375 0.00859375 0.03828125
3 0.19375 0.6015625 0.01875 0.0765625
3 0.27734375 0.71328125 0.01796875 0.09375
3 0.55 0.4125 0.01171875 0.0375
3 0.3125 0.6984375 0.03671875 0.1203125
3 0.23203125 0.44453125 0.0125 0.05078125
3 0.21796875 0.446875 0.0125 0.05078125
1 0.28125 0.48671875 0.02109375 0.065625
2 0.43515625 0.709375 0.0328125 0.11484375
2 0.9765625 0.76796875 0.04375 0.11484375
2 0.36640625 0.778125 0.034375 0.13125
2 0.3546875 0.49765625 0.0203125 0.06484375
2 0.31640625 0.37890625 0.0078125 0.034375
2 0.45 0.834375 0.0390625 0.146875
2 0.4796875 0.7671875 0.0421875 0.12890625