4 0.76640625 0.36796875 0.0390625 0.046875
4 0.76328125 0.5671875 0.06796875 0.06484375
4 0.81796875 0.46875 0.046875 0.0328125
4 0.9265625 0.315625 0.0359375 0.0359375
4 0.86484375 0.403125 0.04296875 0.0359375
4 0.85546875 0.60390625 0.059375 0.04140625
4 0.68515625 0.40859375 0.06875 0.1125
4 0.80859375 0.71953125 0.1 0.10546875
4 0.8265625 0.6421875 0.07734375 0.06015625
4 0.90703125 0.275 0.025 0.025
4 0.909375 0.50546875 0.0578125 0.0453125
4 0.6875 0.89921875 0.11796875 0.11796875
4 0.8359375 0.4328125 0.04609375 0.03671875
4 0.775 0.53359375 0.05390625 0.04921875
4 0.6796875 0.65703125 0.075 0.084375
4 0.6125 0.696875 0.09765625 0.11953125
4 0.82890625 0.36875 0.04140625 0.0484375
4 0.54375 0.47734375 0.0453125 0.05
4 0.8078125 0.50390625 0.05078125 0.05390625
4 0.715625 0.80703125 0.1140625 0.09453125
4 0.72890625 0.6078125 0.06640625 0.08984375
4 0.90625 0.3828125 0.0390625 0.04296875
4 0.90859375 0.3484375 0.03515625 0.0375
4 0.78671875 0.3640625 0.0328125 0.04453125
4 0.61484375 0.4046875 0.0421875 0.053125
4 0.89609375 0.56015625 0.06953125 0.06640625
4 0.87734375 0.5796875 0.059375 0.0359375
4 0.6109375 0.58984375 0.0703125 0.08984375
4 0.76015625 0.43203125 0.0453125 0.04765625
4 0.03125 0.884375 0.0625 0.16875
3 0.31875 0.63359375 0.02734375 0.1
3 0.2171875 0.66015625 0.01953125 0.09609375
1 0.9015625 0.434375 0.015625 0.04921875
1 0.9453125 0.45078125 0.00703125 0.01875
1 0.60234375 0.478125 0.0140625 0.0390625
1 0.61484375 0.4421875 0.01328125 0.03984375
4 0.5703125 0.47265625 0.015625 0.0484375
4 0.1359375 0.696875 0.0125 0.06171875