4 0.62578125 0.39765625 0.0453125 0.06640625
4 0.53671875 0.33671875 0.0265625 0.04375
4 0.6625 0.42578125 0.06015625 0.053125
4 0.815625 0.5203125 0.1015625 0.1
4 0.428125 0.43046875 0.04296875 0.06484375
3 0.31875 0.45703125 0.0171875 0.0734375
3 0.33671875 0.45390625 0.0171875 0.0796875
0 0.5234375 0.58359375 0.15234375 0.32890625
4 0.6890625 0.5375 0.09765625 0.10390625
4 0.7421875 0.48671875 0.06171875 0.0890625
4 0.559375 0.35390625 0.028125 0.0421875
4 0.4078125 0.353125 0.03359375 0.0328125
4 0.421875 0.3859375 0.04140625 0.03984375
4 0.58671875 0.36875 0.03828125 0.05
4 0.8453125 0.646875 0.17578125 0.13515625