4 0.54765625 0.08828125 0.01953125 0.0203125
4 0.49765625 0.06875 0.01640625 0.0171875
4 0.75703125 0.259375 0.06484375 0.06953125
4 0.3546875 0.1375 0.0359375 0.03046875
4 0.434375 0.090625 0.02109375 0.02265625
4 0.4515625 0.0796875 0.01875 0.01953125
4 0.47421875 0.06484375 0.0171875 0.01875
4 0.4953125 0.04921875 0.015625 0.01640625
4 0.5265625 0.0625 0.02109375 0.03984375
4 0.459375 0.13984375 0.034375 0.03671875
4 0.41171875 0.1015625 0.0234375 0.03046875
4 0.51171875 0.1421875 0.03125 0.04296875
4 0.36796875 0.1609375 0.046875 0.05
4 0.53828125 0.10625 0.0234375 0.0234375
4 0.38984375 0.1171875 0.021875 0.021875
4 0.06328125 0.365625 0.1265625 0.26015625
4 0.3515625 0.421875 0.09765625 0.12265625
4 0.565625 0.05625 0.0140625 0.015625
3 0.40546875 0.7625 0.05390625 0.14609375
3 0.53671875 0.1421875 0.01484375 0.04140625
2 0.44765625 0.8421875 0.1109375 0.18515625
2 0.4953125 0.7453125 0.10078125 0.14921875