4 0.3125 0.46015625 0.04921875 0.0484375
4 0.43359375 0.440625 0.0546875 0.0515625
4 0.38828125 0.35546875 0.0328125 0.02734375
4 0.5484375 0.709375 0.12265625 0.13515625
4 0.57421875 0.56484375 0.09375 0.08125
3 0.98125 0.78125 0.034375 0.14609375
3 0.2046875 0.553125 0.01953125 0.07734375
2 0.471875 0.759375 0.034375 0.1421875
2 0.4296875 0.71328125 0.03515625 0.11015625
4 0.65234375 0.6484375 0.1296875 0.11171875
1 0.28046875 0.49453125 0.01875 0.065625
4 0.61015625 0.5125 0.090625 0.0765625
4 0.29765625 0.4125 0.0375 0.03125
4 0.3046875 0.43203125 0.0421875 0.0203125
4 0.48671875 0.42265625 0.053125 0.05234375