4 0.1328125 0.3953125 0.034375 0.03828125
4 0.13359375 0.3609375 0.05 0.05859375
4 0.15625 0.44453125 0.05078125 0.06171875
3 0.36953125 0.353125 0.01171875 0.04375
3 0.91171875 0.59921875 0.03203125 0.03125
3 0.0734375 0.446875 0.02265625 0.028125
3 0.91015625 0.66875 0.0296875 0.11640625
3 0.07265625 0.49375 0.0171875 0.06640625
3 0.1703125 0.825 0.04375 0.1375
3 0.06171875 0.76015625 0.0609375 0.12109375
3 0.20703125 0.77578125 0.03125 0.14375
3 0.07421875 0.98125 0.03125 0.03359375
3 0.13515625 0.690625 0.03671875 0.09375
3 0.865625 0.66796875 0.02109375 0.11484375
3 0.05078125 0.66328125 0.03671875 0.10625
3 0.12578125 0.60703125 0.0296875 0.04765625
3 0.8390625 0.63203125 0.02734375 0.11484375
3 0.04453125 0.55546875 0.02109375 0.08125
3 0.03828125 0.46875 0.0171875 0.05859375
3 0.54296875 0.41484375 0.015625 0.06640625
3 0.47265625 0.40390625 0.01875 0.05859375