4 0.41484375 0.10625 0.0140625 0.021875
4 0.55234375 0.0359375 0.01484375 0.02109375
4 0.47734375 0.0671875 0.01796875 0.02421875
4 0.43359375 0.09140625 0.02265625 0.02890625
4 0.3875 0.115625 0.0265625 0.0375
4 0.1453125 0.709375 0.203125 0.21015625
4 0.509375 0.13984375 0.0421875 0.06953125
4 0.3390625 0.146875 0.03828125 0.03828125
4 0.03203125 0.43046875 0.0640625 0.14375
4 0.1703125 0.42109375 0.10859375 0.1015625
4 0.7578125 0.26328125 0.0640625 0.0671875
4 0.025 0.33515625 0.05 0.0625
4 0.103125 0.346875 0.103125 0.09375
4 0.54140625 0.02421875 0.01171875 0.01328125
3 0.74375 0.8125 0.06171875 0.1953125
3 0.825 0.75078125 0.0703125 0.17265625
3 0.796875 0.790625 0.08984375 0.203125
4 0.49296875 0.0515625 0.01484375 0.015625
4 0.553125 0.08125 0.0171875 0.025
4 0.54765625 0.0921875 0.01875 0.02734375
4 0.540625 0.0921875 0.0171875 0.01171875
4 0.53828125 0.10703125 0.02109375 0.02578125
4 0.1109375 0.28671875 0.0890625 0.084375
4 0.359375 0.1359375 0.03125 0.03203125
4 0.340625 0.4296875 0.1046875 0.12265625
4 0.45859375 0.08203125 0.01328125 0.01953125
4 0.446875 0.08828125 0.01640625 0.025
4 0.40234375 0.1078125 0.0171875 0.02578125