3 0.4 0.41328125 0.01015625 0.04375
3 0.428125 0.88203125 0.04609375 0.1578125
3 0.39375 0.92578125 0.03359375 0.14453125
1 0.5296875 0.78125 0.13671875 0.09609375
1 0.740625 0.746875 0.1375 0.07265625
3 0.36171875 0.93671875 0.03125 0.121875
3 0.33984375 0.9203125 0.03984375 0.15546875
3 0.38984375 0.41484375 0.0109375 0.04453125
3 0.34453125 0.48046875 0.01875 0.06484375
3 0.66328125 0.61953125 0.03984375 0.05625
3 0.51171875 0.66953125 0.02578125 0.10234375
3 0.296875 0.93515625 0.034375 0.125