4 0.7546875 0.3921875 0.03359375 0.02734375
4 0.61953125 0.64140625 0.06796875 0.09921875
4 0.13515625 0.76953125 0.096875 0.10234375
4 0.325 0.6609375 0.07578125 0.08515625
4 0.2984375 0.67890625 0.05 0.06796875
4 0.565625 0.675 0.07890625 0.08984375
4 0.42421875 0.6046875 0.0546875 0.07734375
4 0.453125 0.59921875 0.02890625 0.0578125
4 0.4609375 0.57890625 0.0578125 0.06640625
4 0.7453125 0.6265625 0.06015625 0.04296875
4 0.76171875 0.6375 0.0484375 0.0828125
4 0.7828125 0.59921875 0.053125 0.06953125
4 0.54296875 0.53828125 0.021875 0.05078125
4 0.54453125 0.52578125 0.03125 0.04296875
4 0.57109375 0.50546875 0.040625 0.04296875
4 0.59765625 0.4859375 0.03515625 0.04140625
4 0.6296875 0.58671875 0.0703125 0.10625
4 0.68515625 0.5953125 0.04765625 0.0625
4 0.7171875 0.53671875 0.05 0.0546875
4 0.6953125 0.5453125 0.0484375 0.046875
4 0.67890625 0.5546875 0.0421875 0.02578125
4 0.53515625 0.46328125 0.0421875 0.04296875
4 0.63359375 0.446875 0.040625 0.05234375
4 0.7234375 0.3625 0.02890625 0.0296875
4 0.8 0.41015625 0.03359375 0.02890625
4 0.7796875 0.43203125 0.03359375 0.040625
4 0.7296875 0.42421875 0.025 0.03828125
4 0.14296875 0.98359375 0.15859375 0.028125
4 0.28125 0.91328125 0.159375 0.16640625
4 0.446875 0.825 0.09921875 0.11875
4 0.2421875 0.6921875 0.09375 0.09765625
4 0.07265625 0.8 0.12265625 0.10390625
4 0.66875 0.76875 0.10234375 0.11640625
4 0.5234375 0.75859375 0.0703125 0.096875
4 0.3796875 0.6234375 0.06953125 0.08515625
4 0.54296875 0.71015625 0.0625 0.0875
4 0.809375 0.55 0.03984375 0.0578125
4 0.52421875 0.54296875 0.02734375 0.05625
4 0.81015625 0.390625 0.028125 0.0359375
4 0.73828125 0.6703125 0.0765625 0.08515625
3 0.821875 0.859375 0.03828125 0.06484375
3 0.715625 0.871875 0.03125 0.14375
3 0.83203125 0.615625 0.015625 0.08125
1 0.5703125 0.41953125 0.00703125 0.02734375
1 0.584375 0.44921875 0.0125 0.03046875
1 0.8328125 0.4796875 0.0109375 0.03671875
1 0.84453125 0.50390625 0.01171875 0.06015625
1 0.8109375 0.446875 0.0140625 0.03984375
1 0.5828125 0.41953125 0.0125 0.03046875
0 0.690625 0.43359375 0.05703125 0.096875