3 0.19453125 0.81953125 0.04375 0.1171875
3 0.40703125 0.4640625 0.01171875 0.0484375
3 0.06953125 0.94765625 0.03203125 0.1
3 0.18046875 0.9546875 0.0578125 0.08671875
3 0.521875 0.503125 0.02109375 0.06015625
3 0.41796875 0.46015625 0.0109375 0.04609375
2 0.478125 0.9625 0.05 0.07109375
3 0.2203125 0.77890625 0.034375 0.11640625
3 0.359375 0.421875 0.00859375 0.02265625
3 0.43359375 0.45 0.01015625 0.04140625
3 0.1171875 0.67890625 0.04140625 0.1
3 0.08828125 0.80078125 0.0453125 0.12734375
3 0.11484375 0.95859375 0.04296875 0.07890625
3 0.1234375 0.51484375 0.0171875 0.05
4 0.19296875 0.48046875 0.046875 0.0375
4 0.2328125 0.38828125 0.028125 0.025
4 0.20078125 0.396875 0.0296875 0.0265625
1 0.16953125 0.546875 0.02109375 0.0671875
4 0.28046875 0.4375 0.03046875 0.0328125
4 0.20234375 0.5140625 0.04765625 0.05546875
4 0.5359375 0.57265625 0.08828125 0.075
4 0.25625 0.4125 0.0296875 0.03671875
4 0.33515625 0.78203125 0.1078125 0.15625
4 0.359375 0.45546875 0.0453125 0.04765625
4 0.2984375 0.53359375 0.05703125 0.06640625
4 0.44921875 0.60625 0.08203125 0.08359375
4 0.5625 0.71015625 0.128125 0.13359375
4 0.48203125 0.790625 0.0328125 0.13125
4 0.18671875 0.471875 0.02890625 0.03046875
4 0.1828125 0.4640625 0.028125 0.04140625
4 0.47265625 0.5328125 0.06796875 0.0703125
3 0.01953125 0.94765625 0.03828125 0.1