4 0.66796875 0.6171875 0.18203125 0.23671875
4 0.76328125 0.603125 0.0296875 0.04375
4 0.31015625 0.43984375 0.075 0.13359375
4 0.40390625 0.709375 0.11484375 0.159375
4 0.48828125 0.42265625 0.05234375 0.05390625
3 0.23046875 0.38359375 0.0171875 0.05
3 0.2265625 0.4765625 0.0265625 0.0609375
3 0.23984375 0.5171875 0.01796875 0.06953125
3 0.74375 0.61171875 0.015625 0.06015625
3 0.784375 0.50625 0.0171875 0.0625
1 0.28125 0.5 0.01796875 0.0640625
4 0.4546875 0.54765625 0.071875 0.0875
4 0.51171875 0.67421875 0.11796875 0.17578125