4 0.27265625 0.23515625 0.10390625 0.05390625
4 0.01640625 0.59296875 0.0328125 0.12265625
4 0.3875 0.459375 0.14453125 0.12734375
4 0.4328125 0.203125 0.0609375 0.12265625
4 0.36953125 0.9515625 0.12421875 0.06015625
4 0.37109375 0.9046875 0.15546875 0.06171875
3 0.17734375 0.440625 0.01953125 0.0859375
3 0.32890625 0.475 0.02109375 0.09140625
3 0.159375 0.409375 0.0234375 0.046875
3 0.33359375 0.24453125 0.0140625 0.06015625
1 0.50625 0.52578125 0.01328125 0.07109375
1 0.5109375 0.45234375 0.0203125 0.0546875
1 0.203125 0.42265625 0.02265625 0.07109375
1 0.58515625 0.609375 0.0140625 0.08984375
1 0.55390625 0.59296875 0.04296875 0.12734375
1 0.5890625 0.27734375 0.01328125 0.04609375
1 0.565625 0.48515625 0.02578125 0.075
1 0.51484375 0.26953125 0.01875 0.05625
1 0.3609375 0.27578125 0.01171875 0.04765625
1 0.49296875 0.5375 0.01953125 0.08203125
1 0.50703125 0.60859375 0.03046875 0.0734375
1 0.22890625 0.46171875 0.01953125 0.07265625
1 0.43515625 0.275 0.0125 0.04609375
1 0.44609375 0.41015625 0.01953125 0.0625
1 0.5359375 0.41328125 0.02109375 0.06875
1 0.1578125 0.46015625 0.02578125 0.07109375
1 0.51796875 0.50390625 0.00859375 0.06328125
4 0.3703125 0.22109375 0.034375 0.05859375
4 0.453125 0.8421875 0.12890625 0.13828125
4 0.31953125 0.9765625 0.12578125 0.04296875
4 0.51328125 0.22109375 0.0953125 0.065625