4 0.396875 0.3921875 0.03984375 0.04765625
4 0.29765625 0.41640625 0.03359375 0.0421875
4 0.48203125 0.42578125 0.05 0.03984375
4 0.34609375 0.35390625 0.03515625 0.0375
3 0.3421875 0.59609375 0.03125 0.08671875
3 0.26875 0.87109375 0.02109375 0.15390625
3 0.28828125 0.88828125 0.02421875 0.16640625
3 0.69453125 0.46171875 0.01171875 0.05625
3 0.79921875 0.52109375 0.01875 0.06640625
3 0.96328125 0.69765625 0.028125 0.11640625
3 0.2515625 0.71796875 0.01953125 0.10625
3 0.28671875 0.734375 0.028125 0.09375
3 0.3515625 0.83828125 0.02734375 0.14765625
2 0.425 0.71953125 0.03515625 0.1375
1 0.2796875 0.49453125 0.01953125 0.06640625
4 0.69921875 0.565625 0.10390625 0.10234375
4 0.31484375 0.44453125 0.04609375 0.0234375
4 0.4609375 0.40703125 0.0359375 0.04765625
4 0.38515625 0.4453125 0.05234375 0.05859375
4 0.31328125 0.48046875 0.05078125 0.06015625
4 0.52421875 0.63984375 0.10703125 0.15390625