4 0.196875 0.5015625 0.0375 0.04453125
4 0.340625 0.44921875 0.034375 0.03359375
4 0.61328125 0.759375 0.159375 0.14765625
4 0.18515625 0.465625 0.034375 0.028125
4 0.43828125 0.5171875 0.05546875 0.0546875
4 0.4015625 0.48984375 0.04375 0.053125
4 0.37109375 0.48046875 0.025 0.0453125
4 0.3171875 0.4421875 0.0125 0.02890625
4 0.21484375 0.56796875 0.0453125 0.03828125
4 0.4828125 0.540625 0.06875 0.06484375
4 0.21484375 0.5359375 0.05859375 0.065625
3 0.1046875 0.48046875 0.01015625 0.03984375
3 0.11796875 0.47109375 0.00859375 0.04140625
3 0.12109375 0.59609375 0.02265625 0.06953125
3 0.11953125 0.54921875 0.0265625 0.0296875
3 0.09140625 0.58203125 0.0234375 0.04609375
1 0.171875 0.553125 0.01875 0.0640625