4 0.50546875 0.5109375 0.0125 0.0140625
4 0.50078125 0.56796875 0.0203125 0.02578125
4 0.41171875 0.5484375 0.015625 0.01875
4 0.41953125 0.54453125 0.01484375 0.01953125
4 0.01015625 0.86875 0.01953125 0.075
4 0.71875 0.72265625 0.06484375 0.0640625
4 0.3515625 0.81953125 0.08828125 0.10390625
4 0.32421875 0.59609375 0.028125 0.03203125
4 0.328125 0.68125 0.05390625 0.05390625
4 0.45078125 0.52421875 0.0125 0.01328125
4 0.48046875 0.53828125 0.015625 0.01640625
4 0.4921875 0.525 0.015625 0.01484375
4 0.35546875 0.5796875 0.01953125 0.0265625
4 0.37578125 0.56953125 0.021875 0.025
4 0.40078125 0.55625 0.0203125 0.0203125
4 0.4890625 0.58359375 0.02578125 0.03046875
4 0.459375 0.55390625 0.01953125 0.02265625
4 0.4703125 0.615625 0.03203125 0.03125
4 0.29921875 0.6078125 0.0359375 0.0390625
4 0.38203125 0.62734375 0.03984375 0.04140625
4 0.496875 0.4953125 0.01171875 0.0140625
4 0.4921875 0.5046875 0.0109375 0.01171875
4 0.4390625 0.5328125 0.01875 0.0171875
4 0.4875 0.55703125 0.02109375 0.01796875
4 0.28984375 0.92421875 0.1109375 0.12265625
4 0.23671875 0.68203125 0.05859375 0.05703125
4 0.33515625 0.58359375 0.02890625 0.0375