2 0.5875 0.74921875 0.04140625 0.14765625
4 0.43046875 0.4078125 0.05234375 0.05078125
4 0.5015625 0.30703125 0.025 0.02421875
4 0.54296875 0.34296875 0.01875 0.03515625
4 0.5640625 0.34921875 0.03203125 0.03515625
4 0.41328125 0.35234375 0.0375 0.0453125
4 0.659375 0.41171875 0.05390625 0.0609375
4 0.8140625 0.52578125 0.10078125 0.09765625
4 0.621875 0.39140625 0.03515625 0.0546875
4 0.59765625 0.37734375 0.03359375 0.04765625
4 0.57890625 0.3640625 0.02734375 0.0359375
4 0.47109375 0.2796875 0.02109375 0.02109375
3 0.328125 0.4875 0.02265625 0.0546875
3 0.3546875 0.33359375 0.01015625 0.0375
3 0.2046875 0.90546875 0.04765625 0.1515625
3 0.14765625 0.90859375 0.05859375 0.17265625
3 0.33828125 0.56171875 0.025 0.09140625
3 0.33203125 0.41953125 0.01875 0.05625
3 0.359375 0.425 0.0125 0.0421875
3 0.34609375 0.42421875 0.009375 0.053125
3 0.3453125 0.48203125 0.01484375 0.05859375
3 0.35859375 0.578125 0.02109375 0.08046875
3 0.3171875 0.66875 0.028125 0.10859375
3 0.353125 0.66953125 0.02421875 0.10546875
3 0.378125 0.32265625 0.00703125 0.0203125
3 0.340625 0.34921875 0.01171875 0.03515625
3 0.65078125 0.353125 0.01171875 0.04375