4 0.51328125 0.5359375 0.03828125 0.075
1 0.58671875 0.40234375 0.01171875 0.03359375
1 0.60390625 0.4015625 0.01171875 0.03515625
1 0.5828125 0.44453125 0.0125 0.03984375
1 0.57265625 0.40234375 0.00859375 0.03359375
1 0.6140625 0.40625 0.0078125 0.03359375
1 0.865625 0.4578125 0.00859375 0.03984375
1 0.9203125 0.4765625 0.0109375 0.06640625
1 0.88828125 0.425 0.01171875 0.04453125
1 0.871875 0.4484375 0.009375 0.040625
0 0.8421875 0.39375 0.0703125 0.08359375
0 0.57734375 0.5546875 0.12578125 0.1765625
4 0.16015625 0.746875 0.11953125 0.11796875
4 0.228125 0.709375 0.11171875 0.125
4 0.3796875 0.64296875 0.0765625 0.07578125
4 0.03359375 0.95390625 0.06640625 0.0875
4 0.18359375 0.87109375 0.16640625 0.19140625
4 0.05078125 0.82734375 0.10078125 0.13359375
4 0.89765625 0.31953125 0.034375 0.04375
4 0.89296875 0.275 0.02109375 0.02109375
4 0.74453125 0.47421875 0.07734375 0.0640625
4 0.42890625 0.60234375 0.08671875 0.0921875
4 0.8203125 0.65078125 0.07734375 0.08828125
4 0.8015625 0.37109375 0.03515625 0.04375
4 0.86484375 0.296875 0.0265625 0.03125
4 0.7640625 0.53359375 0.059375 0.0765625
4 0.6546875 0.44296875 0.04921875 0.04765625
4 0.328125 0.73828125 0.1171875 0.10546875
4 0.80234375 0.69296875 0.0796875 0.096875
4 0.85078125 0.60859375 0.0703125 0.0765625
4 0.69140625 0.85625 0.13203125 0.15859375
4 0.11015625 0.69375 0.0390625 0.084375
4 0.12578125 0.67421875 0.03671875 0.03359375
4 0.6609375 0.91171875 0.134375 0.1234375
4 0.83203125 0.321875 0.034375 0.0421875
4 0.2859375 0.67421875 0.0734375 0.08046875
4 0.3453125 0.6625 0.075 0.08671875
3 0.896875 0.41484375 0.01875 0.05390625
3 0.68359375 0.38515625 0.01953125 0.040625
4 0.80859375 0.5046875 0.05234375 0.059375
4 0.8078125 0.440625 0.071875 0.08359375