4 0.4390625 0.55390625 0.0171875 0.021875
4 0.0609375 0.80625 0.121875 0.12109375
4 0.33046875 0.6875 0.05234375 0.05390625
4 0.271875 0.665625 0.05234375 0.04765625
4 0.45078125 0.52421875 0.0125 0.0140625
4 0.47109375 0.52109375 0.0140625 0.0140625
4 0.48046875 0.6 0.02578125 0.03359375
4 0.490625 0.5359375 0.0171875 0.021875
4 0.5078125 0.5078125 0.01015625 0.0109375
4 0.49609375 0.47890625 0.009375 0.0125
4 0.50078125 0.49296875 0.00859375 0.0109375
4 0.4953125 0.52265625 0.0140625 0.01640625
4 0.41953125 0.5421875 0.0140625 0.0171875
4 0.32578125 0.59765625 0.02265625 0.03125
4 0.35234375 0.5796875 0.028125 0.03203125
4 0.48828125 0.578125 0.02421875 0.02578125
4 0.50234375 0.565625 0.02578125 0.021875
4 0.4734375 0.54921875 0.0171875 0.02109375
4 0.378125 0.5671875 0.01875 0.025
4 0.48359375 0.50859375 0.0171875 0.01796875
4 0.4375 0.53203125 0.0125 0.01796875
4 0.28984375 0.92421875 0.1109375 0.13671875
4 0.29921875 0.603125 0.0390625 0.0390625
4 0.353125 0.815625 0.09140625 0.1109375
4 0.3828125 0.63046875 0.053125 0.0609375
4 0.7203125 0.71953125 0.0703125 0.06484375
4 0.39921875 0.55546875 0.0265625 0.02109375