4 0.49296875 0.590625 0.11328125 0.11875
4 0.17265625 0.284375 0.02890625 0.04140625
4 0.2640625 0.32265625 0.028125 0.02578125
4 0.2515625 0.315625 0.0234375 0.021875
4 0.4265625 0.73203125 0.1234375 0.16875
4 0.65625 0.70234375 0.2046875 0.20859375
4 0.39375 0.50546875 0.06796875 0.04765625
4 0.5765625 0.46171875 0.09375 0.07265625
3 0.83984375 0.8109375 0.0453125 0.13828125
3 0.8296875 0.8796875 0.0390625 0.103125
1 0.63515625 0.48359375 0.0171875 0.053125
1 0.65234375 0.503125 0.0171875 0.03984375
1 0.6703125 0.496875 0.0171875 0.053125
1 0.9234375 0.60390625 0.125 0.0875