1 0.9203125 0.603125 0.11640625 0.07265625
1 0.65234375 0.49921875 0.01640625 0.03515625
1 0.66796875 0.4984375 0.01953125 0.0453125
1 0.6328125 0.48359375 0.01875 0.06015625
4 0.19453125 0.27421875 0.03125 0.04296875
4 0.49375 0.71953125 0.1609375 0.1859375
4 0.50390625 0.5859375 0.11171875 0.1046875
4 0.3234375 0.34609375 0.0375 0.0359375
4 0.215625 0.359375 0.040625 0.0390625
4 0.265625 0.403125 0.05625 0.0546875
4 0.3875 0.4984375 0.06171875 0.06484375
4 0.61953125 0.690625 0.17265625 0.15703125
4 0.4171875 0.62421875 0.0875 0.11953125
4 0.2546875 0.31640625 0.01328125 0.025
4 0.26640625 0.32109375 0.01640625 0.025
4 0.1796875 0.340625 0.0453125 0.040625
4 0.25 0.3109375 0.01875 0.021875
4 0.315625 0.45 0.05625 0.06484375
4 0.29609375 0.3375 0.0234375 0.028125
4 0.23203125 0.3 0.02578125 0.02578125
4 0.36328125 0.41796875 0.0640625 0.0453125
4 0.2890625 0.328125 0.0359375 0.03046875