4 0.34453125 0.8359375 0.11875 0.13203125
4 0.37265625 0.75859375 0.07890625 0.06796875
4 0.65234375 0.2796875 0.0296875 0.03828125
4 0.6765625 0.25625 0.01640625 0.021875
4 0.6234375 0.3390625 0.0359375 0.0359375
4 0.58828125 0.49921875 0.0453125 0.08125
4 0.64453125 0.3109375 0.0265625 0.03671875
4 0.61328125 0.87265625 0.10234375 0.17109375
3 0.59609375 0.28203125 0.00703125 0.03046875
3 0.4453125 0.359375 0.0140625 0.04375
3 0.46953125 0.49375 0.0171875 0.06328125
3 0.5859375 0.28203125 0.00703125 0.03046875
4 0.2609375 0.94375 0.14140625 0.10859375
4 0.4921875 0.5625 0.06796875 0.07578125
4 0.61640625 0.3625 0.03359375 0.04140625
4 0.5203125 0.5046875 0.059375 0.06484375