4 0.60859375 0.59453125 0.05546875 0.07578125
4 0.525 0.51171875 0.0671875 0.065625
4 0.48828125 0.5625 0.07109375 0.07109375
4 0.52109375 0.94609375 0.125 0.10390625
4 0.628125 0.27578125 0.02421875 0.0265625
4 0.53203125 0.471875 0.03515625 0.01484375
4 0.61796875 0.36171875 0.03828125 0.040625
4 0.65234375 0.2859375 0.02421875 0.0234375
4 0.6734375 0.26171875 0.0171875 0.02265625
4 0.6390625 0.25546875 0.01640625 0.02109375
4 0.6234375 0.3421875 0.03125 0.02734375
4 0.56015625 0.6859375 0.0796875 0.103125
4 0.6015625 0.521875 0.046875 0.06640625
4 0.578125 0.45546875 0.065625 0.05390625
3 0.48125 0.45234375 0.01171875 0.0359375
3 0.6296875 0.23828125 0.00703125 0.02265625
3 0.12890625 0.8 0.028125 0.08359375
3 0.5046875 0.459375 0.015625 0.05234375
3 0.60234375 0.27578125 0.00703125 0.0234375
3 0.5953125 0.27890625 0.00625 0.02421875
3 0.34453125 0.7171875 0.0265625 0.07265625
3 0.58828125 0.3 0.00546875 0.02421875
0 0.49296875 0.38359375 0.1453125 0.1234375