4 0.51953125 0.53515625 0.02109375 0.0234375
4 0.5078125 0.56015625 0.01953125 0.03125
4 0.478125 0.60546875 0.028125 0.03828125
4 0.49140625 0.5875 0.01875 0.02734375
4 0.7203125 0.71953125 0.0609375 0.06484375
4 0.30859375 0.60625 0.0296875 0.028125
4 0.3265625 0.5984375 0.0265625 0.0265625
4 0.471875 0.6203125 0.034375 0.0296875
4 0.35625 0.58125 0.02734375 0.0265625
4 0.378125 0.56953125 0.0265625 0.02578125
4 0.39453125 0.56015625 0.015625 0.0203125
4 0.40703125 0.55234375 0.01640625 0.02421875
4 0.440625 0.53125 0.01484375 0.01484375
4 0.45 0.521875 0.0125 0.01875
4 0.4609375 0.51484375 0.0125 0.0140625
4 0.4984375 0.571875 0.0203125 0.02578125