3 0.771875 0.75078125 0.02421875 0.09375
4 0.36640625 0.54140625 0.10625 0.1765625
4 0.2859375 0.15625 0.02890625 0.034375
4 0.30078125 0.1390625 0.02109375 0.02265625
4 0.28671875 0.128125 0.0203125 0.021875
4 0.446875 0.68125 0.11015625 0.12890625
4 0.3171875 0.15390625 0.02421875 0.02578125
3 0.2734375 0.21015625 0.00703125 0.03359375
3 0.3359375 0.19921875 0.01015625 0.02265625
3 0.2875 0.21640625 0.01015625 0.0375
3 0.328125 0.23359375 0.00859375 0.0375
3 0.29765625 0.296875 0.01015625 0.04375
3 0.44296875 0.92890625 0.03125 0.10390625
3 0.40234375 0.940625 0.03671875 0.11484375
3 0.51796875 0.940625 0.04140625 0.11484375
3 0.259375 0.9734375 0.0390625 0.04921875
3 0.2515625 0.88828125 0.0328125 0.096875
3 0.18125 0.94453125 0.02890625 0.07578125
3 0.890625 0.66484375 0.01484375 0.05546875
3 0.3828125 0.25546875 0.00859375 0.03203125
3 0.20078125 0.246875 0.0109375 0.02890625
3 0.2625 0.21640625 0.0140625 0.03203125
3 0.30546875 0.946875 0.04140625 0.10234375
3 0.31953125 0.82109375 0.0375 0.1046875
3 0.87890625 0.69140625 0.01953125 0.08359375
3 0.2671875 0.30234375 0.00859375 0.04140625
3 0.36640625 0.26015625 0.00703125 0.03203125
3 0.1921875 0.290625 0.01015625 0.03203125
3 0.253125 0.24375 0.00703125 0.034375
3 0.146875 0.97109375 0.034375 0.053125
3 0.20546875 0.9640625 0.0484375 0.06796875