3 0.63203125 0.2390625 0.00546875 0.0203125
4 0.64296875 0.30859375 0.03046875 0.03515625
4 0.6578125 0.284375 0.025 0.0296875
4 0.66953125 0.265625 0.0234375 0.02734375
4 0.48828125 0.56171875 0.07109375 0.071875
4 0.61640625 0.36171875 0.04296875 0.04609375
4 0.51875 0.4984375 0.0625 0.07578125
4 0.6265625 0.34765625 0.02890625 0.03671875
4 0.61484375 0.2921875 0.02890625 0.0296875
4 0.653125 0.2546875 0.01796875 0.02265625
4 0.315625 0.871875 0.13671875 0.16875
4 0.59921875 0.496875 0.04609375 0.07109375
3 0.496875 0.4640625 0.01171875 0.03515625
3 0.45078125 0.36171875 0.0109375 0.04296875
3 0.465625 0.41015625 0.0140625 0.04609375
3 0.428125 0.421875 0.0125 0.05234375
3 0.5296875 0.3375 0.0109375 0.0375
3 0.46171875 0.3609375 0.01015625 0.04453125
3 0.61640625 0.25546875 0.00625 0.01796875
3 0.50546875 0.35859375 0.0140625 0.0421875