3 0.025 0.73046875 0.0296875 0.0890625
3 0.07421875 0.78671875 0.0296875 0.07109375
3 0.009375 0.84765625 0.01875 0.07734375
3 0.49140625 0.86953125 0.0375 0.10859375
3 0.1375 0.86640625 0.02890625 0.075
3 0.45078125 0.871875 0.04140625 0.10625
3 0.77578125 0.7328125 0.03203125 0.09609375
3 0.0359375 0.88125 0.03203125 0.1
3 0.10546875 0.93984375 0.034375 0.115625
3 0.03203125 0.828125 0.02734375 0.05546875
3 0.06171875 0.8828125 0.0203125 0.06015625
3 0.08046875 0.86015625 0.03515625 0.08515625
3 0.07734375 0.946875 0.02890625 0.0984375
3 0.01328125 0.909375 0.0265625 0.08125
3 0.609375 0.59921875 0.021875 0.06796875
3 0.52734375 0.546875 0.02109375 0.02734375
3 0.14140625 0.97109375 0.03359375 0.053125
3 0.74453125 0.74375 0.03203125 0.08359375
4 0.95078125 0.825 0.0953125 0.175
4 0.0453125 0.22734375 0.02578125 0.025
4 0.33515625 0.6875 0.11328125 0.12109375
4 0.2125 0.73203125 0.13203125 0.15625
4 0.071875 0.2421875 0.02890625 0.025
4 0.971875 0.65234375 0.05390625 0.1296875