4 0.540625 0.5390625 0.04921875 0.0484375
4 0.0140625 0.84453125 0.028125 0.08515625
4 0.9 0.33984375 0.04765625 0.096875
4 0.76015625 0.41484375 0.05390625 0.09140625
4 0.7125 0.62734375 0.04765625 0.078125
4 0.6421875 0.54296875 0.0625 0.08515625
4 0.67265625 0.43125 0.05 0.0625
4 0.8171875 0.6734375 0.08203125 0.115625
4 0.4734375 0.73828125 0.2375 0.359375
4 0.79609375 0.7234375 0.09765625 0.1
4 0.178125 0.7125 0.1125 0.07265625
4 0.6375 0.66328125 0.06953125 0.10234375
4 0.0515625 0.9390625 0.103125 0.115625
4 0.271875 0.8640625 0.27578125 0.26796875
4 0.70234375 0.85546875 0.12578125 0.13984375
4 0.053125 0.82265625 0.10625 0.11875
4 0.85859375 0.31484375 0.0265625 0.03125
4 0.85078125 0.42421875 0.04140625 0.04765625
4 0.7125 0.49609375 0.04921875 0.0578125
4 0.83359375 0.453125 0.046875 0.0421875
4 0.82109375 0.475 0.04921875 0.0546875
4 0.78046875 0.52265625 0.05 0.0671875
4 0.74921875 0.5421875 0.0765625 0.08671875
4 0.88671875 0.5546875 0.06328125 0.08671875
4 0.7625 0.34140625 0.02109375 0.034375
4 0.83828125 0.33984375 0.02578125 0.03828125
4 0.7984375 0.34375 0.05703125 0.09375
4 0.865625 0.609375 0.0640625 0.08359375
4 0.84375 0.60703125 0.0546875 0.0421875
4 0.83984375 0.62109375 0.05859375 0.025
4 0.62734375 0.4734375 0.04921875 0.0484375
4 0.5578125 0.53125 0.05 0.05859375
4 0.54296875 0.47265625 0.0546875 0.0546875
4 0.721875 0.5890625 0.06171875 0.07890625
4 0.5703125 0.61171875 0.03203125 0.0703125
4 0.29921875 0.66796875 0.12578125 0.125
3 0.64453125 0.38671875 0.0125 0.04375
3 0.6984375 0.43203125 0.01015625 0.05625
3 0.12265625 0.81953125 0.02421875 0.11015625
1 0.59140625 0.47734375 0.01015625 0.03515625
1 0.60390625 0.4390625 0.01171875 0.0390625
1 0.93515625 0.465625 0.01015625 0.04375