3 0.5890625 0.296875 0.00546875 0.03046875
3 0.6046875 0.26015625 0.00703125 0.02578125
3 0.5609375 0.37109375 0.0140625 0.04609375
3 0.43359375 0.42421875 0.0125 0.04765625
3 0.46953125 0.440625 0.0125 0.05234375
3 0.49609375 0.44296875 0.0140625 0.04375
3 0.13515625 0.940625 0.03125 0.11484375
3 0.51484375 0.35390625 0.009375 0.03515625
3 0.5796875 0.603125 0.01953125 0.06875
3 0.54140625 0.59609375 0.0140625 0.06640625
3 0.53515625 0.33984375 0.01015625 0.03515625
3 0.62734375 0.25234375 0.00546875 0.02421875
3 0.61328125 0.25 0.00625 0.02578125
3 0.5984375 0.2796875 0.00546875 0.03046875
4 0.6609375 0.2828125 0.02421875 0.025
3 0.58203125 0.2953125 0.00859375 0.03359375
3 0.575 0.2953125 0.00625 0.03203125
3 0.4515625 0.3640625 0.01171875 0.046875
3 0.61953125 0.2515625 0.00703125 0.02734375
3 0.63828125 0.2515625 0.00859375 0.0265625
3 0.528125 0.36328125 0.01015625 0.04921875
3 0.50234375 0.3671875 0.01015625 0.04609375
3 0.5953125 0.3734375 0.00859375 0.03671875
4 0.64921875 0.29140625 0.0296875 0.02578125
4 0.6171875 0.32578125 0.03984375 0.034375
4 0.64140625 0.309375 0.021875 0.02421875
4 0.6265625 0.34375 0.03125 0.03828125
4 0.490625 0.553125 0.06875 0.0734375
4 0.57109375 0.53125 0.059375 0.08828125
4 0.61484375 0.36171875 0.03359375 0.03828125
4 0.67265625 0.26015625 0.01875 0.025
4 0.6671875 0.26640625 0.01875 0.0203125
4 0.57421875 0.3390625 0.034375 0.03828125