3 0.26484375 0.95625 0.0234375 0.08359375
3 0.29609375 0.95078125 0.04375 0.09375
3 0.9453125 0.76171875 0.0234375 0.08671875
4 0.3890625 0.50078125 0.06796875 0.07265625
4 0.2953125 0.2234375 0.02734375 0.028125
4 0.27265625 0.2375 0.03515625 0.02890625
4 0.3671875 0.6078125 0.0921875 0.09921875
4 0.271875 0.37109375 0.03515625 0.05078125
4 0.29765625 0.296875 0.0609375 0.0359375
4 0.45234375 0.74921875 0.11796875 0.14765625
4 0.22734375 0.22265625 0.02578125 0.03359375
4 0.2046875 0.1953125 0.02109375 0.02734375
3 0.92578125 0.7625 0.0328125 0.08671875