3 0.39765625 0.3421875 0.0078125 0.0328125
3 0.1796875 0.27578125 0.00703125 0.025
3 0.1703125 0.26484375 0.0078125 0.02421875
3 0.17734375 0.2578125 0.00625 0.0171875
3 0.94921875 0.74453125 0.0265625 0.090625
3 0.16796875 0.46484375 0.0125 0.0546875
3 0.38984375 0.346875 0.01015625 0.03984375
3 0.19140625 0.26875 0.00859375 0.0265625
3 0.20625 0.2703125 0.00546875 0.028125
3 0.20078125 0.26875 0.00703125 0.02734375
4 0.27890625 0.2140625 0.01953125 0.02421875
4 0.26875 0.20234375 0.0203125 0.02265625
4 0.29375 0.225 0.02421875 0.0265625
4 0.209375 0.15234375 0.02421875 0.0265625
3 0.25859375 0.78046875 0.025 0.09296875
3 0.22890625 0.78828125 0.02265625 0.08515625
3 0.19921875 0.80078125 0.01875 0.08125
3 0.9703125 0.70625 0.021875 0.0859375
3 0.284375 0.78203125 0.02890625 0.0875
3 0.31484375 0.7703125 0.02890625 0.0890625