4 0.49609375 0.76328125 0.0921875 0.11796875
4 0.61875 0.2953125 0.0265625 0.03125
4 0.659375 0.28671875 0.02109375 0.0328125
4 0.6265625 0.35234375 0.02890625 0.03359375
4 0.64453125 0.32265625 0.03046875 0.0375
4 0.53203125 0.640625 0.03828125 0.08125
4 0.4890625 0.565625 0.071875 0.07265625
4 0.60390625 0.50078125 0.04765625 0.07734375
4 0.615625 0.36484375 0.04453125 0.04453125
4 0.60859375 0.3125 0.03125 0.03046875
4 0.51796875 0.5046875 0.065625 0.08125
3 0.4984375 0.37421875 0.01015625 0.03984375
3 0.59921875 0.2765625 0.00703125 0.02734375
3 0.4546875 0.3734375 0.0125 0.04296875
3 0.5078125 0.3703125 0.01015625 0.03984375
3 0.56875 0.33125 0.01328125 0.03671875
3 0.59140625 0.2796875 0.00859375 0.0265625
3 0.62265625 0.25625 0.00703125 0.02109375
3 0.61171875 0.26015625 0.00703125 0.02109375
3 0.4515625 0.44765625 0.0140625 0.04609375