4 0.36796875 0.96015625 0.12890625 0.07578125
4 0.36171875 0.903125 0.13359375 0.05625
4 0.40078125 0.8578125 0.13203125 0.07734375
4 0.36640625 0.22421875 0.034375 0.05234375
4 0.57421875 0.24609375 0.0390625 0.0625
4 0.58828125 0.2578125 0.01875 0.05546875
4 0.5515625 0.18203125 0.0265625 0.0890625
4 0.3171875 0.97578125 0.14921875 0.04453125
4 0.5140625 0.18515625 0.059375 0.09453125
4 0.44140625 0.19765625 0.07421875 0.11875
4 0.01640625 0.59140625 0.0328125 0.125
4 0.33671875 0.2265625 0.03671875 0.04921875
4 0.446875 0.87265625 0.115625 0.15234375
1 0.49140625 0.5328125 0.0203125 0.0859375
1 0.5546875 0.590625 0.03828125 0.12890625
1 0.565625 0.48515625 0.0234375 0.07890625
1 0.5921875 0.6078125 0.01171875 0.09375
1 0.51953125 0.49375 0.0171875 0.07890625
1 0.5046875 0.5125 0.01328125 0.08515625
1 0.48203125 0.54609375 0.01484375 0.09609375