1 0.91171875 0.4265625 0.009375 0.0359375
1 0.61328125 0.44375 0.01171875 0.04296875
4 0.8328125 0.6890625 0.0625 0.09765625
4 0.85703125 0.6078125 0.05 0.04296875
4 0.84140625 0.615625 0.06640625 0.02578125
4 0.8046875 0.728125 0.0953125 0.09765625
4 0.86875 0.59921875 0.075 0.075
4 0.7171875 0.8484375 0.12890625 0.15625
4 0.68671875 0.9046875 0.12890625 0.1234375
4 0.4578125 0.596875 0.08359375 0.09765625
4 0.8109375 0.67734375 0.08359375 0.04609375
4 0.8578125 0.40703125 0.04609375 0.05625
4 0.68046875 0.44140625 0.04921875 0.05390625
1 0.63125 0.403125 0.0078125 0.0359375
1 0.94296875 0.47421875 0.0140625 0.06484375
1 0.6 0.47421875 0.01171875 0.04296875
4 0.83984375 0.64375 0.0578125 0.0390625