4 0.7140625 0.515625 0.12890625 0.10625
4 0.353125 0.4515625 0.090625 0.1140625
4 0.41328125 0.509375 0.08828125 0.0703125
4 0.26484375 0.31796875 0.03359375 0.025
4 0.19453125 0.275 0.02890625 0.03984375
4 0.21796875 0.296875 0.0171875 0.0171875
4 0.290625 0.51796875 0.078125 0.11796875
4 0.4984375 0.58515625 0.1140625 0.12578125
4 0.17421875 0.3890625 0.04296875 0.04296875
4 0.575 0.459375 0.09375 0.07265625
4 0.42578125 0.68125 0.12890625 0.14140625
4 0.66875 0.72109375 0.1875 0.19140625
3 0.25625 0.91015625 0.0296875 0.125
1 0.6703125 0.4796875 0.015625 0.03046875
1 0.65 0.49765625 0.01484375 0.0296875
1 0.634375 0.48203125 0.0203125 0.05546875
1 0.92109375 0.60078125 0.12109375 0.07265625
0 0.21796875 0.34375 0.078125 0.0828125