4 0.4828125 0.50234375 0.015625 0.015625
4 0.521875 0.5359375 0.009375 0.02109375
4 0.49765625 0.575 0.02109375 0.02578125
4 0.45 0.52734375 0.009375 0.0125
4 0.7203125 0.7203125 0.06171875 0.06171875
4 0.315625 0.88203125 0.096875 0.10078125
4 0.34296875 0.82265625 0.08125 0.0859375
4 0.3109375 0.60546875 0.0265625 0.03125
4 0.3265625 0.596875 0.0265625 0.03125
4 0.28984375 0.6125 0.0375 0.0375
4 0.45546875 0.57109375 0.02109375 0.025
4 0.4875 0.584375 0.02421875 0.0265625
4 0.4171875 0.54609375 0.015625 0.02109375
4 0.21171875 0.99453125 0.02578125 0.00625
4 0.04140625 0.8 0.08203125 0.0875
4 0.46953125 0.61875 0.03125 0.03203125
4 0.440625 0.53046875 0.01640625 0.0171875
4 0.40234375 0.55390625 0.02265625 0.02265625
4 0.3515625 0.584375 0.02421875 0.03046875
4 0.36484375 0.57578125 0.02109375 0.02109375
4 0.26015625 0.94375 0.134375 0.10859375