4 0.290625 0.328125 0.02109375 0.0296875
4 0.24921875 0.3078125 0.01953125 0.02265625
4 0.27265625 0.409375 0.04375 0.05390625
4 0.30546875 0.4328125 0.05703125 0.06171875
4 0.346875 0.46875 0.07109375 0.06953125
4 0.31015625 0.33359375 0.0390625 0.03359375
4 0.60390625 0.6703125 0.15546875 0.14765625
4 0.57578125 0.45703125 0.0953125 0.06953125
1 0.66953125 0.4921875 0.01796875 0.06328125
1 0.91875 0.5875 0.121875 0.05859375
1 0.6515625 0.4984375 0.01796875 0.04296875
1 0.63359375 0.4796875 0.01796875 0.06328125
4 0.40625 0.509375 0.0875 0.0671875
4 0.49453125 0.58671875 0.1046875 0.10703125
4 0.2328125 0.3 0.01875 0.01953125
4 0.26171875 0.31328125 0.02734375 0.0234375
4 0.278125 0.31953125 0.03046875 0.03046875
4 0.1953125 0.26640625 0.0328125 0.04140625