3 0.81015625 0.64140625 0.021875 0.05078125
4 0.20390625 0.20625 0.01171875 0.02109375
4 0.44296875 0.76484375 0.1140625 0.15625
4 0.2296875 0.23046875 0.01875 0.02265625
4 0.3078125 0.22734375 0.034375 0.04296875
4 0.284375 0.21953125 0.01640625 0.0203125
4 0.38359375 0.14375 0.02890625 0.01640625
4 0.303125 0.32421875 0.1109375 0.0828125
4 0.2796875 0.2421875 0.028125 0.02890625
4 0.2453125 0.24375 0.028125 0.02578125
4 0.26953125 0.2015625 0.025 0.021875
4 0.259375 0.21953125 0.02265625 0.02265625
3 0.15703125 0.9390625 0.0375 0.04921875
3 0.19921875 0.67578125 0.028125 0.05234375
3 0.35703125 0.31796875 0.0109375 0.04140625
3 0.22890625 0.9421875 0.03984375 0.11171875
3 0.2296875 0.81328125 0.0296875 0.09765625
3 0.16328125 0.34765625 0.0140625 0.0359375
3 0.196875 0.35078125 0.01015625 0.040625
3 0.44140625 0.46328125 0.00859375 0.0390625
3 0.51171875 0.48203125 0.0140625 0.03203125
3 0.771875 0.63125 0.02109375 0.07578125
3 0.7984375 0.775 0.0390625 0.09140625
3 0.8546875 0.7875 0.034375 0.090625
3 0.17265625 0.96328125 0.04453125 0.06875
3 0.178125 0.353125 0.01015625 0.03359375
3 0.20703125 0.35390625 0.009375 0.03359375
1 0.965625 0.8484375 0.034375 0.08984375