4 0.29296875 0.23671875 0.02734375 0.04375
4 0.3375 0.22734375 0.0296875 0.0375
4 0.38671875 0.19140625 0.03828125 0.025
4 0.27734375 0.18359375 0.02578125 0.02890625
4 0.38984375 0.54765625 0.0734375 0.10078125
4 0.28984375 0.1234375 0.03125 0.04375
4 0.4109375 0.07890625 0.02734375 0.01640625
4 0.4453125 0.64765625 0.11796875 0.15
4 0.25546875 0.15625 0.01875 0.021875
4 0.3203125 0.15546875 0.025 0.02578125
3 0.60703125 0.9734375 0.025 0.0484375
3 0.75234375 0.98203125 0.03515625 0.03125
3 0.23671875 0.60234375 0.02109375 0.05859375
3 0.6578125 0.9546875 0.02734375 0.0859375
3 0.43515625 0.31875 0.0125 0.0234375
3 0.3 0.903125 0.03359375 0.075
3 0.33046875 0.7609375 0.03671875 0.0890625
3 0.284375 0.75 0.0265625 0.04921875
3 0.29609375 0.6140625 0.0171875 0.06953125
3 0.2453125 0.22109375 0.00625 0.028125
3 0.2640625 0.621875 0.0203125 0.08046875
3 0.28671875 0.6984375 0.02890625 0.0765625
3 0.25703125 0.684375 0.01796875 0.0390625
3 0.26015625 0.73984375 0.02421875 0.078125
3 0.19921875 0.3296875 0.01640625 0.04296875
3 0.18515625 0.3046875 0.01015625 0.0359375
3 0.5859375 0.96484375 0.02890625 0.06640625
3 0.2515625 0.95 0.03203125 0.09609375
3 0.4671875 0.928125 0.0703125 0.10234375
3 0.68046875 0.93671875 0.02734375 0.10546875
3 0.30859375 0.965625 0.0609375 0.06484375
3 0.521875 0.9203125 0.03125 0.1078125
3 0.378125 0.81953125 0.0296875 0.10546875
3 0.32421875 0.834375 0.0234375 0.10703125
3 0.28828125 0.80390625 0.03203125 0.1
3 0.2140625 0.53984375 0.01484375 0.06328125
3 0.4390625 0.35 0.0109375 0.04296875
3 0.228125 0.315625 0.0125 0.05078125
3 0.2515625 0.2203125 0.00625 0.0296875
2 0.84140625 0.83046875 0.04296875 0.121875