4 0.66796875 0.265625 0.01875 0.02734375
4 0.6234375 0.334375 0.03046875 0.01796875
4 0.62109375 0.35703125 0.03203125 0.03984375
3 0.41875 0.48203125 0.015625 0.0515625
3 0.621875 0.390625 0.00859375 0.02734375
3 0.59296875 0.3625 0.009375 0.04609375
3 0.59765625 0.4515625 0.0125 0.03828125
3 0.546875 0.45234375 0.0265625 0.0640625
3 0.6078125 0.26171875 0.00703125 0.02890625
3 0.54140625 0.3640625 0.01171875 0.04296875
3 0.59921875 0.36640625 0.0078125 0.040625
3 0.4359375 0.47734375 0.0171875 0.04765625