4 0.3578125 0.84453125 0.17109375 0.171875
4 0.69296875 0.91484375 0.159375 0.0453125
4 0.23984375 0.5171875 0.071875 0.0828125
4 0.29375 0.49453125 0.08515625 0.08515625
4 0.33984375 0.47421875 0.0625 0.0765625
4 0.653125 0.41875 0.06640625 0.05703125
4 0.6234375 0.396875 0.06015625 0.06328125
4 0.68359375 0.40859375 0.0375 0.053125
4 0.56875 0.41171875 0.05234375 0.065625
4 0.2484375 0.625 0.10234375 0.1203125
4 0.20859375 0.65 0.109375 0.109375
4 0.40390625 0.61484375 0.096875 0.11796875
4 0.60625 0.6328125 0.115625 0.1203125
4 0.10078125 0.5765625 0.08984375 0.1
4 0.16953125 0.5390625 0.07578125 0.08828125
4 0.08125 0.5828125 0.075 0.08203125
4 0.746875 0.5296875 0.08984375 0.09296875
4 0.41484375 0.4296875 0.04296875 0.0484375
4 0.02421875 0.66640625 0.0484375 0.21171875
4 0.73671875 0.41171875 0.07890625 0.07109375
4 0.621875 0.46484375 0.06953125 0.0734375
4 0.58515625 0.49140625 0.08359375 0.08125
4 0.71875 0.5015625 0.0859375 0.10234375
4 0.74921875 0.475 0.07265625 0.02578125
4 0.83828125 0.62265625 0.0859375 0.07890625
4 0.8328125 0.67421875 0.0671875 0.12734375
4 0.840625 0.71328125 0.05 0.134375
2 0.1109375 0.63359375 0.046875 0.1171875
0 0.92890625 0.75625 0.1359375 0.36875