4 0.2625 0.47265625 0.0515625 0.0765625
4 0.3578125 0.64921875 0.08671875 0.10625
4 0.33046875 0.578125 0.071875 0.06796875
4 0.30625 0.51328125 0.059375 0.07734375
4 0.321875 0.44375 0.0421875 0.0515625
4 0.32890625 0.3984375 0.040625 0.053125
4 0.325 0.0765625 0.0296875 0.015625
4 0.2734375 0.24140625 0.02734375 0.0265625
4 0.22734375 0.2296875 0.0234375 0.025
4 0.2546875 0.2234375 0.02734375 0.025
4 0.2921875 0.225 0.02734375 0.025
4 0.2765625 0.2109375 0.02265625 0.0234375
4 0.26015625 0.1984375 0.0203125 0.02421875
4 0.24921875 0.1890625 0.01875 0.0203125
4 0.2359375 0.17734375 0.02109375 0.02109375
4 0.21953125 0.16875 0.01796875 0.01875
4 0.30078125 0.16640625 0.021875 0.01484375
4 0.29140625 0.0828125 0.02265625 0.0125
4 0.24296875 0.24296875 0.025 0.028125
4 0.45703125 0.7390625 0.13671875 0.18828125
3 0.20703125 0.3546875 0.009375 0.0296875
3 0.67734375 0.86328125 0.04296875 0.10625
3 0.32421875 0.953125 0.03671875 0.08984375
3 0.4078125 0.38125 0.009375 0.03671875
3 0.19140625 0.91484375 0.040625 0.065625
3 0.22109375 0.78828125 0.03125 0.075
3 0.27890625 0.7453125 0.02421875 0.07421875
3 0.2546875 0.77578125 0.02265625 0.0890625
3 0.19921875 0.61171875 0.0234375 0.034375
3 0.16640625 0.3546875 0.0078125 0.028125
3 0.17578125 0.359375 0.01015625 0.0265625
3 0.19453125 0.35703125 0.009375 0.03125
3 0.2703125 0.28984375 0.0109375 0.03359375
3 0.2796875 0.2859375 0.00703125 0.02734375
3 0.1734375 0.26640625 0.0078125 0.02265625
3 0.22265625 0.26640625 0.00859375 0.02109375
3 0.32265625 0.28671875 0.01171875 0.02734375
3 0.796875 0.63125 0.0171875 0.0625
3 0.9015625 0.728125 0.01875 0.08515625
3 0.459375 0.44609375 0.015625 0.05078125
3 0.20234375 0.6625 0.025 0.07578125
3 0.14765625 0.23359375 0.00703125 0.025
3 0.159375 0.22109375 0.00625 0.02421875
3 0.2359375 0.2796875 0.00859375 0.0328125
3 0.2578125 0.29609375 0.0109375 0.0296875
3 0.1765625 0.38671875 0.0109375 0.034375
3 0.3984375 0.3828125 0.01015625 0.03828125
3 0.27578125 0.80234375 0.02734375 0.0828125
3 0.228125 0.85390625 0.0234375 0.1015625
3 0.19296875 0.9578125 0.0296875 0.08046875
1 0.965625 0.85 0.034375 0.09140625