4 0.58984375 0.65546875 0.08984375 0.10625
4 0.6953125 0.28828125 0.0421875 0.053125
4 0.6609375 0.36171875 0.0328125 0.03984375
4 0.64453125 0.49296875 0.090625 0.1984375
4 0.53046875 0.8234375 0.13125 0.21171875
4 0.37578125 0.82734375 0.12421875 0.13671875
4 0.6921875 0.7859375 0.0796875 0.128125
4 0.546875 0.5546875 0.0734375 0.07890625
4 0.684375 0.39921875 0.07421875 0.04296875
4 0.6296875 0.33125 0.0359375 0.034375
4 0.66796875 0.34375 0.03671875 0.04453125
4 0.56484375 0.49609375 0.059375 0.05078125
3 0.25234375 0.7859375 0.0265625 0.0859375
3 0.13203125 0.9640625 0.03125 0.06796875
3 0.0984375 0.95546875 0.03515625 0.084375
3 0.5484375 0.35078125 0.01171875 0.04375
3 0.03125 0.94375 0.03984375 0.10859375
3 0.2296875 0.74296875 0.02421875 0.090625
3 0.5171875 0.4265625 0.01484375 0.05234375
3 0.66328125 0.26015625 0.00859375 0.0296875