4 0.21875 0.1484375 0.0265625 0.034375
4 0.3234375 0.0703125 0.02421875 0.01796875
4 0.19296875 0.13984375 0.0171875 0.01640625
4 0.40546875 0.14140625 0.02734375 0.02421875
4 0.284375 0.57578125 0.11953125 0.15234375
4 0.28984375 0.25859375 0.02421875 0.03203125
4 0.30859375 0.2328125 0.02734375 0.025
4 0.26796875 0.22578125 0.0234375 0.028125
4 0.28046875 0.20546875 0.02578125 0.0265625
4 0.2453125 0.20703125 0.0234375 0.03046875
4 0.2609375 0.1921875 0.02109375 0.02109375
4 0.24375 0.18046875 0.01875 0.0171875
4 0.23203125 0.1703125 0.01640625 0.015625
3 0.22734375 0.2890625 0.0078125 0.02734375
3 0.22265625 0.3078125 0.00625 0.02421875
3 0.20390625 0.3703125 0.01015625 0.03828125
3 0.1921875 0.36640625 0.009375 0.03203125
3 0.18359375 0.4421875 0.01328125 0.05390625
3 0.19921875 0.253125 0.01015625 0.03515625
3 0.34296875 0.9765625 0.03984375 0.0421875
3 0.4 0.35 0.01171875 0.04765625
3 0.24296875 0.825 0.02734375 0.10390625
3 0.30390625 0.98125 0.03984375 0.0328125
1 0.96484375 0.846875 0.028125 0.09375
0 0.21796875 0.21875 0.04609375 0.07578125