4 0.6 0.3015625 0.0296875 0.03046875
4 0.609375 0.28828125 0.0296875 0.03046875
4 0.5921875 0.31640625 0.02578125 0.03203125
4 0.53125 0.37421875 0.03984375 0.05546875
4 0.55546875 0.5046875 0.0484375 0.07578125
4 0.48046875 0.49609375 0.05625 0.0625
4 0.4484375 0.54609375 0.08671875 0.08671875
4 0.57734375 0.353125 0.0359375 0.0359375
4 0.4765625 0.41796875 0.08984375 0.0578125
4 0.525 0.60546875 0.09296875 0.15234375
4 0.24375 0.91328125 0.18359375 0.16875
3 0.22578125 0.68984375 0.03046875 0.0890625
3 0.45 0.44765625 0.009375 0.04296875
3 0.42109375 0.54453125 0.02109375 0.05703125
3 0.6 0.9296875 0.01484375 0.05234375
3 0.21875 0.6296875 0.01953125 0.05625
3 0.1265625 0.91484375 0.04296875 0.11640625
3 0.30390625 0.99453125 0.00546875 0.00625
3 0.30390625 0.63046875 0.02265625 0.07265625
3 0.29921875 0.95703125 0.03515625 0.08125
3 0.58671875 0.23046875 0.00546875 0.01640625
3 0.58359375 0.26796875 0.009375 0.02734375
3 0.4609375 0.37109375 0.0125 0.0390625
3 0.45859375 0.45078125 0.01171875 0.04921875
3 0.5875 0.915625 0.0265625 0.08125
3 0.56484375 0.2515625 0.00859375 0.02421875
4 0.61875 0.26953125 0.01875 0.02109375