4 0.45 0.55234375 0.065625 0.0796875
4 0.47109375 0.50625 0.06015625 0.05859375
4 0.59453125 0.30390625 0.02421875 0.03515625
4 0.6234375 0.26484375 0.0203125 0.02109375
4 0.615625 0.2796875 0.02265625 0.02265625
4 0.58984375 0.4015625 0.0578125 0.04296875
4 0.578125 0.35234375 0.0375 0.0375
4 0.540625 0.50234375 0.0484375 0.065625
4 0.46640625 0.753125 0.09140625 0.1234375
4 0.578125 0.55859375 0.05234375 0.0546875
4 0.21015625 0.9671875 0.12109375 0.0609375
4 0.39375 0.92421875 0.13359375 0.1484375
3 0.4984375 0.45234375 0.01171875 0.05
3 0.54296875 0.36875 0.01328125 0.04453125
3 0.5 0.325 0.009375 0.03828125
3 0.49140625 0.32578125 0.0078125 0.0359375
3 0.41640625 0.43203125 0.015625 0.05390625
4 0.3296875 0.7625 0.08203125 0.065625
3 0.578125 0.25078125 0.00703125 0.0234375
3 0.5390625 0.28515625 0.00859375 0.02578125
3 0.51953125 0.3140625 0.0078125 0.03359375
4 0.28125 0.86796875 0.12421875 0.14296875
3 0.48046875 0.33671875 0.0125 0.03984375
3 0.52734375 0.36953125 0.0171875 0.04609375
3 0.51328125 0.4625 0.01953125 0.05
3 0.47734375 0.4546875 0.01640625 0.04453125
3 0.42578125 0.36328125 0.0140625 0.04375
3 0.46171875 0.3625 0.0171875 0.04140625
3 0.11875 0.75078125 0.02109375 0.08984375
3 0.0625 0.96640625 0.034375 0.0625
3 0.0078125 0.96875 0.015625 0.05859375
4 0.4953125 0.6359375 0.07421875 0.09765625