4 0.79609375 0.33125 0.03828125 0.0171875
4 0.79765625 0.3609375 0.03984375 0.04375
4 0.64609375 0.2703125 0.03125 0.0265625
4 0.08984375 0.64921875 0.17890625 0.19765625
4 0.78984375 0.48671875 0.0765625 0.103125
4 0.51015625 0.3625 0.06328125 0.06015625
4 0.2203125 0.5578125 0.1203125 0.12265625
4 0.321875 0.5 0.1015625 0.09375
4 0.39140625 0.4484375 0.090625 0.08671875
4 0.4453125 0.4234375 0.0515625 0.065625
4 0.5453125 0.3484375 0.0421875 0.04453125
4 0.56484375 0.33515625 0.03671875 0.03515625
4 0.7953125 0.4296875 0.06875 0.0609375
4 0.7984375 0.4046875 0.05625 0.04375
4 0.79375 0.31484375 0.028125 0.0171875
4 0.79609375 0.28125 0.021875 0.02578125
4 0.66015625 0.26640625 0.015625 0.02421875
4 0.66953125 0.2640625 0.0125 0.02265625
4 0.675 0.2578125 0.0109375 0.01953125
4 0.7953125 0.2609375 0.0171875 0.0171875
4 0.79453125 0.246875 0.01328125 0.01015625
4 0.79921875 0.24453125 0.015625 0.01953125