4 0.80078125 0.5421875 0.0890625 0.10390625
4 0.690625 0.253125 0.015625 0.0203125
4 0.81015625 0.278125 0.0203125 0.02265625
4 0.8125 0.32109375 0.0390625 0.03359375
4 0.80859375 0.35859375 0.040625 0.0421875
4 0.8109375 0.4 0.06171875 0.04921875
4 0.8078125 0.446875 0.0546875 0.07109375
4 0.67578125 0.2609375 0.02421875 0.0234375
1 0.3265625 0.46015625 0.0171875 0.05859375
4 0.4421875 0.33828125 0.0546875 0.03125
4 0.3828125 0.6078125 0.14375 0.209375
4 0.59375 0.3609375 0.05078125 0.05234375
4 0.44140625 0.303125 0.0578125 0.028125
4 0.8125 0.24296875 0.01796875 0.01484375
4 0.81171875 0.25703125 0.01953125 0.015625