4 0.4359375 0.3390625 0.01796875 0.0171875
4 0.41796875 0.34140625 0.021875 0.02109375
4 0.91796875 0.271875 0.01015625 0.0078125
4 0.9171875 0.28046875 0.01015625 0.00859375
4 0.93359375 0.2796875 0.01171875 0.0140625
4 0.125 0.40859375 0.0625 0.04609375
4 0.8421875 0.35234375 0.01796875 0.01484375
4 0.17578125 0.4015625 0.04765625 0.0359375
4 0.221875 0.390625 0.046875 0.0328125
4 0.65234375 0.4796875 0.034375 0.03515625
4 0.39296875 0.346875 0.02890625 0.02109375
4 0.5421875 0.48671875 0.03984375 0.0390625
4 0.4046875 0.63671875 0.07109375 0.04921875
4 0.7359375 0.40078125 0.025 0.02421875
4 0.85546875 0.321875 0.015625 0.01484375
4 0.4921875 0.32578125 0.0234375 0.0140625
4 0.34609375 0.35546875 0.0390625 0.03046875
4 0.8625 0.3671875 0.02109375 0.0234375