4 0.8078125 0.45078125 0.02421875 0.03125
4 0.71953125 0.265625 0.01015625 0.0109375
4 0.53125 0.30078125 0.01796875 0.01796875
4 0.5453125 0.29765625 0.0109375 0.01328125
4 0.5734375 0.28984375 0.01015625 0.0125
4 0.58125 0.28828125 0.00859375 0.0125
4 0.659375 0.29375 0.01640625 0.01171875
4 0.6328125 0.3109375 0.0171875 0.0171875
4 0.375 0.31640625 0.01953125 0.015625
4 0.3921875 0.32890625 0.02109375 0.021875
4 0.56171875 0.29453125 0.01328125 0.0125
4 0.36640625 0.33359375 0.0265625 0.02421875
4 0.41328125 0.3265625 0.0203125 0.01953125
4 0.90078125 0.27578125 0.01328125 0.0140625
4 0.48671875 0.3171875 0.021875 0.01484375
4 0.60078125 0.28203125 0.0140625 0.01484375
4 0.6296875 0.2703125 0.0171875 0.01171875
4 0.83203125 0.26640625 0.01953125 0.0109375
4 0.79375 0.26484375 0.01953125 0.0125
4 0.73046875 0.265625 0.01015625 0.0125
4 0.4984375 0.3078125 0.0140625 0.01328125
4 0.7078125 0.3390625 0.015625 0.01171875
4 0.67578125 0.28359375 0.0125 0.0125
4 0.7734375 0.29765625 0.0125 0.01015625
4 0.81484375 0.3234375 0.0125 0.0203125
4 0.61640625 0.3234375 0.01875 0.01953125
4 0.37734375 0.33828125 0.034375 0.02421875
4 0.59140625 0.34140625 0.02109375 0.0203125
4 0.70234375 0.3578125 0.01796875 0.0171875
4 0.73828125 0.34765625 0.015625 0.015625
4 0.72734375 0.43125 0.0234375 0.02578125
4 0.70234375 0.553125 0.03828125 0.0421875
4 0.87734375 0.26171875 0.00703125 0.0078125
4 0.8796875 0.271875 0.009375 0.0109375
4 0.8296875 0.29609375 0.00703125 0.01015625
4 0.81484375 0.2984375 0.00859375 0.01015625
4 0.82265625 0.309375 0.01015625 0.01015625
4 0.78984375 0.28671875 0.0078125 0.0078125
4 0.7953125 0.2953125 0.009375 0.0078125
4 0.5078125 0.30546875 0.0125 0.01171875
4 0.9859375 0.29375 0.0140625 0.02109375
4 0.9125 0.30703125 0.015625 0.01875
4 0.7953125 0.32578125 0.0140625 0.01484375