4 0.6328125 0.3203125 0.015625 0.01484375
4 0.5609375 0.321875 0.01171875 0.01015625
4 0.50859375 0.3015625 0.009375 0.00859375
4 0.75078125 0.303125 0.0171875 0.01484375
4 0.2359375 0.30625 0.01953125 0.0171875
4 0.3828125 0.30546875 0.01484375 0.01328125
4 0.71640625 0.28046875 0.0140625 0.0125
4 0.2578125 0.30078125 0.0171875 0.0140625
4 0.5328125 0.29609375 0.01171875 0.00859375
4 0.64140625 0.26640625 0.0109375 0.0109375
4 0.68125 0.26015625 0.00859375 0.01171875
4 0.35546875 0.2765625 0.00703125 0.00859375
4 0.40703125 0.2890625 0.01328125 0.0125
4 0.58671875 0.2875 0.00859375 0.00859375
4 0.52421875 0.2875 0.009375 0.0078125
4 0.53671875 0.28046875 0.01171875 0.0078125
4 0.52578125 0.278125 0.0078125 0.00703125
4 0.50625 0.259375 0.0171875 0.00703125
4 0.58203125 0.2578125 0.015625 0.00859375
4 0.66328125 0.259375 0.01171875 0.01484375
4 0.35078125 0.409375 0.02578125 0.02734375
4 0.48046875 0.415625 0.01875 0.02265625
4 0.1328125 0.63125 0.06640625 0.04921875
4 0.49609375 0.46328125 0.028125 0.03515625
4 0.23828125 0.48671875 0.075 0.07734375
4 0.33203125 0.34453125 0.01953125 0.02265625
4 0.85 0.378125 0.05234375 0.03984375
4 0.50078125 0.38515625 0.0125 0.01875
4 0.5265625 0.39296875 0.01484375 0.0203125
4 0.2515625 0.41484375 0.02890625 0.03359375
4 0.28984375 0.2921875 0.01328125 0.01484375
4 0.13125 0.33046875 0.021875 0.01953125
4 0.27421875 0.2953125 0.01640625 0.01796875
4 0.309375 0.290625 0.01640625 0.01171875
4 0.06875 0.3453125 0.03828125 0.0265625
4 0.1546875 0.484375 0.0390625 0.0359375
4 0.6765625 0.62734375 0.04375 0.075
4 0.1046875 0.33671875 0.03125 0.02421875