4 0.5734375 0.309375 0.0125 0.01171875
4 0.59765625 0.30234375 0.015625 0.0140625
4 0.41796875 0.34140625 0.02109375 0.01953125
4 0.125 0.409375 0.0625 0.04375
4 0.2234375 0.3890625 0.04765625 0.0296875
4 0.8296875 0.37421875 0.0171875 0.01875
4 0.86875 0.35234375 0.01484375 0.0125
4 0.64609375 0.33984375 0.02265625 0.01640625
4 0.30390625 0.58515625 0.05078125 0.04921875
4 0.60703125 0.52734375 0.046875 0.04375
4 0.39453125 0.3453125 0.028125 0.02578125
4 0.77421875 0.50234375 0.03671875 0.0375
4 0.80078125 0.44609375 0.02734375 0.0296875
4 0.68515625 0.390625 0.02734375 0.02265625
4 0.17578125 0.40078125 0.04921875 0.03515625
4 0.06484375 0.809375 0.12890625 0.14609375
4 0.71796875 0.69375 0.04453125 0.0421875
4 0.32734375 0.8546875 0.28515625 0.18203125
4 0.60625 0.675 0.0609375 0.0546875
4 0.384375 0.61328125 0.0671875 0.05546875
4 0.6078125 0.29921875 0.0109375 0.0125