4 0.49921875 0.43828125 0.06171875 0.0640625
4 0.63046875 0.4140625 0.05625 0.0421875
4 0.678125 0.43671875 0.05859375 0.046875
4 0.390625 0.45234375 0.05078125 0.0640625
4 0.4484375 0.3875 0.0765625 0.10625
4 0.9453125 0.61640625 0.10625 0.0984375
4 0.37421875 0.42265625 0.04609375 0.04921875
4 0.36875 0.3953125 0.0375 0.04140625
4 0.36328125 0.36171875 0.0328125 0.03828125
4 0.390625 0.3421875 0.02578125 0.02734375
4 0.40078125 0.3578125 0.02421875 0.04375
4 0.4078125 0.2875 0.028125 0.02734375
4 0.4390625 0.3046875 0.03828125 0.028125
4 0.9125 0.690625 0.171875 0.11953125
4 0.3203125 0.3515625 0.02890625 0.02890625
4 0.30234375 0.30859375 0.01796875 0.0203125
3 0.26953125 0.590625 0.025 0.08125
1 0.14609375 0.5 0.0125 0.02890625
1 0.96484375 0.45703125 0.0125 0.03984375
0 0.34296875 0.29140625 0.03203125 0.046875