4 0.45625 0.85 0.04140625 0.05390625
4 0.63203125 0.82265625 0.05390625 0.05
4 0.5625 0.753125 0.0390625 0.03984375
4 0.56875 0.6765625 0.02734375 0.02421875
4 0.48515625 0.68203125 0.025 0.03046875
4 0.528125 0.678125 0.0296875 0.02734375
4 0.33046875 0.6515625 0.0203125 0.0328125
4 0.321875 0.61015625 0.02109375 0.01875
4 0.3625 0.63203125 0.025 0.03203125
4 0.77890625 0.571875 0.0328125 0.02265625
4 0.484375 0.61015625 0.01953125 0.01953125
4 0.36953125 0.58984375 0.01640625 0.02109375
4 0.31171875 0.58203125 0.015625 0.01484375
3 0.1296875 0.58046875 0.00859375 0.040625
4 0.22890625 0.5546875 0.028125 0.02265625
4 0.38671875 0.69140625 0.02421875 0.03359375
4 0.54375 0.51953125 0.0171875 0.0125
4 0.346875 0.609375 0.01796875 0.01796875
4 0.3265625 0.57265625 0.0125 0.0078125
4 0.4578125 0.61484375 0.01796875 0.01875
4 0.46640625 0.596875 0.01484375 0.01484375
4 0.75 0.56328125 0.0328125 0.02578125
4 0.446875 0.5828125 0.01328125 0.0140625
4 0.4015625 0.58671875 0.0125 0.01484375
4 0.459375 0.50390625 0.0109375 0.009375
4 0.484375 0.50859375 0.01171875 0.00859375
4 0.42890625 0.571875 0.0140625 0.0140625