4 0.05078125 0.58359375 0.01328125 0.0328125
4 0.66953125 0.86796875 0.04453125 0.053125
4 0.59765625 0.86640625 0.04375 0.04921875
4 0.04375 0.72890625 0.021875 0.053125
4 0.0453125 0.625 0.02421875 0.046875
4 0.50859375 0.71015625 0.028125 0.03203125
4 0.490625 0.69765625 0.02734375 0.03046875
4 0.49765625 0.67734375 0.028125 0.03125
4 0.47890625 0.66640625 0.025 0.0234375
4 0.28515625 0.6953125 0.03515625 0.03515625
4 0.4359375 0.70546875 0.025 0.0203125
4 0.34296875 0.66796875 0.03828125 0.03515625
4 0.32421875 0.953125 0.05390625 0.05234375
4 0.23203125 0.6984375 0.028125 0.03203125
4 0.26953125 0.68515625 0.02265625 0.028125
4 0.2625 0.68203125 0.0265625 0.03125
4 0.2421875 0.665625 0.03125 0.02109375
4 0.18203125 0.7125 0.028125 0.02734375
4 0.16328125 0.69375 0.02421875 0.02734375
4 0.20078125 0.66796875 0.0296875 0.02734375
4 0.23125 0.94375 0.04375 0.03828125
4 0.94140625 0.67578125 0.04453125 0.05390625
4 0.4484375 0.709375 0.025 0.0171875
4 0.4203125 0.690625 0.028125 0.03359375
4 0.4265625 0.69921875 0.0265625 0.028125
4 0.4265625 0.70234375 0.01953125 0.02265625
4 0.5171875 0.52109375 0.02421875 0.02890625
4 0.52265625 0.52890625 0.02421875 0.02578125
4 0.65703125 0.58515625 0.02421875 0.03046875
4 0.7671875 0.63125 0.03359375 0.0203125
4 0.7796875 0.615625 0.03046875 0.03125
4 0.81171875 0.62578125 0.0359375 0.0265625
4 0.7578125 0.6140625 0.02265625 0.03359375
4 0.75 0.60703125 0.021875 0.03203125
4 0.7234375 0.61796875 0.0265625 0.02734375
4 0.70078125 0.6125 0.02578125 0.0203125
4 0.6921875 0.60078125 0.028125 0.015625
4 0.69375 0.58671875 0.0234375 0.015625
4 0.61171875 0.56328125 0.03046875 0.0328125
4 0.68203125 0.56640625 0.021875 0.02265625
4 0.67109375 0.5734375 0.021875 0.0234375
4 0.7203125 0.57734375 0.0234375 0.028125
4 0.70859375 0.571875 0.0078125 0.01875
4 0.7234375 0.59375 0.01484375 0.01875
4 0.74609375 0.59453125 0.03671875 0.02421875
4 0.86953125 0.621875 0.03359375 0.028125
4 0.790625 0.6046875 0.02578125 0.021875
4 0.61875 0.51875 0.025 0.0234375
4 0.3453125 0.98125 0.05078125 0.0328125
4 0.42109375 0.94140625 0.04921875 0.046875
4 0.2375 0.98125 0.0515625 0.0328125
4 0.6640625 0.93828125 0.05078125 0.06171875
4 0.43515625 0.7375 0.1265625 0.04453125
4 0.525 0.725 0.0296875 0.025
4 0.2625 0.73671875 0.10703125 0.04375
4 0.1546875 0.68046875 0.02421875 0.028125
4 0.9109375 0.66640625 0.03203125 0.05078125
4 0.0375 0.77421875 0.0140625 0.06484375
4 0.4578125 0.5125 0.02421875 0.02109375
4 0.49765625 0.5140625 0.01953125 0.02265625
4 0.2671875 0.9390625 0.04296875 0.03828125
4 0.7015625 0.9015625 0.03828125 0.0421875
4 0.628125 0.89609375 0.05 0.0546875