4 0.3203125 0.49921875 0.1046875 0.09296875
4 0.51328125 0.36328125 0.05625 0.059375
4 0.796875 0.3640625 0.03828125 0.0453125
4 0.6515625 0.27265625 0.01953125 0.02421875
4 0.7359375 0.23359375 0.0140625 0.01640625
4 0.76484375 0.2375 0.01328125 0.0140625
4 0.79140625 0.4875 0.078125 0.1
4 0.2125 0.56328125 0.1328125 0.13203125
4 0.39140625 0.45546875 0.08125 0.0796875
4 0.434375 0.4265625 0.06640625 0.065625
4 0.42890625 0.34140625 0.05625 0.03125
4 0.3984375 0.3015625 0.040625 0.01328125
4 0.796875 0.28203125 0.02421875 0.02734375
4 0.54375 0.34765625 0.04375 0.04140625
4 0.5640625 0.33515625 0.0375 0.03828125
4 0.6609375 0.26796875 0.0140625 0.02265625
4 0.79453125 0.33125 0.0359375 0.03671875
4 0.79609375 0.2546875 0.02265625 0.02578125
4 0.79765625 0.2390625 0.01640625 0.0109375
4 0.67109375 0.2640625 0.0078125 0.01640625
4 0.43125 0.31875 0.07109375 0.021875
4 0.7984375 0.4296875 0.0640625 0.03125
4 0.7234375 0.22734375 0.0109375 0.01328125
4 0.540625 0.29375 0.021875 0.01796875
4 0.67578125 0.25859375 0.01015625 0.01640625