4 0.334375 0.58828125 0.009375 0.01015625
4 0.35234375 0.6078125 0.01484375 0.015625
4 0.28515625 0.54140625 0.01171875 0.0109375
4 0.19921875 0.54609375 0.01171875 0.009375
4 0.17421875 0.55234375 0.01328125 0.01171875
4 0.025 0.584375 0.01953125 0.021875
4 0.25703125 0.56015625 0.01484375 0.015625
4 0.5890625 0.57265625 0.015625 0.0171875
4 0.10078125 0.56875 0.02265625 0.01953125
4 0.5171875 0.5609375 0.015625 0.01484375
4 0.49765625 0.55625 0.01328125 0.01484375
4 0.49140625 0.53046875 0.0078125 0.0078125
4 0.77109375 0.6234375 0.06640625 0.03203125
4 0.5890625 0.54765625 0.015625 0.0171875
4 0.50703125 0.528125 0.009375 0.00859375
4 0.51484375 0.54453125 0.009375 0.0125
4 0.51171875 0.534375 0.0078125 0.009375
4 0.20859375 0.54296875 0.0109375 0.01171875
4 0.81640625 0.70703125 0.06015625 0.053125
4 0.31875 0.6171875 0.02109375 0.01953125
4 0.6640625 0.61015625 0.0203125 0.02578125
4 0.0078125 0.58984375 0.015625 0.025
4 0.45234375 0.559375 0.0078125 0.00703125
4 0.33828125 0.6 0.01484375 0.01328125
4 0.44453125 0.54453125 0.00859375 0.00703125
4 0.1171875 0.565625 0.0109375 0.01640625
4 0.15625 0.55546875 0.01171875 0.0140625
4 0.03984375 0.92421875 0.059375 0.03515625
4 0.43671875 0.55859375 0.01015625 0.00859375
4 0.52265625 0.62578125 0.02578125 0.02265625
4 0.39375 0.67578125 0.0203125 0.02265625
4 0.3796875 0.63203125 0.01484375 0.01953125
4 0.409375 0.7421875 0.05 0.11484375
4 0.328125 0.72109375 0.0234375 0.02421875
4 0.35625 0.584375 0.0125 0.0140625
4 0.36953125 0.58828125 0.01171875 0.0140625
4 0.34375 0.57890625 0.01015625 0.01171875