4 0.5328125 0.35546875 0.0171875 0.01953125
4 0.50625 0.365625 0.0171875 0.0171875
4 0.5078125 0.39296875 0.01953125 0.01640625
4 0.4390625 0.30390625 0.0203125 0.02109375
4 0.50078125 0.35234375 0.01875 0.02265625
4 0.621875 0.37265625 0.01640625 0.01953125
4 0.6390625 0.39375 0.0203125 0.01875
4 0.65859375 0.4109375 0.0265625 0.02734375
4 0.6921875 0.45078125 0.03125 0.03203125
4 0.51953125 0.32734375 0.01953125 0.025
4 0.74375 0.51171875 0.0375 0.0359375
4 0.825 0.49921875 0.14453125 0.1484375
4 0.546875 0.33125 0.0140625 0.01640625
4 0.7015625 0.5765625 0.0484375 0.0546875
4 0.6390625 0.48203125 0.0328125 0.0359375
4 0.24375 0.4875 0.071875 0.06875
4 0.0171875 0.49609375 0.034375 0.05390625
4 0.57734375 0.459375 0.03359375 0.0421875
4 0.58046875 0.39609375 0.021875 0.02109375
4 0.5796875 0.328125 0.01328125 0.0140625
4 0.9390625 0.31484375 0.03671875 0.025
4 0.8359375 0.28984375 0.02578125 0.02109375
4 0.6140625 0.3359375 0.015625 0.0171875
4 0.60390625 0.328125 0.01171875 0.01484375
4 0.56953125 0.3171875 0.01015625 0.01015625
4 0.59296875 0.32109375 0.01328125 0.0109375
4 0.6125 0.31640625 0.01328125 0.01328125
4 0.703125 0.37421875 0.03671875 0.04765625
4 0.73515625 0.41484375 0.02734375 0.021875
4 0.71953125 0.43359375 0.03203125 0.03046875
4 0.69453125 0.41171875 0.02578125 0.02265625
4 0.64609375 0.35 0.04765625 0.0640625
4 0.52421875 0.69140625 0.05390625 0.04609375
4 0.97734375 0.6828125 0.04296875 0.071875
4 0.64140625 0.64296875 0.05859375 0.071875
4 0.8390625 0.61640625 0.06328125 0.05859375
4 0.67734375 0.36484375 0.0140625 0.01953125
4 0.225 0.66171875 0.13515625 0.1609375
4 0.96484375 0.5859375 0.06796875 0.06796875
4 0.67421875 0.39140625 0.02265625 0.02109375
4 0.60859375 0.3578125 0.01484375 0.0171875
4 0.084375 0.47578125 0.121875 0.05546875
4 0.32890625 0.50625 0.1 0.15625
4 0.38125 0.4515625 0.0453125 0.0671875
4 0.38828125 0.41796875 0.0484375 0.046875
4 0.37421875 0.32265625 0.01640625 0.02734375
4 0.390625 0.30625 0.0203125 0.0203125
4 0.40078125 0.2953125 0.01875 0.01875
4 0.42578125 0.32734375 0.015625 0.0234375
4 0.4296875 0.31796875 0.01953125 0.02578125
4 0.415625 0.25234375 0.009375 0.01015625
4 0.38359375 0.28046875 0.01484375 0.0140625
4 0.4078125 0.278125 0.01640625 0.01484375
4 0.446875 0.253125 0.01171875 0.015625
4 0.42578125 0.26328125 0.0140625 0.01328125
4 0.51953125 0.63203125 0.0453125 0.06328125
4 0.5171875 0.56953125 0.0390625 0.0609375
4 0.52265625 0.51328125 0.03515625 0.03984375
4 0.5109375 0.4265625 0.03125 0.0515625
4 0.51328125 0.47265625 0.03125 0.04140625
4 0.55546875 0.34765625 0.01796875 0.015625
0 0.39765625 0.36640625 0.05234375 0.0984375