4 0.30859375 0.89921875 0.0546875 0.03984375
4 0.72265625 0.575 0.034375 0.0375
4 0.76796875 0.56484375 0.03671875 0.03046875
4 0.8703125 0.58203125 0.0328125 0.03046875
4 0.146875 0.6296875 0.0265625 0.02734375
4 0.45234375 0.63359375 0.0296875 0.02890625
4 0.234375 0.90703125 0.0484375 0.05625
4 0.20390625 0.63828125 0.0296875 0.040625
4 0.4 0.70390625 0.1171875 0.03046875
4 0.30390625 0.69453125 0.03359375 0.01484375
4 0.15546875 0.7015625 0.08359375 0.03515625
4 0.17734375 0.67421875 0.0296875 0.02734375
4 0.5140625 0.6828125 0.0328125 0.03046875
4 0.23359375 0.96328125 0.04921875 0.0609375
4 0.43046875 0.91328125 0.05 0.053125
4 0.33984375 0.9359375 0.05390625 0.0578125
4 0.7578125 0.91171875 0.05 0.05625
4 0.74296875 0.97265625 0.05703125 0.05
4 0.821875 0.92578125 0.03828125 0.01015625
4 0.38359375 0.98359375 0.05703125 0.02890625
4 0.646875 0.98515625 0.05 0.025
4 0.525 0.49375 0.0328125 0.02109375
4 0.93984375 0.60625 0.03046875 0.0171875
4 0.83828125 0.596875 0.03359375 0.0171875
4 0.60390625 0.5265625 0.0296875 0.02578125
4 0.46640625 0.98125 0.05546875 0.0328125
4 0.421875 0.69609375 0.1109375 0.040625
4 0.41640625 0.6484375 0.0296875 0.03359375
4 0.4484375 0.671875 0.03359375 0.02734375
4 0.29140625 0.671875 0.0296875 0.0265625
4 0.27109375 0.65234375 0.0296875 0.028125
4 0.24453125 0.67734375 0.03046875 0.02734375
4 0.57734375 0.6984375 0.03984375 0.03984375
4 0.25234375 0.69375 0.03515625 0.02109375
4 0.6078125 0.84140625 0.0484375 0.05859375
4 0.7703125 0.590625 0.0328125 0.02265625
4 0.71328125 0.55234375 0.0296875 0.03515625
4 0.6796875 0.565625 0.034375 0.0296875
4 0.40546875 0.89140625 0.046875 0.028125
4 0.6640625 0.5375 0.0265625 0.02265625
4 0.84453125 0.58125 0.02109375 0.0203125
4 0.65859375 0.5484375 0.0296875 0.03046875