4 0.7421875 0.40078125 0.01875 0.02265625
4 0.18828125 0.3765625 0.05 0.03828125
4 0.92578125 0.7 0.0546875 0.0578125
4 0.52890625 0.55546875 0.06015625 0.06015625
4 0.78203125 0.3921875 0.01875 0.02265625
4 0.090625 0.4015625 0.06796875 0.05234375
4 0.5640625 0.36328125 0.02421875 0.02265625
4 0.78515625 0.3390625 0.01328125 0.01328125
4 0.89765625 0.32421875 0.01640625 0.01875
4 0.825 0.30390625 0.009375 0.0109375
4 0.95 0.26953125 0.01484375 0.01328125
4 0.45703125 0.471875 0.03828125 0.03515625
4 0.14296875 0.39140625 0.04296875 0.0390625