4 0.81328125 0.24453125 0.01875 0.02265625
4 0.29921875 0.51171875 0.11484375 0.10234375
4 0.4484375 0.41484375 0.084375 0.0828125
4 0.803125 0.48125 0.0671875 0.09609375
4 0.56171875 0.346875 0.03515625 0.040625
4 0.53046875 0.365625 0.04765625 0.046875
4 0.8109375 0.33828125 0.0421875 0.0578125
4 0.81015625 0.40390625 0.06171875 0.06484375
4 0.5921875 0.3203125 0.03203125 0.0328125
4 0.57890625 0.33203125 0.0328125 0.0359375
4 0.66015625 0.2640625 0.0328125 0.03828125
4 0.809375 0.2703125 0.02421875 0.0296875
1 0.3265625 0.44609375 0.0171875 0.0375