4 0.95078125 0.62578125 0.09609375 0.1109375
4 0.98203125 0.77265625 0.0328125 0.08359375
4 0.3015625 0.3125 0.01875 0.0203125
4 0.31796875 0.33671875 0.02421875 0.0203125
4 0.3390625 0.29375 0.01796875 0.01328125
4 0.3234375 0.2796875 0.01328125 0.01171875
4 0.359375 0.31328125 0.021875 0.0234375
4 0.44609375 0.31328125 0.01875 0.0234375
4 0.31875 0.35546875 0.0265625 0.0328125
4 0.509375 0.3765625 0.040625 0.03515625
4 0.6765625 0.4421875 0.06015625 0.0484375
4 0.8578125 0.63828125 0.1765625 0.1265625
4 0.3484375 0.2984375 0.01640625 0.015625
4 0.4125 0.29765625 0.01953125 0.01796875
1 0.15 0.50078125 0.01015625 0.028125
1 0.14375 0.50546875 0.0078125 0.02109375
1 0.965625 0.46171875 0.01015625 0.04140625
4 0.428125 0.3046875 0.01953125 0.02265625
4 0.43515625 0.30859375 0.01484375 0.0171875
4 0.63046875 0.41796875 0.05546875 0.0390625