4 0.35390625 0.334375 0.0234375 0.028125
4 0.528125 0.4796875 0.06328125 0.06171875
4 0.4125 0.2953125 0.01796875 0.01640625
4 0.428125 0.30234375 0.01875 0.02109375
4 0.434375 0.30625 0.0125 0.0171875
4 0.9640625 0.4859375 0.06953125 0.0546875
4 0.98515625 0.49140625 0.02734375 0.0359375
4 0.6296875 0.41640625 0.05546875 0.04375
4 0.3890625 0.3 0.01796875 0.01796875
1 0.15 0.4984375 0.01015625 0.02265625
1 0.14375 0.50234375 0.0078125 0.0203125
4 0.3765625 0.2875 0.01484375 0.0140625
1 0.965625 0.4515625 0.009375 0.028125
4 0.34765625 0.27265625 0.0140625 0.0125
4 0.4453125 0.3109375 0.015625 0.01953125
4 0.3171875 0.33984375 0.025 0.03203125
4 0.3703125 0.35234375 0.03046875 0.0359375
4 0.67578125 0.4390625 0.0609375 0.04765625
4 0.3015625 0.3109375 0.01875 0.021875