4 0.4265625 0.32421875 0.0203125 0.0234375
4 0.05390625 0.46484375 0.1078125 0.06640625
4 0.28125 0.39765625 0.03515625 0.03359375
4 0.3546875 0.5265625 0.0359375 0.08984375
4 0.60078125 0.42265625 0.02578125 0.0328125
4 0.5640625 0.428125 0.02578125 0.0390625
4 0.58046875 0.39375 0.021875 0.025
4 0.51171875 0.396875 0.0328125 0.06875
4 0.54609375 0.4046875 0.021875 0.02578125
4 0.82265625 0.590625 0.05703125 0.05234375
4 0.64609375 0.496875 0.03203125 0.0390625
4 0.8234375 0.48046875 0.03515625 0.03125
4 0.721875 0.4828125 0.0328125 0.034375
4 0.61953125 0.45859375 0.03203125 0.04140625
4 0.65546875 0.409375 0.02734375 0.02734375
4 0.70234375 0.415625 0.02734375 0.02734375
4 0.5546875 0.35234375 0.01640625 0.0171875
4 0.72578125 0.40078125 0.02890625 0.0234375
4 0.4875 0.33515625 0.0125 0.01796875
4 0.48828125 0.32109375 0.015625 0.01640625
4 0.5140625 0.31796875 0.01484375 0.01015625
4 0.6 0.51328125 0.03515625 0.04765625
4 0.69765625 0.57578125 0.0453125 0.05234375
4 0.88359375 0.578125 0.0453125 0.04765625
4 0.67890625 0.68828125 0.0484375 0.07734375
4 0.38203125 0.44609375 0.04921875 0.06328125
4 0.38671875 0.415625 0.04453125 0.0515625
4 0.40703125 0.36875 0.03046875 0.0421875
4 0.35078125 0.3828125 0.03046875 0.046875
4 0.3578125 0.34296875 0.03359375 0.03984375
4 0.53359375 0.3671875 0.01875 0.02109375
4 0.4046875 0.34765625 0.02890625 0.03046875
4 0.4265625 0.3375 0.0203125 0.03125
4 0.54375 0.38515625 0.01796875 0.01796875
4 0.5140625 0.3328125 0.0125 0.01484375
4 0.7578125 0.46875 0.03671875 0.03671875
4 0.77265625 0.4390625 0.03515625 0.03046875
4 0.97890625 0.6421875 0.0390625 0.059375
4 0.66328125 0.38359375 0.02109375 0.0203125
4 0.6484375 0.365625 0.02421875 0.0234375
4 0.60859375 0.32578125 0.028125 0.03515625
4 0.62421875 0.34765625 0.01796875 0.01875
4 0.64296875 0.33984375 0.0171875 0.0171875
4 0.5921875 0.346875 0.01796875 0.01796875
4 0.58203125 0.33125 0.0125 0.01484375
4 0.84921875 0.278125 0.03046875 0.01328125
4 0.5359375 0.31796875 0.01484375 0.0125
4 0.671875 0.3640625 0.01953125 0.0171875
4 0.9421875 0.73515625 0.07890625 0.08359375
4 0.5609375 0.62109375 0.04296875 0.0546875
4 0.9578125 0.56171875 0.08125 0.09921875
4 0.5234375 0.34375 0.01640625 0.0203125
4 0.49765625 0.35625 0.01640625 0.01953125
4 0.53984375 0.32890625 0.01328125 0.015625
4 0.09765625 0.88359375 0.19453125 0.22890625
4 0.01796875 0.49609375 0.03515625 0.05234375
4 0.36484375 0.47421875 0.0546875 0.08828125
3 0.3125 0.31953125 0.00859375 0.03984375
0 0.18828125 0.6328125 0.265625 0.32578125