4 0.0890625 0.65390625 0.17734375 0.20390625
4 0.5125 0.3625 0.059375 0.06171875
4 0.79609375 0.428125 0.06875 0.04140625
4 0.65 0.2703125 0.025 0.03046875
4 0.79609375 0.28125 0.02265625 0.02578125
4 0.66328125 0.2671875 0.00859375 0.02265625
4 0.6703125 0.2609375 0.00703125 0.02265625
4 0.6765625 0.25859375 0.0078125 0.01875
4 0.7953125 0.259375 0.0203125 0.015625
4 0.79609375 0.3609375 0.04140625 0.04453125
4 0.79921875 0.32265625 0.03671875 0.0296875
4 0.78671875 0.4875 0.071875 0.0984375
4 0.21640625 0.55078125 0.12734375 0.12421875
4 0.32578125 0.4984375 0.0921875 0.08984375
4 0.396875 0.45 0.07421875 0.08203125
4 0.44453125 0.421875 0.0515625 0.0609375
4 0.55078125 0.3484375 0.03046875 0.0375
4 0.565625 0.334375 0.0328125 0.03359375
4 0.796875 0.39921875 0.05234375 0.0328125