4 0.59375 0.953125 0.05390625 0.06796875
4 0.3453125 0.6953125 0.1359375 0.04609375
4 0.65625 0.81171875 0.04140625 0.0296875
4 0.040625 0.509375 0.0125 0.03203125
4 0.04921875 0.5609375 0.0203125 0.03671875
4 0.0484375 0.60078125 0.0234375 0.0328125
4 0.04609375 0.640625 0.02265625 0.02265625
4 0.0421875 0.6640625 0.015625 0.04296875
4 0.03984375 0.66796875 0.01015625 0.03125
4 0.39140625 0.48984375 0.0953125 0.025
4 0.13203125 0.54609375 0.03984375 0.025
4 0.69921875 0.93046875 0.04375 0.06875
4 0.190625 0.62734375 0.0140625 0.02109375
4 0.54375 0.890625 0.0453125 0.053125
4 0.70234375 0.84296875 0.04140625 0.065625
4 0.22109375 0.6421875 0.02421875 0.02734375
4 0.93984375 0.5828125 0.071875 0.05390625
4 0.49140625 0.475 0.0234375 0.01640625
4 0.51875 0.4984375 0.025 0.01796875
4 0.58984375 0.48671875 0.02578125 0.0296875
4 0.5859375 0.509375 0.01875 0.01953125
4 0.60625 0.51953125 0.01796875 0.02421875
4 0.84765625 0.58828125 0.0234375 0.03359375
4 0.86875 0.58671875 0.03359375 0.03203125
4 0.56015625 0.87109375 0.02421875 0.0546875
4 0.40234375 0.6859375 0.02890625 0.021875
4 0.428125 0.6546875 0.02734375 0.03515625
4 0.45390625 0.68046875 0.0265625 0.02734375
4 0.38046875 0.66171875 0.0234375 0.025
4 0.37109375 0.64765625 0.021875 0.01640625
4 0.4046875 0.63984375 0.025 0.03203125
4 0.496875 0.6734375 0.0578125 0.05703125
4 0.4765625 0.6484375 0.025 0.02734375
4 0.45859375 0.69296875 0.02109375 0.0203125
4 0.18125 0.68671875 0.03359375 0.02890625
4 0.18125 0.6671875 0.01875 0.0078125
4 0.1703125 0.659375 0.02265625 0.02578125
4 0.1609375 0.64609375 0.028125 0.03125
4 0.1484375 0.634375 0.02578125 0.03046875
4 0.296875 0.89453125 0.01953125 0.0265625
4 0.2484375 0.890625 0.02109375 0.01953125
4 0.4578125 0.9703125 0.05546875 0.05546875
4 0.0390625 0.69921875 0.015625 0.0609375
4 0.4046875 0.90859375 0.05078125 0.05390625
4 0.325 0.909375 0.0515625 0.06015625
4 0.22578125 0.90078125 0.028125 0.04765625
4 0.75625 0.88984375 0.04375 0.05390625
4 0.646875 0.8796875 0.04921875 0.05703125
3 0.24609375 0.68046875 0.0109375 0.03984375
4 0.46171875 0.4765625 0.0234375 0.01640625
4 0.62421875 0.5296875 0.03125 0.03125
4 0.2125 0.54453125 0.053125 0.01875
4 0.82734375 0.58203125 0.03125 0.0328125