1 0.8234375 0.66953125 0.00703125 0.02734375
1 0.76875 0.63671875 0.00625 0.0234375
4 0.29453125 0.7671875 0.0296875 0.03359375
4 0.01484375 0.5875 0.0296875 0.02890625
4 0.028125 0.74453125 0.04375 0.04140625
4 0.184375 0.73671875 0.03828125 0.03671875
4 0.365625 0.71640625 0.0296875 0.03828125
4 0.52109375 0.671875 0.0234375 0.0203125
4 0.303125 0.65859375 0.02578125 0.01875
4 0.4015625 0.78203125 0.0328125 0.03515625
4 0.34296875 0.6890625 0.02421875 0.01953125
4 0.26328125 0.66796875 0.02890625 0.025
4 0.33984375 0.603125 0.0203125 0.01640625
4 0.42578125 0.58671875 0.0140625 0.01171875
4 0.4125 0.58125 0.01171875 0.01015625
4 0.4859375 0.52421875 0.0125 0.01015625
4 0.50390625 0.52265625 0.01171875 0.0125
4 0.42109375 0.56328125 0.01171875 0.009375
4 0.4265625 0.55390625 0.009375 0.00703125
4 0.43515625 0.54375 0.0078125 0.00625
4 0.42421875 0.60546875 0.015625 0.0125
4 0.090625 0.825 0.06015625 0.05
4 0.5578125 0.53828125 0.01875 0.0140625
4 0.625 0.5484375 0.0296875 0.0375
1 0.70546875 0.6 0.00625 0.0234375
1 0.690625 0.590625 0.00546875 0.0234375