4 0.109375 0.5703125 0.01796875 0.0140625
4 0.21796875 0.54296875 0.01328125 0.01328125
4 0.15078125 0.56015625 0.01484375 0.01640625
4 0.1765625 0.5546875 0.0171875 0.01328125
4 0.08984375 0.5765625 0.021875 0.0125
4 0.06171875 0.58359375 0.02578125 0.0140625
4 0.02734375 0.58671875 0.02265625 0.0234375
4 0.00859375 0.590625 0.0171875 0.02734375
4 0.434375 0.63359375 0.01484375 0.01796875
4 0.12578125 0.56484375 0.0171875 0.01640625
4 0.23984375 0.53671875 0.0171875 0.01328125
4 0.23046875 0.5765625 0.01953125 0.028125
4 0.28046875 0.528125 0.0078125 0.01015625
4 0.328125 0.5140625 0.01171875 0.0171875
4 0.31328125 0.51640625 0.01015625 0.015625
4 0.1765625 0.61953125 0.0375 0.046875
4 0.2 0.6140625 0.0078125 0.01640625
4 0.20859375 0.603125 0.01796875 0.01953125
4 0.2 0.5484375 0.009375 0.0109375
4 0.04140625 0.825 0.08203125 0.08359375
4 0.03671875 0.765625 0.0734375 0.08125
4 0.0953125 0.778125 0.040625 0.04140625
4 0.18515625 0.79375 0.04453125 0.053125
4 0.2453125 0.83828125 0.0453125 0.04375
4 0.28984375 0.90703125 0.0546875 0.0609375
4 0.2953125 0.78125 0.0375 0.0453125
4 0.35703125 0.74765625 0.03515625 0.0375
4 0.2265625 0.75234375 0.0328125 0.0359375
4 0.265625 0.7109375 0.02421875 0.028125
4 0.196875 0.690625 0.0296875 0.028125
4 0.18046875 0.7109375 0.03359375 0.03203125
4 0.16796875 0.75390625 0.0453125 0.0453125
4 0.15390625 0.7203125 0.0234375 0.03203125
4 0.11015625 0.684375 0.025 0.02890625
4 0.08359375 0.70625 0.0296875 0.03515625
4 0.13203125 0.665625 0.02734375 0.02890625
4 0.15390625 0.6484375 0.02109375 0.0234375
4 0.046875 0.7203125 0.03203125 0.015625
4 0.32421875 0.5828125 0.028125 0.040625
4 0.303125 0.609375 0.01875 0.01640625
4 0.2921875 0.61953125 0.01640625 0.0140625
4 0.29375 0.675 0.02421875 0.0296875
4 0.3203125 0.6390625 0.02109375 0.03359375
4 0.3015625 0.63828125 0.01484375 0.01875
4 0.346875 0.61796875 0.01484375 0.01875
4 0.40859375 0.62890625 0.01484375 0.01640625
4 0.38203125 0.628125 0.01640625 0.01796875
4 0.4234375 0.60625 0.0125 0.0140625
4 0.396875 0.60625 0.01328125 0.015625
4 0.42734375 0.5921875 0.01015625 0.0125
4 0.41796875 0.5703125 0.009375 0.009375
4 0.4484375 0.57890625 0.009375 0.0109375
4 0.25 0.64765625 0.0203125 0.021875
4 0.27578125 0.6546875 0.03671875 0.03828125
4 0.34453125 0.59609375 0.01171875 0.01328125
4 0.371875 0.5921875 0.009375 0.01328125
4 0.3828125 0.57734375 0.009375 0.01015625
4 0.3890625 0.54921875 0.009375 0.015625
4 0.3625 0.60078125 0.0125 0.0125
4 0.34140625 0.584375 0.00546875 0.00703125
4 0.34765625 0.5765625 0.00859375 0.0125
4 0.40859375 0.5859375 0.009375 0.01015625
4 0.4125 0.5765625 0.01015625 0.0078125
4 0.5046875 0.625 0.01875 0.025
4 0.50234375 0.60234375 0.01484375 0.01796875
4 0.49296875 0.5421875 0.0109375 0.01328125
4 0.97734375 0.59921875 0.01953125 0.03125
4 0.8390625 0.60546875 0.02421875 0.01796875
4 0.51640625 0.55625 0.0125 0.015625
4 0.51171875 0.5421875 0.01015625 0.01328125
4 0.6078125 0.56875 0.0171875 0.02109375
4 0.42734375 0.67265625 0.01875 0.02109375
4 0.440625 0.55859375 0.01015625 0.0125
0 0.0625 0.88828125 0.125 0.1625