4 0.41328125 0.28203125 0.01484375 0.01484375
4 0.41796875 0.25078125 0.00703125 0.00859375
4 0.3953125 0.27421875 0.01328125 0.01171875
4 0.38125 0.28203125 0.01328125 0.015625
4 0.40078125 0.26796875 0.009375 0.0125
4 0.40859375 0.26328125 0.00703125 0.00859375
4 0.47578125 0.25546875 0.00625 0.0078125
4 0.62109375 0.4484375 0.02734375 0.03046875
4 0.57890625 0.390625 0.021875 0.021875
4 0.534375 0.365625 0.01640625 0.01875
4 0.5015625 0.3515625 0.0171875 0.01953125
4 0.528125 0.34375 0.0140625 0.01796875
4 0.54375 0.3328125 0.01484375 0.01875
4 0.51796875 0.32734375 0.01328125 0.0140625
4 0.4953125 0.328125 0.01328125 0.01171875
4 0.5328125 0.31640625 0.0125 0.009375
4 0.49140625 0.31875 0.01171875 0.009375
4 0.5140625 0.3203125 0.0125 0.0109375
4 0.9421875 0.3125 0.03515625 0.02421875
4 0.975 0.32265625 0.03125 0.02109375
4 0.72265625 0.2640625 0.009375 0.0109375
4 0.7125 0.2625 0.00859375 0.01171875
4 0.6953125 0.2578125 0.0125 0.01171875
4 0.6171875 0.2421875 0.0109375 0.00859375
4 0.5078125 0.275 0.0078125 0.00703125
4 0.5046875 0.2703125 0.0078125 0.00703125
4 0.8078125 0.5140625 0.04609375 0.0421875
4 0.82890625 0.4875 0.04296875 0.040625
4 0.7375 0.50546875 0.0375 0.03203125
4 0.76328125 0.4734375 0.03671875 0.0359375
4 0.78828125 0.45234375 0.0328125 0.02890625
4 0.67890625 0.39921875 0.02265625 0.02265625
4 0.70546875 0.3875 0.02265625 0.0171875
4 0.6828125 0.371875 0.01796875 0.01875
4 0.65859375 0.37734375 0.0203125 0.0171875
4 0.6296875 0.36640625 0.01796875 0.02109375
4 0.6421875 0.359375 0.01328125 0.01796875
4 0.6640625 0.353125 0.0171875 0.01640625
4 0.64296875 0.39609375 0.0203125 0.01875
4 0.6421875 0.3375 0.01328125 0.0125
4 0.6265625 0.34765625 0.0171875 0.01640625
4 0.59140625 0.34140625 0.01171875 0.0171875
4 0.609375 0.33671875 0.015625 0.01328125
4 0.628125 0.328125 0.01171875 0.01328125
4 0.60859375 0.32109375 0.01171875 0.01171875
4 0.58125 0.3296875 0.01328125 0.0125
4 0.59140625 0.31796875 0.01171875 0.01015625
4 0.56796875 0.3171875 0.01171875 0.01015625
4 0.54765625 0.278125 0.009375 0.01015625
4 0.80625 0.75078125 0.07421875 0.0875
4 0.9578125 0.65703125 0.07109375 0.05625
4 0.6765625 0.67578125 0.06171875 0.10234375
4 0.8578125 0.63203125 0.06484375 0.053125
4 0.96640625 0.5890625 0.05546875 0.04765625
4 0.88515625 0.53515625 0.05703125 0.053125
4 0.51171875 0.53671875 0.028125 0.04765625
4 0.59375 0.51875 0.034375 0.04453125
4 0.79140625 0.56328125 0.05 0.04375
4 0.70625 0.46328125 0.03046875 0.03046875
4 0.63515625 0.4828125 0.03359375 0.03671875
4 0.71328125 0.42734375 0.028125 0.025
4 0.51015625 0.4296875 0.025 0.0328125
4 0.74765625 0.41796875 0.028125 0.02578125
4 0.66796875 0.42578125 0.025 0.0265625
4 0.55703125 0.41015625 0.021875 0.025
4 0.4015625 0.34375 0.0296875 0.0375
4 0.91171875 0.30859375 0.03203125 0.021875
4 0.35625 0.309375 0.021875 0.02578125
4 0.49453125 0.27109375 0.01015625 0.0140625
4 0.7359375 0.265625 0.01640625 0.0109375
4 0.47890625 0.26640625 0.0078125 0.00703125
4 0.43359375 0.2578125 0.01171875 0.01015625
4 0.63984375 0.24609375 0.01171875 0.00859375
4 0.4375 0.2328125 0.00859375 0.0078125
0 0.8265625 0.278125 0.04921875 0.0390625