4 0.9296875 0.18359375 0.0546875 0.0296875
4 0.5703125 0.19375 0.04375 0.02890625
4 0.653125 0.19375 0.0515625 0.0234375
4 0.675 0.25546875 0.0359375 0.03984375
4 0.6390625 0.27421875 0.0515625 0.053125
4 0.5921875 0.31328125 0.0625 0.0625
1 0.99140625 0.2203125 0.00546875 0.028125
1 0.8421875 0.25703125 0.0359375 0.04765625
1 0.97890625 0.2265625 0.00546875 0.028125
1 0.97265625 0.22421875 0.00625 0.0296875
4 0.94375 0.22109375 0.05078125 0.03671875
1 0.996875 0.22265625 0.003125 0.02109375
0 0.77578125 0.253125 0.096875 0.10703125
1 0.98515625 0.22265625 0.00546875 0.025
4 0.475 0.19296875 0.02109375 0.01171875
4 0.35703125 0.19609375 0.03359375 0.01953125
4 0.178125 0.58515625 0.17265625 0.146875
4 0.78828125 0.19453125 0.03359375 0.0125
4 0.73125 0.18984375 0.05625 0.02421875
4 0.71796875 0.21328125 0.0421875 0.03828125
4 0.69375 0.2375 0.03203125 0.03125
4 0.5375 0.35078125 0.06171875 0.07890625
4 0.64609375 0.2078125 0.0546875 0.03046875
4 0.865625 0.221875 0.04140625 0.03515625
4 0.39921875 0.4234375 0.1421875 0.1265625