4 0.60859375 0.3640625 0.015625 0.01640625
4 0.3671875 0.2828125 0.0109375 0.015625
4 0.38984375 0.2734375 0.034375 0.0375
4 0.28984375 0.303125 0.02109375 0.01875
4 0.26015625 0.3078125 0.01796875 0.01953125
4 0.24375 0.32109375 0.02265625 0.02265625
4 0.2140625 0.31875 0.03203125 0.02578125
4 0.18359375 0.32890625 0.0234375 0.02265625
4 0.4171875 0.275 0.01796875 0.01328125
4 0.50859375 0.27578125 0.01328125 0.0109375
4 0.584375 0.3140625 0.0140625 0.015625
4 0.59453125 0.3046875 0.01328125 0.0109375
4 0.590625 0.29296875 0.00546875 0.0109375
4 0.575 0.29609375 0.0265625 0.0375
4 0.44609375 0.26875 0.0109375 0.009375
4 0.44921875 0.25390625 0.01171875 0.0109375
4 0.64140625 0.27421875 0.00625 0.00625
4 0.6640625 0.28515625 0.00859375 0.009375
4 0.66640625 0.2734375 0.00625 0.00546875
4 0.728125 0.25625 0.0140625 0.021875
4 0.2 0.93203125 0.3640625 0.13203125
4 0.7734375 0.5890625 0.040625 0.05546875
4 0.27265625 0.5359375 0.05078125 0.05234375
4 0.54375 0.471875 0.03046875 0.0359375
4 0.29453125 0.45 0.03046875 0.03515625
4 0.65234375 0.4296875 0.02421875 0.02734375
4 0.61015625 0.41484375 0.021875 0.02734375
4 0.7515625 0.4125 0.02109375 0.02578125
4 0.51953125 0.4 0.02421875 0.0296875
4 0.3671875 0.38515625 0.03125 0.0296875
4 0.00859375 0.37421875 0.0171875 0.03984375
4 0.05546875 0.3609375 0.046875 0.03125
4 0.459375 0.309375 0.02109375 0.0234375
4 0.3375 0.2921875 0.0265625 0.01484375
4 0.7875 0.2578125 0.0125 0.00859375
4 0.56484375 0.24765625 0.01171875 0.0109375
4 0.59765625 0.23203125 0.00546875 0.00625
4 0.65234375 0.296875 0.01015625 0.01015625
4 0.53984375 0.34140625 0.03125 0.05
4 0.41875 0.346875 0.02265625 0.02265625
4 0.59921875 0.59296875 0.0765625 0.12265625
4 0.05234375 0.753125 0.1046875 0.15
4 0.153125 0.33203125 0.03671875 0.03046875
4 0.57265625 0.325 0.01171875 0.01171875
4 0.628125 0.28515625 0.0171875 0.01640625
4 0.8375 0.2796875 0.01640625 0.0203125
4 0.6765625 0.2796875 0.0078125 0.00859375
4 0.4921875 0.28515625 0.01640625 0.01640625