4 0.65703125 0.1953125 0.053125 0.02734375
4 0.5359375 0.340625 0.08046875 0.06796875
4 0.796875 0.28671875 0.04921875 0.04765625
4 0.45078125 0.196875 0.03984375 0.0234375
1 0.9921875 0.22421875 0.00546875 0.025
1 0.84140625 0.26015625 0.0375 0.0484375
1 0.97265625 0.22890625 0.00703125 0.02890625
1 0.98515625 0.2265625 0.00546875 0.02578125
4 0.22578125 0.20546875 0.05390625 0.02734375
4 0.625 0.2109375 0.05703125 0.02890625
4 0.73125 0.196875 0.0609375 0.02734375
4 0.37265625 0.20390625 0.0421875 0.034375
4 0.6203125 0.33203125 0.06953125 0.0703125