4 0.96171875 0.1296875 0.02421875 0.02421875
4 0.8921875 0.15234375 0.01796875 0.01953125
4 0.8796875 0.15625 0.0140625 0.0203125
4 0.8671875 0.159375 0.01796875 0.025
4 0.8546875 0.16484375 0.01796875 0.02421875
4 0.83828125 0.1671875 0.01875 0.02734375
4 0.90859375 0.15078125 0.0171875 0.0203125
4 0.965625 0.45078125 0.0625 0.115625
4 0.621875 0.24609375 0.06796875 0.05625
4 0.7125 0.209375 0.04609375 0.03828125
4 0.8140625 0.175 0.03828125 0.0296875
4 0.74765625 0.196875 0.03828125 0.04140625