4 0.63515625 0.52890625 0.203125 0.15078125
4 0.08984375 0.38828125 0.09921875 0.1125
4 0.3671875 0.6484375 0.21796875 0.23046875
4 0.16171875 0.26875 0.05625 0.03984375
4 0.31171875 0.31484375 0.07734375 0.04921875
4 0.2484375 0.29375 0.06796875 0.0484375
4 0.96015625 0.54375 0.07421875 0.11484375
4 0.015625 0.44609375 0.03125 0.08671875
3 0.659375 0.375 0.034375 0.090625
2 0.575 0.384375 0.06015625 0.09609375
4 0.06953125 0.23828125 0.0375 0.03046875
4 0.2703125 0.3578125 0.09921875 0.08046875
4 0.1671875 0.31484375 0.0671875 0.05390625
4 0.88359375 0.3640625 0.1078125 0.09140625