3 0.1578125 0.421875 0.04453125 0.09453125
3 0.24140625 0.42265625 0.03359375 0.0921875
3 0.6640625 0.3265625 0.01796875 0.06875
3 0.6421875 0.31953125 0.02265625 0.07890625
3 0.3453125 0.36796875 0.02578125 0.08359375
3 0.30078125 0.371875 0.02265625 0.08359375
4 0.06953125 0.3921875 0.10546875 0.11796875
4 0.2484375 0.29609375 0.0625 0.0515625
4 0.71015625 0.4296875 0.14609375 0.09765625
4 0.9109375 0.35546875 0.10078125 0.07265625
4 0.13203125 0.2546875 0.04921875 0.03984375
4 0.30859375 0.31484375 0.0859375 0.05078125
4 0.04453125 0.2328125 0.02890625 0.02734375
4 0.071875 0.24140625 0.04375 0.03125
4 0.01171875 0.44453125 0.02265625 0.08359375