4 0.37265625 0.61171875 0.1015625 0.1125
4 0.31953125 0.67578125 0.03828125 0.11796875
4 0.603125 0.334375 0.01953125 0.0265625
3 0.78359375 0.38125 0.01015625 0.025
3 0.84453125 0.41796875 0.01796875 0.04375
3 0.79765625 0.38359375 0.01171875 0.02421875
4 0.1546875 0.72421875 0.309375 0.54765625
4 0.65 0.34453125 0.03203125 0.02734375
4 0.5859375 0.3328125 0.0171875 0.01953125
4 0.334375 0.490625 0.034375 0.0375
4 0.6578125 0.35703125 0.021875 0.03046875
1 0.97265625 0.46484375 0.0515625 0.234375
4 0.6953125 0.4140625 0.04765625 0.0546875
4 0.7765625 0.42421875 0.05546875 0.0609375
4 0.6796875 0.3609375 0.034375 0.03984375
4 0.6265625 0.34140625 0.0265625 0.028125