4 0.140625 0.2625 0.04375 0.0421875
4 0.01171875 0.22421875 0.015625 0.025
4 0.028125 0.22734375 0.0171875 0.02734375
4 0.18046875 0.27734375 0.05703125 0.05
4 0.290625 0.3125 0.0765625 0.05546875
4 0.8671875 0.37421875 0.109375 0.08828125
4 0.58046875 0.4390625 0.16875 0.1078125
4 0.23671875 0.29375 0.0703125 0.059375
4 0.0171875 0.4671875 0.034375 0.1078125
4 0.35390625 0.3359375 0.0875 0.0578125
4 0.01953125 0.3578125 0.0390625 0.065625
4 0.08671875 0.24375 0.04609375 0.03671875
4 0.05 0.2328125 0.02890625 0.03125
4 0.08046875 0.40625 0.09765625 0.10859375
4 0.79140625 0.80078125 0.3203125 0.28046875
4 0.971875 0.33515625 0.05078125 0.0796875