4 0.76171875 0.365625 0.0984375 0.071875
4 0.86640625 0.321875 0.09609375 0.06875
4 0.9421875 0.30234375 0.05546875 0.046875
4 0.93203125 0.70546875 0.13046875 0.13046875
4 0.14375 0.47265625 0.11953125 0.12421875
4 0.03515625 0.3796875 0.0703125 0.071875
4 0.875 0.3671875 0.134375 0.0984375
4 0.18046875 0.27734375 0.0578125 0.0453125
4 0.2375 0.29140625 0.07109375 0.0578125
3 0.7109375 0.3109375 0.01640625 0.05
2 0.9140625 0.48515625 0.05625 0.125
4 0.053125 0.23359375 0.03515625 0.02890625
4 0.0859375 0.24609375 0.04453125 0.0328125
4 0.290625 0.3140625 0.078125 0.05234375
4 0.35390625 0.33515625 0.08671875 0.06015625
4 0.98046875 0.88359375 0.034375 0.11484375
4 0.02734375 0.22890625 0.01484375 0.0265625
4 0.0109375 0.225 0.01796875 0.0265625
4 0.97109375 0.33671875 0.05234375 0.06015625
4 0.140625 0.26171875 0.04453125 0.040625