4 0.82578125 0.1828125 0.0453125 0.03515625
4 0.98359375 0.21015625 0.02734375 0.040625
4 0.2578125 0.63125 0.28203125 0.278125
4 0.51328125 0.446875 0.16875 0.1609375
4 0.96484375 0.45078125 0.065625 0.1125
4 0.82734375 0.86796875 0.2390625 0.14609375
4 0.7421875 0.24140625 0.06640625 0.05390625
4 0.76328125 0.275 0.0703125 0.06875
4 0.6640625 0.3359375 0.084375 0.0859375
4 0.909375 0.70625 0.175 0.253125
4 0.12578125 0.31640625 0.1140625 0.06640625
4 0.27578125 0.4125 0.2375 0.165625
4 0.10078125 0.60234375 0.2015625 0.2015625
3 0.09921875 0.434375 0.028125 0.096875
4 0.62890625 0.2390625 0.07265625 0.05078125
4 0.9109375 0.15703125 0.02109375 0.01875
4 0.87109375 0.1765625 0.03125 0.03203125
4 0.79140625 0.35703125 0.09453125 0.0828125
4 0.978125 0.140625 0.02109375 0.0140625
4 0.95625 0.18671875 0.03359375 0.03828125
4 0.75 0.1953125 0.03359375 0.02890625
4 0.71171875 0.203125 0.04609375 0.04140625
4 0.6375 0.2625 0.08984375 0.07265625