4 0.8296875 0.37734375 0.1234375 0.09609375
4 0.18203125 0.2765625 0.06484375 0.04375
4 0.1 0.2515625 0.0390625 0.03125
3 0.47890625 0.3421875 0.021875 0.08125
4 0.0703125 0.24375 0.025 0.03125
4 0.046875 0.234375 0.02421875 0.028125
4 0.02734375 0.22890625 0.01796875 0.02109375
4 0.01015625 0.225 0.01640625 0.02109375
4 0.7984375 0.35078125 0.09453125 0.065625
4 0.9359375 0.3515625 0.0875 0.075
4 0.98671875 0.3296875 0.0203125 0.0484375
4 0.89453125 0.3125 0.0703125 0.04765625
4 0.06171875 0.3859375 0.08828125 0.09296875