4 0.38984375 0.24140625 0.02109375 0.02578125
4 0.35703125 0.2109375 0.02734375 0.0546875
4 0.39921875 0.28984375 0.03515625 0.0453125
4 0.503125 0.29921875 0.0421875 0.04765625
4 0.49609375 0.56953125 0.14921875 0.26953125
4 0.42578125 0.2140625 0.0125 0.01640625
4 0.390625 0.31171875 0.03359375 0.040625
4 0.45546875 0.421875 0.0671875 0.06171875
4 0.390625 0.178125 0.01953125 0.02734375
4 0.3953125 0.18828125 0.015625 0.02421875
4 0.4 0.19921875 0.015625 0.0140625
4 0.4140625 0.3390625 0.040625 0.05078125
4 0.42265625 0.36953125 0.04921875 0.0640625
4 0.48046875 0.28203125 0.0296875 0.03125
4 0.44140625 0.22890625 0.021875 0.02421875
4 0.40859375 0.21796875 0.01796875 0.025