4 0.384375 0.29765625 0.06953125 0.09375
4 0.4140625 0.21484375 0.028125 0.04375
4 0.44296875 0.23125 0.01953125 0.02421875
4 0.36796875 0.39453125 0.09296875 0.2296875
4 0.35703125 0.2140625 0.02265625 0.03984375
4 0.38671875 0.20703125 0.02578125 0.03828125
4 0.52734375 0.4015625 0.10625 0.1390625
3 0.81796875 0.67421875 0.059375 0.12734375
3 0.2171875 0.40078125 0.01953125 0.06875
3 0.7046875 0.41171875 0.01953125 0.0609375
3 0.88671875 0.5875 0.034375 0.10390625
3 0.9921875 0.66875 0.0125 0.0984375
3 0.2421875 0.63984375 0.03125 0.13515625
3 0.271875 0.61953125 0.0390625 0.10546875
3 0.146875 0.9234375 0.07265625 0.1484375
3 0.153125 0.79375 0.04765625 0.15078125
3 0.22265625 0.79375 0.0453125 0.16953125
3 0.2046875 0.62578125 0.0421875 0.1390625
3 0.86015625 0.5890625 0.02890625 0.1015625
1 0.021875 0.98671875 0.03828125 0.0234375
1 0.01171875 0.84375 0.0234375 0.11875