3 0.16484375 0.5125 0.028125 0.10078125
4 0.396875 0.18515625 0.01015625 0.01171875
3 0.209375 0.41015625 0.0171875 0.046875
1 0.01171875 0.85859375 0.02265625 0.1
4 0.4203125 0.24375 0.01171875 0.025
4 0.3625 0.1703125 0.0109375 0.01171875
4 0.3921875 0.21484375 0.01953125 0.0328125
4 0.3578125 0.2296875 0.01484375 0.02109375
4 0.534375 0.334375 0.04453125 0.0515625
3 0.19375 0.54921875 0.02734375 0.10625
3 0.22265625 0.40390625 0.01015625 0.03671875
4 0.4296875 0.215625 0.0109375 0.015625
4 0.41171875 0.21953125 0.02421875 0.03984375
4 0.44296875 0.23125 0.01953125 0.021875
3 0.2 0.4359375 0.01796875 0.04453125
3 0.7640625 0.47734375 0.01640625 0.071875
3 0.14609375 0.921875 0.07109375 0.15234375