4 0.3546875 0.15390625 0.00703125 0.0109375
3 0.6125 0.4484375 0.021875 0.05078125
4 0.521875 0.37578125 0.1 0.0546875
4 0.35625 0.21171875 0.01328125 0.01484375
4 0.353125 0.2203125 0.0140625 0.01171875
4 0.37734375 0.19609375 0.0171875 0.0203125
4 0.3671875 0.159375 0.00703125 0.0078125
4 0.35859375 0.23359375 0.01796875 0.02265625
4 0.6109375 0.4140625 0.078125 0.08671875
4 0.55390625 0.35390625 0.05546875 0.05546875
4 0.53046875 0.328125 0.04453125 0.0421875
4 0.51484375 0.3109375 0.03984375 0.0453125
4 0.50078125 0.29921875 0.0359375 0.0375
4 0.4421875 0.228125 0.02109375 0.01953125
4 0.4265625 0.2140625 0.0109375 0.0140625
4 0.44609375 0.2390625 0.01875 0.01796875