4 0.353125 0.23359375 0.01953125 0.01953125
2 0.4421875 0.484375 0.02734375 0.10234375
3 0.80390625 0.51640625 0.03203125 0.0828125
4 0.3609375 0.16171875 0.0109375 0.01015625
4 0.35234375 0.153125 0.009375 0.01171875
4 0.4125 0.234375 0.02265625 0.0234375
4 0.41171875 0.1953125 0.0109375 0.01328125
4 0.34453125 0.38359375 0.053125 0.0609375
4 0.35546875 0.30859375 0.053125 0.10546875
4 0.49375 0.3 0.02734375 0.03515625
4 0.5765625 0.38203125 0.0578125 0.0640625
4 0.58515625 0.503125 0.12734375 0.1640625
4 0.51640625 0.31328125 0.04140625 0.04765625
4 0.3578125 0.4609375 0.06875 0.0859375
4 0.35546875 0.221875 0.01953125 0.01953125
4 0.384375 0.19921875 0.01328125 0.0125
4 0.40078125 0.20625 0.01484375 0.01796875
4 0.39609375 0.18828125 0.01015625 0.0109375
4 0.36796875 0.17734375 0.0109375 0.01328125
4 0.37734375 0.171875 0.00859375 0.0078125
4 0.3890625 0.18125 0.01328125 0.0109375
4 0.4265625 0.2015625 0.01796875 0.02578125
4 0.4234375 0.21875 0.0171875 0.0171875
4 0.51875 0.253125 0.01484375 0.0171875
4 0.44609375 0.23671875 0.02265625 0.02109375