4 0.40625 0.22109375 0.0140625 0.0203125
3 0.48671875 0.25703125 0.00703125 0.02734375
3 0.88125 0.73203125 0.03828125 0.13984375
3 0.29765625 0.2953125 0.01328125 0.03984375
4 0.440625 0.23046875 0.01796875 0.01875
4 0.41171875 0.23046875 0.01796875 0.0203125
4 0.55078125 0.35703125 0.05234375 0.04921875
4 0.4671875 0.53515625 0.09609375 0.14296875
4 0.4015625 0.20390625 0.02265625 0.04609375
4 0.41640625 0.20078125 0.0078125 0.01171875
4 0.42265625 0.20859375 0.009375 0.01328125
4 0.37421875 0.16328125 0.01015625 0.01015625
4 0.35390625 0.22265625 0.01953125 0.0234375
4 0.3703125 0.18828125 0.009375 0.0109375
4 0.5015625 0.303125 0.0359375 0.03515625