4 0.6375 0.1046875 0.0078125 0.015625
3 0.35078125 0.28828125 0.01953125 0.0671875
3 0.32421875 0.29140625 0.01875 0.0578125
3 0.575 0.13125 0.0109375 0.03359375
3 0.23828125 0.3953125 0.021875 0.065625
4 0.55546875 0.53828125 0.13671875 0.16875
4 0.70703125 0.2515625 0.046875 0.0375
4 0.71484375 0.2375 0.04296875 0.05
4 0.71328125 0.1765625 0.02578125 0.021875
4 0.71796875 0.19375 0.0359375 0.0296875
4 0.50546875 0.33359375 0.07265625 0.0796875
4 0.55703125 0.2703125 0.06015625 0.07421875
4 0.62890625 0.29765625 0.06796875 0.07890625
4 0.465625 0.39921875 0.10078125 0.12265625
4 0.5640625 0.1875 0.040625 0.04140625
4 0.71015625 0.29609375 0.0578125 0.0703125
4 0.6671875 0.159375 0.0125 0.03515625
4 0.64609375 0.12890625 0.0234375 0.0296875
4 0.66484375 0.0765625 0.0109375 0.01171875
4 0.6890625 0.0671875 0.009375 0.01015625