0 0.4984375 0.23125 0.11796875 0.13359375
3 0.92578125 0.75234375 0.05078125 0.17109375
4 0.56171875 0.1984375 0.0109375 0.05234375
4 0.6671875 0.08125 0.0078125 0.01171875
4 0.63984375 0.10546875 0.0125 0.01953125
2 0.6484375 0.2390625 0.01640625 0.05078125
4 0.66328125 0.08359375 0.00625 0.01015625
4 0.71328125 0.19609375 0.03203125 0.03046875
4 0.7109375 0.21015625 0.0375 0.0234375
4 0.71640625 0.2375 0.05 0.05
4 0.68203125 0.07578125 0.01171875 0.0109375
3 0.9125 0.47265625 0.02421875 0.0375
4 0.70625 0.31328125 0.06015625 0.06953125
4 0.7125 0.2796875 0.0484375 0.0671875
4 0.6734375 0.07109375 0.009375 0.01171875
4 0.6890625 0.071875 0.00859375 0.01015625
4 0.63671875 0.11171875 0.009375 0.01640625
3 0.91328125 0.528125 0.02265625 0.05234375
3 0.734375 0.16328125 0.00859375 0.0328125