4 0.3609375 0.17421875 0.02578125 0.02109375
4 0.35546875 0.19296875 0.01171875 0.01484375
4 0.36796875 0.1609375 0.00859375 0.00625
4 0.35546875 0.21328125 0.0171875 0.01796875
4 0.46171875 0.5375 0.08125 0.1109375
4 0.49921875 0.30234375 0.03828125 0.03828125
4 0.440625 0.22421875 0.015625 0.00703125
4 0.4109375 0.196875 0.01171875 0.01484375
0 0.4015625 0.184375 0.01953125 0.0234375
4 0.5765625 0.3875 0.06171875 0.06328125
4 0.3875 0.1765625 0.01171875 0.00859375
4 0.45078125 0.4578125 0.0671875 0.06640625
4 0.4265625 0.40703125 0.06171875 0.08125
4 0.53359375 0.33828125 0.0453125 0.0390625
4 0.425 0.215625 0.01328125 0.0171875
4 0.515625 0.31875 0.0375 0.04296875
4 0.428125 0.22109375 0.009375 0.0203125
4 0.4421875 0.23828125 0.02265625 0.0234375
4 0.35546875 0.23203125 0.0203125 0.02734375