4 0.38203125 0.17578125 0.009375 0.0140625
4 0.51171875 0.315625 0.03515625 0.0390625
4 0.4796875 0.2796875 0.028125 0.02890625
4 0.5 0.3015625 0.03203125 0.0359375
4 0.3578125 0.27578125 0.02890625 0.04453125
4 0.4421875 0.23671875 0.01953125 0.01953125
4 0.38046875 0.21328125 0.01640625 0.021875
4 0.37421875 0.190625 0.01328125 0.0140625
4 0.36640625 0.17578125 0.009375 0.00859375
4 0.39609375 0.196875 0.0109375 0.01328125
4 0.39140625 0.1921875 0.0078125 0.01171875
4 0.3890625 0.184375 0.0078125 0.009375
4 0.35546875 0.23203125 0.02265625 0.02734375
4 0.35546875 0.21171875 0.01796875 0.015625
4 0.35625 0.16015625 0.01015625 0.01953125
4 0.35625 0.190625 0.0125 0.01640625
4 0.4125 0.22421875 0.02265625 0.03203125
4 0.4 0.21328125 0.00625 0.01484375
4 0.41171875 0.19453125 0.0109375 0.01484375
4 0.52265625 0.2609375 0.009375 0.0109375
4 0.40390625 0.28046875 0.025 0.01171875
4 0.57265625 0.38125 0.05859375 0.06328125
3 0.071875 0.77890625 0.08046875 0.16796875
3 0.2109375 0.45703125 0.02109375 0.08125
0 0.43515625 0.3859375 0.10859375 0.20234375
4 0.4640625 0.53828125 0.11171875 0.18203125
4 0.5421875 0.35 0.04140625 0.0453125
4 0.528125 0.33125 0.0484375 0.04609375