4 0.35390625 0.16484375 0.01015625 0.00859375
4 0.5515625 0.35390625 0.046875 0.04921875
4 0.58203125 0.3875 0.0578125 0.05546875
4 0.4109375 0.1953125 0.0109375 0.0125
4 0.42421875 0.2125 0.01328125 0.01875
4 0.35703125 0.1921875 0.0109375 0.0140625
4 0.37578125 0.1765625 0.01640625 0.0078125
4 0.37109375 0.18515625 0.0109375 0.01328125
4 0.44453125 0.2375 0.01953125 0.02109375
4 0.35625 0.2359375 0.0203125 0.015625
4 0.353125 0.28046875 0.0296875 0.034375
4 0.39375 0.18671875 0.01171875 0.01484375
4 0.54296875 0.771875 0.14921875 0.2390625
4 0.37421875 0.159375 0.009375 0.01875
4 0.4390625 0.39453125 0.0546875 0.07890625
4 0.41484375 0.30546875 0.06015625 0.09921875
4 0.4421875 0.23359375 0.0203125 0.0203125
4 0.51875 0.25234375 0.01484375 0.02265625
4 0.4859375 0.28125 0.02890625 0.03359375
4 0.49921875 0.3015625 0.02890625 0.0328125
4 0.515625 0.31328125 0.03828125 0.04140625
4 0.53359375 0.334375 0.03828125 0.0421875
3 0.79375 0.51796875 0.03671875 0.09453125