4 0.5828125 0.5546875 0.0984375 0.08125
4 0.1890625 0.2171875 0.01171875 0.0125
4 0.34609375 0.57265625 0.03671875 0.0890625
4 0.59453125 0.6734375 0.16640625 0.17734375
4 0.4859375 0.49375 0.07734375 0.07578125
4 0.30078125 0.415625 0.03984375 0.04765625
3 0.65546875 0.52578125 0.02734375 0.08515625
3 0.68984375 0.5203125 0.04140625 0.08359375
3 0.16015625 0.30546875 0.00859375 0.03046875
2 0.16015625 0.940625 0.059375 0.11484375
2 0.2953125 0.81640625 0.05078125 0.18359375
2 0.0890625 0.790625 0.0640625 0.17734375
4 0.3734375 0.4265625 0.04453125 0.04609375