4 0.42265625 0.21328125 0.0109375 0.01796875
4 0.44609375 0.23515625 0.02109375 0.02421875
4 0.434375 0.2296875 0.0046875 0.01640625
4 0.35390625 0.23046875 0.02109375 0.0296875
4 0.43046875 0.2203125 0.0078125 0.01484375
4 0.5296875 0.33359375 0.04296875 0.0390625
4 0.5171875 0.31796875 0.0390625 0.034375
4 0.48125 0.28046875 0.03515625 0.03515625
4 0.54375 0.35546875 0.05390625 0.05625
4 0.5765625 0.38828125 0.0609375 0.07109375
3 0.48359375 0.23671875 0.00625 0.0234375
3 0.4765625 0.23671875 0.00625 0.0234375