3 0.63359375 0.05 0.01171875 0.04765625
2 0.6796875 0.30703125 0.03125 0.11953125
2 0.61484375 0.34375 0.06796875 0.1203125
2 0.778125 0.565625 0.0484375 0.20234375
2 0.29453125 0.91484375 0.20859375 0.16640625
3 0.575 0.31171875 0.0203125 0.09765625
3 0.5484375 0.309375 0.01484375 0.08046875
3 0.5015625 0.5125 0.05390625 0.14140625
3 0.53046875 0.30390625 0.025 0.10859375
4 0.14609375 0.696875 0.2921875 0.265625
4 0.87578125 0.23125 0.1375 0.17109375
3 0.55234375 0.52265625 0.04296875 0.15390625
3 0.64921875 0.05390625 0.01171875 0.04609375