4 0.41171875 0.22578125 0.02109375 0.0234375
4 0.51796875 0.31640625 0.0375 0.0296875
4 0.50078125 0.578125 0.10234375 0.12421875
4 0.55078125 0.35859375 0.0484375 0.0453125
4 0.35234375 0.32734375 0.0375 0.04453125
4 0.35234375 0.27890625 0.025 0.02890625
4 0.35234375 0.2359375 0.01953125 0.01640625
4 0.44453125 0.2796875 0.02890625 0.03046875
4 0.49765625 0.36953125 0.05546875 0.0546875
4 0.45390625 0.4765625 0.0703125 0.0828125
4 0.5796875 0.39375 0.06015625 0.06875
4 0.4703125 0.3203125 0.04140625 0.040625
4 0.40546875 0.30234375 0.03515625 0.0375
4 0.50625 0.3015625 0.0328125 0.03046875
4 0.4140625 0.3625 0.04453125 0.06796875
4 0.4375 0.39609375 0.06015625 0.08203125
4 0.52890625 0.33203125 0.040625 0.0375