4 0.503125 0.3 0.03515625 0.0390625
3 0.14453125 0.58125 0.046875 0.13359375
3 0.54765625 0.6578125 0.0390625 0.12734375
4 0.53203125 0.33671875 0.04140625 0.03984375
4 0.515625 0.31796875 0.0359375 0.04375
4 0.54375 0.36015625 0.04765625 0.04609375
4 0.35546875 0.190625 0.01328125 0.01796875
4 0.4 0.17890625 0.0171875 0.009375
4 0.44609375 0.23515625 0.02109375 0.02265625
4 0.3546875 0.22421875 0.01640625 0.01796875
4 0.5765625 0.3859375 0.0625 0.065625
4 0.41171875 0.1953125 0.01328125 0.01484375
4 0.4234375 0.2140625 0.015625 0.0171875
4 0.3546875 0.209375 0.015625 0.01328125