4 0.44296875 0.234375 0.0203125 0.02265625
4 0.55859375 0.3609375 0.04609375 0.04609375
4 0.53203125 0.33359375 0.0421875 0.04453125
4 0.5140625 0.31328125 0.04296875 0.046875
4 0.4921875 0.2984375 0.03828125 0.03828125
4 0.478125 0.278125 0.0328125 0.03359375
4 0.365625 0.15859375 0.00703125 0.00625
4 0.41484375 0.23984375 0.02109375 0.021875
4 0.41015625 0.22265625 0.015625 0.0140625
4 0.39765625 0.20390625 0.01328125 0.01484375
4 0.4109375 0.19453125 0.01015625 0.01484375
4 0.39375 0.19296875 0.01015625 0.0109375
4 0.375 0.1984375 0.0125 0.01015625
4 0.353125 0.23203125 0.02109375 0.025
4 0.3578125 0.221875 0.0171875 0.02265625
4 0.38515625 0.18671875 0.01015625 0.0125
4 0.40390625 0.18828125 0.01328125 0.0171875
4 0.35859375 0.17109375 0.0078125 0.009375
4 0.3546875 0.190625 0.01015625 0.0140625
4 0.47578125 0.5796875 0.09609375 0.14453125
4 0.3734375 0.1640625 0.00859375 0.009375
3 0.196875 0.67109375 0.06484375 0.14140625
3 0.3734375 0.25859375 0.0078125 0.03203125
3 0.38125 0.25859375 0.0078125 0.03203125
3 0.4890625 0.240625 0.00546875 0.0265625
3 0.86484375 0.7125 0.0484375 0.13359375
2 0.5265625 0.40625 0.021875 0.075
4 0.60546875 0.421875 0.078125 0.07578125