4 0.49921875 0.3015625 0.0390625 0.0375
4 0.3546875 0.21328125 0.0171875 0.01796875
4 0.6484375 0.640625 0.13359375 0.13515625
4 0.3671875 0.1609375 0.00703125 0.00546875
4 0.53359375 0.3390625 0.04453125 0.04140625
4 0.51328125 0.31796875 0.034375 0.04140625
4 0.42578125 0.21484375 0.01328125 0.01953125
4 0.4 0.20625 0.015625 0.01875
4 0.4125 0.196875 0.01015625 0.01484375
4 0.4078125 0.18125 0.05625 0.03125
4 0.39140625 0.196875 0.01171875 0.0109375
4 0.35546875 0.18203125 0.01484375 0.03828125
4 0.3734375 0.16484375 0.01015625 0.00859375
4 0.440625 0.23125 0.01875 0.02109375
4 0.3546875 0.22890625 0.01796875 0.021875
4 0.5765625 0.38515625 0.0625 0.06328125
3 0.63671875 0.37109375 0.0125 0.05390625