4 0.4546875 0.48046875 0.08359375 0.115625
4 0.51328125 0.31796875 0.02578125 0.03359375
4 0.52734375 0.33359375 0.0453125 0.05234375
4 0.55 0.35703125 0.05 0.053125
4 0.5765625 0.3859375 0.0609375 0.05546875
4 0.484375 0.575 0.10078125 0.1375
3 0.19375 0.64375 0.0296875 0.12109375
3 0.290625 0.3125 0.0109375 0.04140625
4 0.3890625 0.22109375 0.0203125 0.01640625
4 0.39140625 0.1875 0.01328125 0.0171875
4 0.35234375 0.46640625 0.065625 0.08828125
4 0.36171875 0.2234375 0.0078125 0.01875
4 0.353125 0.23203125 0.01875 0.0265625
4 0.421875 0.21484375 0.0109375 0.01640625
4 0.42890625 0.2203125 0.00859375 0.01875
4 0.43828125 0.22890625 0.02109375 0.02421875
4 0.371875 0.16171875 0.0078125 0.00703125
4 0.484375 0.3 0.015625 0.03203125
4 0.5015625 0.3015625 0.034375 0.04453125