4 0.353125 0.23359375 0.02421875 0.03203125
4 0.44296875 0.23984375 0.01953125 0.0171875
4 0.5140625 0.315625 0.0390625 0.04375
4 0.49765625 0.303125 0.0359375 0.0359375
4 0.37578125 0.1921875 0.01953125 0.03359375
4 0.39765625 0.19609375 0.0203125 0.0234375
4 0.13515625 0.78203125 0.26953125 0.43125
4 0.4015625 0.20859375 0.015625 0.0203125
4 0.509375 0.603125 0.10625 0.13984375
3 0.365625 0.2640625 0.00859375 0.0234375
3 0.26015625 0.36484375 0.01171875 0.03359375
3 0.52578125 0.41796875 0.0109375 0.04765625
3 0.21328125 0.428125 0.01875 0.06875
3 0.23671875 0.59375 0.02421875 0.05390625