4 0.553125 0.35546875 0.05234375 0.046875
4 0.53515625 0.3296875 0.03828125 0.046875
4 0.5015625 0.30078125 0.03515625 0.0359375
4 0.409375 0.29375 0.04296875 0.0390625
4 0.39609375 0.2578125 0.02890625 0.034375
4 0.415625 0.234375 0.01640625 0.0203125
4 0.40078125 0.209375 0.01875 0.0234375
4 0.3515625 0.19140625 0.0140625 0.015625
4 0.3890625 0.1890625 0.0140625 0.01640625
4 0.35546875 0.2328125 0.02265625 0.02109375
4 0.44375 0.23203125 0.01875 0.01796875
4 0.4828125 0.5859375 0.11015625 0.16953125
4 0.58046875 0.38828125 0.0609375 0.05703125
0 0.446875 0.415625 0.125 0.209375