4 0.4109375 0.2578125 0.02890625 0.0265625
4 0.39921875 0.2734375 0.03125 0.0359375
4 0.44375 0.2328125 0.02421875 0.028125
4 0.41171875 0.23046875 0.02109375 0.0234375
4 0.384375 0.23984375 0.01953125 0.0234375
4 0.35546875 0.23203125 0.01953125 0.02578125
4 0.378125 0.19609375 0.01328125 0.01328125
4 0.37109375 0.19296875 0.01171875 0.01484375
4 0.57109375 0.384375 0.05546875 0.0546875
4 0.35078125 0.28125 0.0328125 0.03828125
4 0.36953125 0.15703125 0.0109375 0.01484375
4 0.37890625 0.2234375 0.015625 0.021875
4 0.35546875 0.16796875 0.00859375 0.01171875
3 0.74921875 0.47421875 0.0265625 0.07578125
3 0.2859375 0.36015625 0.0125 0.04609375
3 0.24609375 0.37578125 0.01640625 0.0484375
3 0.32421875 0.43984375 0.0375 0.07109375
3 0.2296875 0.40546875 0.01953125 0.065625
3 0.3 0.29921875 0.01328125 0.0390625
3 0.759375 0.4609375 0.0171875 0.0640625
3 0.4890625 0.25 0.00703125 0.03046875
0 0.3984375 0.2046875 0.0265625 0.03515625
4 0.40546875 0.3328125 0.0421875 0.04765625
4 0.43671875 0.44296875 0.06640625 0.08046875
4 0.5328125 0.33828125 0.0484375 0.04296875
4 0.51328125 0.31640625 0.03828125 0.04140625
4 0.50078125 0.3015625 0.03359375 0.03515625
4 0.50078125 0.25 0.03828125 0.0234375
4 0.4046875 0.29375 0.03671875 0.04609375