4 0.40390625 0.3140625 0.0375 0.04765625
4 0.42421875 0.21328125 0.01328125 0.01796875
4 0.44375 0.23359375 0.0203125 0.02578125
4 0.375 0.2 0.025 0.01640625
4 0.375 0.16484375 0.00859375 0.00859375
4 0.35546875 0.23515625 0.01875 0.0171875
4 0.4796875 0.578125 0.096875 0.1375
4 0.38359375 0.21953125 0.0171875 0.01953125
4 0.41171875 0.19375 0.01171875 0.01328125
4 0.37734375 0.1765625 0.01953125 0.009375
4 0.43515625 0.47109375 0.0703125 0.0875
4 0.43515625 0.40859375 0.0578125 0.06953125
4 0.58046875 0.3859375 0.0625 0.06015625
4 0.43515625 0.3671875 0.04921875 0.0640625
4 0.4765625 0.33671875 0.04140625 0.04609375
4 0.55703125 0.35546875 0.04765625 0.053125
4 0.52890625 0.33359375 0.03515625 0.040625
4 0.5171875 0.315625 0.03984375 0.0390625
4 0.5015625 0.29921875 0.04140625 0.034375
4 0.48828125 0.2859375 0.0359375 0.03046875
3 0.3015625 0.278125 0.01015625 0.04375
3 0.4984375 0.25 0.00625 0.02734375
3 0.5265625 0.28828125 0.00703125 0.01640625
4 0.40234375 0.2828125 0.03359375 0.0328125
4 0.4015625 0.17890625 0.0203125 0.00859375
4 0.35546875 0.22265625 0.01796875 0.0140625
4 0.4765625 0.27890625 0.0296875 0.03125
4 0.43203125 0.26328125 0.02578125 0.02734375
4 0.4171875 0.2390625 0.02109375 0.0203125
4 0.4109375 0.33984375 0.0421875 0.05234375