0 0.4078125 0.21484375 0.03046875 0.0375
4 0.36484375 0.2171875 0.01015625 0.02265625
4 0.5359375 0.33359375 0.04375 0.0515625
4 0.44609375 0.5015625 0.08359375 0.12265625
4 0.49140625 0.35546875 0.04921875 0.05625
4 0.55703125 0.36171875 0.0453125 0.046875
4 0.4640625 0.31640625 0.0390625 0.03984375
4 0.5171875 0.3140625 0.04296875 0.03984375
4 0.49921875 0.3 0.03515625 0.040625
4 0.446875 0.23671875 0.01875 0.0203125
4 0.415625 0.2390625 0.01953125 0.0171875
4 0.390625 0.27265625 0.03125 0.0421875
4 0.37421875 0.1625 0.00859375 0.01015625
4 0.35390625 0.18984375 0.0125 0.01640625
4 0.3921875 0.18828125 0.01875 0.03046875
4 0.42734375 0.2125 0.00859375 0.0203125
4 0.35625 0.22421875 0.01640625 0.02578125
4 0.67578125 0.665625 0.1484375 0.1484375
4 0.48359375 0.6125 0.10703125 0.17890625
4 0.54921875 0.4609375 0.075 0.07734375
4 0.5796875 0.38828125 0.05859375 0.0578125
4 0.38515625 0.315625 0.04140625 0.04453125
4 0.35234375 0.23359375 0.01953125 0.021875
4 0.4390625 0.26484375 0.02890625 0.03359375
4 0.3671875 0.18125 0.01640625 0.0140625
4 0.35859375 0.16171875 0.00703125 0.0078125
3 0.04375 0.80234375 0.0484375 0.15
3 0.63125 0.36640625 0.01875 0.05390625
3 0.59765625 0.33984375 0.01171875 0.04140625
3 0.48515625 0.23984375 0.0078125 0.025