4 0.53828125 0.228125 0.0578125 0.04765625
4 0.66640625 0.18125 0.04375 0.028125
4 0.5015625 0.26796875 0.08671875 0.06953125
4 0.665625 0.21796875 0.05390625 0.0484375
4 0.753125 0.17109375 0.025 0.025
4 0.60703125 0.2375 0.06875 0.05
4 0.71875 0.2046875 0.05390625 0.03984375
4 0.3796875 0.315625 0.12265625 0.10546875
4 0.4375 0.2609375 0.06328125 0.046875
4 0.61640625 0.20390625 0.0546875 0.0328125
4 0.78515625 0.17578125 0.03828125 0.03125
4 0.303125 0.3125 0.1140625 0.08203125
4 0.78984375 0.15234375 0.0328125 0.02578125
4 0.7203125 0.171875 0.0390625 0.0296875