4 0.55546875 0.3890625 0.1328125 0.10078125
4 0.73828125 0.2890625 0.078125 0.06875
4 0.1359375 0.4375 0.1703125 0.13828125
3 0.28359375 0.24453125 0.01796875 0.059375
4 0.2625 0.5609375 0.2640625 0.1984375
4 0.64375 0.2015625 0.034375 0.03515625
4 0.7078125 0.2578125 0.075 0.05234375
4 0.7359375 0.17265625 0.14921875 0.11171875
4 0.5046875 0.33046875 0.09453125 0.0484375
3 0.69296875 0.315625 0.028125 0.08359375
4 0.81640625 0.253125 0.05859375 0.05390625
4 0.4234375 0.303125 0.1171875 0.0859375