4 0.4640625 0.32109375 0.015625 0.021875
4 0.69765625 0.6484375 0.14453125 0.15
4 0.4828125 0.44375 0.075 0.078125
4 0.36953125 0.35625 0.04375 0.065625
4 0.615625 0.40546875 0.05546875 0.05
4 0.51015625 0.34296875 0.03125 0.0359375
4 0.55546875 0.371875 0.04296875 0.04453125
4 0.4375 0.30703125 0.0125 0.0171875
4 0.015625 0.53984375 0.03125 0.06953125
4 0.4484375 0.31171875 0.01171875 0.02109375
4 0.3265625 0.29140625 0.028125 0.028125
4 0.38828125 0.31953125 0.02578125 0.034375
4 0.53203125 0.3578125 0.025 0.0296875