4 0.71640625 0.2296875 0.05625 0.06328125
4 0.89375 0.16484375 0.03203125 0.03671875
4 0.846875 0.18125 0.0328125 0.0390625
3 0.3625 0.25078125 0.01328125 0.06484375
3 0.909375 0.43046875 0.02421875 0.10234375
3 0.396875 0.24765625 0.01875 0.0671875
4 0.02578125 0.265625 0.05078125 0.06484375
4 0.64921875 0.25625 0.08359375 0.06640625
3 0.896875 0.3734375 0.01875 0.09453125
4 0.1015625 0.2859375 0.12109375 0.07421875
1 0.88515625 0.378125 0.0140625 0.06875
3 0.9875 0.38203125 0.021875 0.09375
4 0.3046875 0.33046875 0.16640625 0.09296875
4 0.81328125 0.19296875 0.0375 0.04453125
4 0.76796875 0.20703125 0.05625 0.05390625