4 0.55859375 0.3578125 0.1703125 0.12734375
3 0.43671875 0.28359375 0.02109375 0.075
3 0.41484375 0.27890625 0.01796875 0.07109375
4 0.99296875 0.19453125 0.01171875 0.028125
4 0.96953125 0.203125 0.0359375 0.04609375
4 0.14921875 0.24765625 0.1 0.059375
4 0.81484375 0.23046875 0.084375 0.04375
4 0.96875 0.88828125 0.059375 0.08515625
4 0.0703125 0.52734375 0.140625 0.14609375
4 0.91640625 0.21171875 0.07109375 0.05859375
4 0.05859375 0.22578125 0.09140625 0.0546875
4 0.81953125 0.2828125 0.1078125 0.08828125