4 0.8140625 0.0546875 0.00390625 0.009375
4 0.51015625 0.0328125 0.0546875 0.0640625
4 0.5546875 0.02734375 0.03359375 0.03046875
4 0.6140625 0.00859375 0.028125 0.01640625
4 0.7171875 0.0765625 0.0296875 0.02890625
1 0.71171875 0.09765625 0.003125 0.01796875
1 0.6796875 0.10703125 0.00390625 0.025
1 0.55703125 0.16640625 0.0046875 0.04453125
1 0.36640625 0.29453125 0.01171875 0.05546875
1 0.4671875 0.22265625 0.00546875 0.05
1 0.5953125 0.26328125 0.034375 0.10234375
1 0.178125 0.43203125 0.01875 0.08125
4 0.40859375 0.22109375 0.09453125 0.0828125
2 0.83828125 0.06640625 0.0125 0.03359375
1 0.79296875 0.065625 0.00390625 0.0109375
1 0.8046875 0.05859375 0.0046875 0.01328125
1 0.7671875 0.07578125 0.0046875 0.01171875
4 0.65078125 0.10078125 0.0421875 0.03984375
1 0.74453125 0.08203125 0.00390625 0.01796875
2 0.7703125 0.14375 0.01875 0.0671875
2 0.53671875 0.40546875 0.03984375 0.09765625
4 0.9796875 0.3359375 0.03828125 0.146875