4 0.22734375 0.08359375 0.01640625 0.01796875
4 0.21640625 0.08046875 0.00859375 0.01640625
4 0.53828125 0.19453125 0.05703125 0.04453125
4 0.84453125 0.31328125 0.1046875 0.0734375
4 0.7546875 0.28203125 0.10078125 0.05703125
4 0.68125 0.2484375 0.08203125 0.0546875
4 0.62265625 0.22890625 0.05234375 0.0484375
4 0.58515625 0.21328125 0.05390625 0.04296875
4 0.29375 0.10859375 0.021875 0.0234375
4 0.49765625 0.18203125 0.04609375 0.03828125
1 0.15 0.34296875 0.00703125 0.06171875
1 0.49921875 0.1546875 0.00625 0.01796875
1 0.528125 0.15390625 0.0125 0.01796875
1 0.34296875 0.18203125 0.01640625 0.05234375
1 0.16796875 0.184375 0.01953125 0.07734375
1 0.096875 0.27265625 0.121875 0.24140625
1 0.17109375 0.35625 0.00703125 0.0625
1 0.1875 0.37265625 0.00546875 0.06640625
1 0.1296875 0.459375 0.0125 0.08515625
1 0.06953125 0.4875 0.00546875 0.08359375
1 0.51875 0.28359375 0.01953125 0.05390625
4 0.4171875 0.153125 0.04609375 0.034375
4 0.50625 0.36796875 0.128125 0.1359375
4 0.3875 0.14296875 0.0359375 0.03125
4 0.36484375 0.13515625 0.0375 0.0296875
4 0.3328125 0.1203125 0.0328125 0.028125
4 0.3109375 0.1140625 0.02421875 0.0234375
4 0.28125 0.10234375 0.021875 0.02109375
4 0.26875 0.096875 0.025 0.02265625
4 0.2515625 0.09453125 0.0140625 0.01796875
4 0.24140625 0.0875 0.01796875 0.01796875