2 0.44375 0.17578125 0.03203125 0.06796875
4 0.61328125 0.00703125 0.0296875 0.0140625
3 0.5796875 0.103125 0.01015625 0.03515625
3 0.7484375 0.05390625 0.00703125 0.025
3 0.74140625 0.053125 0.0078125 0.025
3 0.56796875 0.10078125 0.00859375 0.03515625
1 0.1828125 0.434375 0.025 0.09375
1 0.36796875 0.29609375 0.02265625 0.07109375
1 0.71171875 0.09375 0.00546875 0.025
1 0.6796875 0.10703125 0.00703125 0.03125
1 0.55703125 0.16796875 0.01171875 0.04765625
1 0.46953125 0.22421875 0.01875 0.05625
1 0.5953125 0.26328125 0.034375 0.10625