4 0.49609375 0.18125 0.05390625 0.03828125
4 0.4171875 0.153125 0.04453125 0.03125
4 0.3890625 0.14296875 0.040625 0.02890625
4 0.36328125 0.134375 0.0375 0.02734375
4 0.33203125 0.1203125 0.034375 0.03046875
4 0.31171875 0.11484375 0.02578125 0.02265625
4 0.28828125 0.109375 0.0125 0.02265625
4 0.2828125 0.103125 0.02265625 0.021875
4 0.26875 0.096875 0.0265625 0.02421875
4 0.24296875 0.08828125 0.0234375 0.01953125
4 0.22578125 0.08359375 0.01875 0.01796875
3 0.690625 0.23046875 0.0171875 0.05234375
1 0.340625 0.178125 0.01953125 0.06015625
1 0.06953125 0.48984375 0.00859375 0.08359375
1 0.1859375 0.37421875 0.00859375 0.06015625
1 0.17109375 0.359375 0.00703125 0.06484375
1 0.51796875 0.3 0.02109375 0.07890625
1 0.0625 0.3765625 0.01484375 0.0640625
1 0.05078125 0.3671875 0.0109375 0.0578125
1 0.071875 0.36328125 0.0125 0.06171875
1 0.1296875 0.46171875 0.0125 0.08125
1 0.03515625 0.375 0.021875 0.07109375
1 0.125 0.36484375 0.0203125 0.06953125
1 0.10703125 0.3734375 0.021875 0.07109375
1 0.0828125 0.37265625 0.01171875 0.06171875
2 0.57578125 0.88515625 0.0953125 0.225
1 0.528125 0.15390625 0.01171875 0.02109375
1 0.09296875 0.26640625 0.125 0.23203125
4 0.53828125 0.19453125 0.0609375 0.0421875
4 0.5859375 0.21484375 0.0546875 0.046875
4 0.41171875 0.31328125 0.08203125 0.09453125
4 0.75390625 0.27890625 0.10234375 0.07109375
4 0.63515625 0.23359375 0.07109375 0.05390625