4 0.603125 0.240625 0.028125 0.02109375
2 0.396875 0.521875 0.0265625 0.06640625
2 0.6609375 0.36171875 0.015625 0.04765625
2 0.39609375 0.4546875 0.03125 0.059375
2 0.54765625 0.45859375 0.02421875 0.07578125
2 0.57578125 0.35078125 0.0140625 0.03125
3 0.56484375 0.3359375 0.01328125 0.0390625
3 0.240625 0.34375 0.01015625 0.05
3 0.4328125 0.28984375 0.01015625 0.0375
3 0.2625 0.41640625 0.028125 0.04375
1 0.5484375 0.39921875 0.00546875 0.04375
1 0.334375 0.38984375 0.01015625 0.01640625
1 0.45703125 0.44609375 0.00859375 0.04140625
1 0.5859375 0.48671875 0.0328125 0.08515625
1 0.3578125 0.52421875 0.01171875 0.06015625
1 0.16875 0.65703125 0.0140625 0.08125
3 0.25078125 0.34375 0.00859375 0.04921875
3 0.5375 0.353125 0.01015625 0.0359375