2 0.2859375 0.36015625 0.015625 0.0625
1 0.209375 0.53984375 0.02734375 0.0671875
1 0.42578125 0.51796875 0.02109375 0.065625
1 0.2140625 0.35625 0.01875 0.05859375
1 0.01171875 0.453125 0.0234375 0.20625
1 0.315625 0.53125 0.028125 0.07109375
1 0.03671875 0.53515625 0.00546875 0.05390625
1 0.13515625 0.54609375 0.02265625 0.07109375
1 0.0546875 0.55078125 0.00703125 0.06484375
1 0.55625 0.69765625 0.03515625 0.10390625
1 0.6453125 0.83671875 0.05234375 0.11875
1 0.39140625 0.46953125 0.02421875 0.08515625
1 0.034375 0.36796875 0.01875 0.07421875
2 0.3390625 0.34765625 0.0203125 0.03359375
2 0.81484375 0.475 0.03515625 0.0609375
2 0.8203125 0.5375 0.03203125 0.0796875
2 0.81015625 0.64296875 0.03515625 0.10625
2 0.8546875 0.51015625 0.040625 0.08203125
2 0.7046875 0.465625 0.0421875 0.06796875
2 0.509375 0.39375 0.01875 0.05078125
2 0.48359375 0.390625 0.01875 0.05234375
2 0.30546875 0.3578125 0.0203125 0.046875
2 0.27265625 0.31953125 0.01171875 0.03515625
3 0.43828125 0.49453125 0.02109375 0.0640625
1 0.015625 0.5234375 0.00625 0.06328125