2 0.86796875 0.40078125 0.034375 0.08828125
4 0.68671875 0.29140625 0.09140625 0.07109375
4 0.02734375 0.2625 0.0546875 0.0625
4 0.909375 0.184375 0.04375 0.0328125
4 0.71640625 0.22890625 0.06484375 0.05234375
4 0.76796875 0.19765625 0.06171875 0.04375
4 0.89296875 0.1625 0.03515625 0.03515625
4 0.76796875 0.25078125 0.0734375 0.0703125
4 0.8171875 0.22109375 0.05390625 0.06953125
4 0.85234375 0.17421875 0.02734375 0.040625
4 0.64765625 0.2515625 0.06953125 0.06171875
3 0.41875 0.30078125 0.0203125 0.08125
3 0.97265625 0.41796875 0.0359375 0.10625
3 0.7609375 0.36796875 0.02734375 0.07734375
3 0.49609375 0.3078125 0.02109375 0.078125
1 0.8859375 0.35625 0.0140625 0.02890625
2 0.8 0.34609375 0.0359375 0.071875
2 0.84609375 0.36171875 0.0296875 0.09296875
2 0.8859375 0.42421875 0.0265625 0.1