4 0.66484375 0.24921875 0.07890625 0.0640625
4 0.85078125 0.2546875 0.0625 0.0640625
4 0.55859375 0.29453125 0.1171875 0.075
4 0.91875 0.16015625 0.02421875 0.0359375
4 0.89296875 0.1640625 0.03125 0.03828125
4 0.85078125 0.1765625 0.0265625 0.0390625
4 0.8140625 0.19609375 0.05078125 0.0484375
4 0.77421875 0.21171875 0.05234375 0.05546875
4 0.7234375 0.2265625 0.0609375 0.06171875
4 0.1390625 0.2890625 0.125 0.07578125
4 0.0484375 0.27578125 0.096875 0.0625
3 0.684375 0.19609375 0.01328125 0.04140625
3 0.71484375 0.15859375 0.0125 0.05
1 0.88359375 0.37734375 0.01640625 0.07421875
2 0.42734375 0.290625 0.0328125 0.08515625
2 0.2625 0.3140625 0.05390625 0.08671875
2 0.4484375 0.2921875 0.03515625 0.08515625
2 0.065625 0.33984375 0.06484375 0.0984375
2 0.16328125 0.3375 0.05859375 0.0859375