1 0.17265625 0.35703125 0.01015625 0.06484375
1 0.1875 0.37421875 0.00859375 0.06015625
1 0.1296875 0.46171875 0.0125 0.07734375
1 0.06953125 0.48984375 0.00859375 0.07890625
1 0.10546875 0.36953125 0.01875 0.06484375
1 0.12421875 0.36484375 0.01875 0.06484375
2 0.2546875 0.38671875 0.075 0.10234375
2 0.0421875 0.40546875 0.08125 0.11875
4 0.79921875 0.2953125 0.109375 0.06015625
4 0.30859375 0.11484375 0.02109375 0.02265625
1 0.34453125 0.178125 0.01875 0.06484375
4 0.63046875 0.23125 0.0703125 0.04765625
2 0.9265625 0.88046875 0.078125 0.10625
4 0.33515625 0.11953125 0.0328125 0.02421875
4 0.25703125 0.0953125 0.02421875 0.01328125
4 0.2828125 0.1015625 0.0203125 0.02109375
4 0.3515625 0.128125 0.0296875 0.02578125
4 0.37578125 0.1359375 0.03671875 0.0265625
4 0.39921875 0.146875 0.03671875 0.03046875
4 0.42109375 0.15625 0.03125 0.0296875
4 0.5171875 0.19453125 0.02734375 0.0421875
4 0.69765625 0.259375 0.08828125 0.05078125
4 0.58203125 0.2109375 0.0578125 0.0453125
4 0.22890625 0.0828125 0.01875 0.01796875
4 0.2390625 0.08828125 0.01640625 0.01796875
1 0.16875 0.18828125 0.0140625 0.06875
1 0.51796875 0.296875 0.02109375 0.08515625