4 0.1765625 0.2671875 0.0234375 0.02265625
4 0.9828125 0.70703125 0.03125 0.10625
4 0.1984375 0.4671875 0.07734375 0.09453125
4 0.17109375 0.43046875 0.05234375 0.0671875
4 0.0890625 0.71328125 0.17734375 0.13984375
4 0.48828125 0.88046875 0.32421875 0.20078125
4 0.94765625 0.59609375 0.10234375 0.12109375
4 0.396875 0.34296875 0.05234375 0.03984375
4 0.31875 0.31875 0.04453125 0.03203125
4 0.290625 0.30703125 0.0296875 0.03203125
4 0.26875 0.3 0.02734375 0.03046875
4 0.24921875 0.29140625 0.0296875 0.02734375
4 0.225 0.284375 0.0296875 0.02734375
4 0.21015625 0.2765625 0.0265625 0.02734375
4 0.18515625 0.27265625 0.015625 0.02265625
4 0.1625 0.26328125 0.01953125 0.0234375
4 0.128125 0.24921875 0.015625 0.0203125
4 0.13671875 0.25546875 0.0125 0.0203125
4 0.1140625 0.24375 0.021875 0.01796875
4 0.1515625 0.2578125 0.02109375 0.0234375
1 0.73359375 0.45078125 0.01875 0.04375
1 0.0203125 0.503125 0.00703125 0.04375
1 0.0453125 0.51171875 0.00546875 0.05625
1 0.06640625 0.525 0.00703125 0.05859375
1 0.021875 0.62421875 0.00703125 0.05625
1 0.63828125 0.415625 0.009375 0.0421875
1 0.56640625 0.42265625 0.0125 0.0453125
1 0.53515625 0.409375 0.00859375 0.03046875
1 0.51640625 0.40234375 0.01015625 0.0375
1 0.4765625 0.3875 0.00859375 0.03203125
1 0.659375 0.4515625 0.015625 0.05078125
1 0.6859375 0.43515625 0.01328125 0.04453125
1 0.628125 0.4421875 0.0140625 0.04921875
1 0.5984375 0.40625 0.0078125 0.03203125
2 0.6515625 0.54765625 0.06171875 0.09765625
2 0.07734375 0.50625 0.0234375 0.1015625
2 0.690625 0.5609375 0.0640625 0.0984375
2 0.13671875 0.5046875 0.02578125 0.09296875
2 0.08515625 0.5171875 0.02265625 0.10234375
2 0.5328125 0.55390625 0.07109375 0.10390625