1 0.4671875 0.221875 0.00546875 0.04765625
1 0.55703125 0.16796875 0.00546875 0.04375
1 0.68046875 0.10390625 0.00546875 0.02890625
1 0.71171875 0.09140625 0.00546875 0.025
1 0.74609375 0.08203125 0.00546875 0.01875
1 0.76875 0.06953125 0.00546875 0.01875
1 0.178125 0.42734375 0.015625 0.08359375
1 0.3671875 0.29765625 0.01015625 0.05390625
1 0.78125 0.246875 0.0171875 0.03125
1 0.5953125 0.26484375 0.034375 0.10390625
3 0.925 0.10859375 0.0125 0.04453125
3 0.89765625 0.1046875 0.0140625 0.0484375
3 0.88125 0.11015625 0.01796875 0.0546875
3 0.09296875 0.17890625 0.01875 0.0625
4 0.971875 0.52109375 0.05390625 0.25390625
4 0.59140625 0.01171875 0.028125 0.02265625