1 0.62734375 0.44140625 0.0125 0.04296875
2 0.09921875 0.39765625 0.0171875 0.0625
4 0.39609375 0.34140625 0.053125 0.0375
4 0.33203125 0.3703125 0.06171875 0.05078125
4 0.21015625 0.27734375 0.028125 0.0265625
4 0.15234375 0.2890625 0.03515625 0.02890625
4 0.22578125 0.28359375 0.03125 0.02578125
4 0.2484375 0.2921875 0.03125 0.02890625
4 0.2703125 0.29921875 0.0328125 0.0296875
4 0.2921875 0.30703125 0.03203125 0.03359375
4 0.31796875 0.31796875 0.04609375 0.03203125
3 0.0703125 0.5625 0.02421875 0.0875
1 0.065625 0.51640625 0.00546875 0.04609375
1 0.4765625 0.38828125 0.00859375 0.03515625
1 0.51640625 0.403125 0.01015625 0.034375
1 0.53515625 0.40859375 0.0125 0.0359375
1 0.5671875 0.4234375 0.0125 0.04765625
1 0.659375 0.45 0.0125 0.04765625
1 0.73359375 0.45078125 0.0125 0.04765625
1 0.02265625 0.63046875 0.01171875 0.07734375
1 0.0828125 0.53984375 0.00703125 0.05859375
1 0.0453125 0.509375 0.00546875 0.06015625
1 0.02109375 0.5 0.00859375 0.05390625