0 0.55625 0.2328125 0.14140625 0.134375
4 0.125 0.61328125 0.25 0.18984375
4 0.8921875 0.33515625 0.12109375 0.06875
4 0.79765625 0.2953125 0.1125 0.06171875
4 0.71640625 0.26484375 0.0859375 0.05234375
4 0.64765625 0.23203125 0.046875 0.04765625
4 0.32890625 0.31640625 0.08125 0.0796875
4 0.39609375 0.14375 0.0328125 0.0296875
4 0.35546875 0.12734375 0.0359375 0.028125
4 0.33359375 0.11953125 0.0296875 0.02734375
4 0.3109375 0.115625 0.02421875 0.02421875
4 0.2828125 0.103125 0.02265625 0.02265625
4 0.26953125 0.09765625 0.02265625 0.01953125
4 0.25390625 0.09296875 0.01640625 0.0171875
4 0.24140625 0.0890625 0.01640625 0.01796875
4 0.2296875 0.084375 0.01796875 0.01953125
4 0.209375 0.078125 0.01796875 0.01171875
4 0.41875 0.15546875 0.0296875 0.02578125
3 0.74140625 0.22421875 0.01875 0.03984375
3 0.95859375 0.33984375 0.01953125 0.07578125
1 0.34140625 0.18203125 0.02421875 0.05625
1 0.0703125 0.48671875 0.00703125 0.08515625
1 0.13125 0.45859375 0.01015625 0.07890625
1 0.18828125 0.371875 0.00703125 0.06015625
1 0.03984375 0.371875 0.02265625 0.07265625
1 0.171875 0.36015625 0.00546875 0.05859375
1 0.51875 0.29765625 0.02265625 0.08359375
1 0.10546875 0.37421875 0.02265625 0.07265625
1 0.12578125 0.365625 0.021875 0.07265625
1 0.16796875 0.1875 0.0171875 0.07109375
1 0.1015625 0.271875 0.1203125 0.24296875