1 0.171875 0.359375 0.00546875 0.05625
1 0.18671875 0.36953125 0.00703125 0.06875
1 0.1296875 0.45859375 0.0125 0.08359375
1 0.06796875 0.48671875 0.00859375 0.08125
2 0.1828125 0.184375 0.01171875 0.046875
0 0.23359375 0.0921875 0.06171875 0.05546875
1 0.09765625 0.275 0.121875 0.25
4 0.2828125 0.103125 0.0203125 0.02265625
4 0.29375 0.109375 0.021875 0.02265625
4 0.31171875 0.11484375 0.021875 0.025
4 0.33125 0.12109375 0.034375 0.0296875
4 0.3640625 0.134375 0.03515625 0.028125
4 0.3875 0.14296875 0.03515625 0.03046875
4 0.4171875 0.1515625 0.0453125 0.03359375
4 0.49609375 0.1828125 0.04765625 0.0390625
4 0.540625 0.19453125 0.0625 0.0453125
4 0.6234375 0.228125 0.0546875 0.04765625
4 0.68125 0.25 0.08125 0.0609375
4 0.75546875 0.28046875 0.096875 0.05625
4 0.84453125 0.3125 0.10390625 0.071875
1 0.16796875 0.18515625 0.0140625 0.06640625
1 0.34140625 0.184375 0.01875 0.06015625
1 0.51640625 0.29609375 0.02734375 0.0875