1 0.74375 0.08359375 0.0046875 0.015625
1 0.8046875 0.05859375 0.0046875 0.01171875
1 0.71171875 0.096875 0.00546875 0.01484375
1 0.6796875 0.10546875 0.0046875 0.0265625
1 0.36640625 0.2921875 0.009375 0.06328125
1 0.5953125 0.26328125 0.034375 0.10234375
1 0.46640625 0.21328125 0.00703125 0.03125
1 0.55625 0.16796875 0.00703125 0.04765625
1 0.7671875 0.071875 0.00390625 0.0109375
1 0.79296875 0.06171875 0.003125 0.0140625
1 0.17734375 0.428125 0.01484375 0.08125
4 0.52265625 0.03828125 0.03671875 0.028125
4 0.4828125 0.26953125 0.10234375 0.09453125
4 0.61484375 0.00859375 0.03125 0.01640625