4 0.5859375 0.215625 0.05234375 0.0484375
4 0.75546875 0.28125 0.09375 0.0578125
4 0.84453125 0.3125 0.10390625 0.0734375
4 0.6234375 0.2296875 0.05625 0.04921875
4 0.68203125 0.25 0.08125 0.05703125
4 0.53828125 0.19609375 0.059375 0.0453125
4 0.41640625 0.15234375 0.04375 0.034375
4 0.38828125 0.1421875 0.03828125 0.03203125
4 0.36484375 0.134375 0.0359375 0.02734375
4 0.33359375 0.1203125 0.03359375 0.028125
4 0.31171875 0.11328125 0.0265625 0.02421875
4 0.2890625 0.10859375 0.01328125 0.02109375
4 0.27734375 0.103125 0.0140625 0.0234375
4 0.25703125 0.09453125 0.021875 0.01796875
4 0.24140625 0.08828125 0.01796875 0.01875
4 0.22734375 0.084375 0.0171875 0.01796875
4 0.4953125 0.18359375 0.04765625 0.0390625
1 0.16875 0.18828125 0.01796875 0.07109375
1 0.06953125 0.48359375 0.01171875 0.075
1 0.12890625 0.46015625 0.01015625 0.0875
1 0.1875 0.37421875 0.01171875 0.06484375
1 0.171875 0.35703125 0.00859375 0.06484375
1 0.5171875 0.29765625 0.02265625 0.08359375
1 0.34140625 0.18046875 0.0125 0.05234375
1 0.09609375 0.27109375 0.1203125 0.234375