4 0.28203125 0.10390625 0.02265625 0.01953125
4 0.29375 0.11015625 0.0234375 0.02265625
4 0.31328125 0.115625 0.0234375 0.02265625
4 0.33203125 0.1203125 0.03203125 0.02734375
4 0.3625 0.134375 0.03125 0.02890625
4 0.38828125 0.14375 0.0359375 0.02890625
4 0.4171875 0.153125 0.0453125 0.03125
4 0.4984375 0.18203125 0.05859375 0.03984375
4 0.5859375 0.21484375 0.06328125 0.0453125
4 0.25078125 0.1703125 0.04375 0.04296875
4 0.63515625 0.23359375 0.07421875 0.05625
4 0.7890625 0.29140625 0.10859375 0.06953125
4 0.2421875 0.0890625 0.01953125 0.01953125
3 0.21015625 0.38125 0.02265625 0.1
1 0.16953125 0.18828125 0.01875 0.06875
1 0.34375 0.18203125 0.01953125 0.05234375
1 0.51796875 0.29609375 0.02109375 0.0875
1 0.096875 0.2640625 0.1234375 0.22265625
1 0.0375 0.37265625 0.01953125 0.0671875
1 0.171875 0.35859375 0.00859375 0.0625
1 0.1875 0.37109375 0.00859375 0.0625
1 0.1296875 0.46015625 0.0125 0.07890625
1 0.06953125 0.48984375 0.00859375 0.08359375
1 0.12421875 0.36328125 0.01953125 0.0671875
1 0.10625 0.371875 0.01953125 0.0671875
1 0.08125 0.3734375 0.0140625 0.06796875
1 0.07421875 0.3640625 0.01640625 0.06640625
1 0.06328125 0.375 0.01953125 0.0671875
1 0.05234375 0.37109375 0.0109375 0.06640625
4 0.70859375 0.26328125 0.0875 0.0578125
4 0.25078125 0.09453125 0.01171875 0.0171875
4 0.26796875 0.096875 0.02421875 0.02265625