1 0.13046875 0.4625 0.00859375 0.06640625
4 0.4953125 0.18203125 0.05390625 0.03515625
4 0.421875 0.1546875 0.04140625 0.03359375
4 0.33203125 0.12109375 0.02734375 0.02421875
4 0.3125 0.115625 0.0265625 0.02265625
4 0.20703125 0.10078125 0.03046875 0.02734375
4 0.2953125 0.109375 0.0265625 0.025
4 0.28203125 0.10234375 0.02265625 0.02109375
4 0.26640625 0.096875 0.02109375 0.02109375
4 0.25234375 0.09453125 0.015625 0.0171875
4 0.2421875 0.08984375 0.01953125 0.01640625
3 0.99140625 0.3578125 0.0140625 0.06953125
3 0.96796875 0.33046875 0.02734375 0.08203125
1 0.0703125 0.48828125 0.00703125 0.08515625
4 0.5203125 0.19453125 0.01953125 0.03125
1 0.17109375 0.359375 0.00703125 0.06015625
1 0.15234375 0.34375 0.00859375 0.0625
1 0.128125 0.33125 0.01171875 0.05859375
1 0.51875 0.296875 0.01953125 0.08515625
1 0.34296875 0.18359375 0.01875 0.05390625
1 0.16796875 0.18984375 0.01875 0.075
2 0.121875 0.425 0.08359375 0.10703125
2 0.19765625 0.403125 0.07890625 0.10703125
2 0.06640625 0.44453125 0.09765625 0.11953125
4 0.35078125 0.1296875 0.03125 0.02578125
4 0.2890625 0.140625 0.03984375 0.03359375
4 0.37578125 0.13671875 0.03515625 0.028125
4 0.3953125 0.14765625 0.03125 0.02890625
4 0.5859375 0.21328125 0.053125 0.04296875
4 0.7984375 0.29765625 0.11171875 0.06328125
4 0.70078125 0.25546875 0.0921875 0.06328125
4 0.63203125 0.2328125 0.07265625 0.0484375
4 0.540625 0.24296875 0.078125 0.059375