1 0.5546875 0.684375 0.0015625 0.00625
1 0.5859375 0.634375 0.06328125 0.12734375
1 0.6203125 0.58671875 0.00703125 0.02578125
1 0.63515625 0.5859375 0.00703125 0.02734375
1 0.41875 0.53671875 0.01484375 0.0203125
4 0.25625 0.52890625 0.034375 0.04609375
4 0.27890625 0.4953125 0.02109375 0.0234375
4 0.23359375 0.48828125 0.02265625 0.02890625
4 0.25546875 0.4765625 0.0296875 0.01640625
4 0.296875 0.48046875 0.01796875 0.02421875
4 0.2921875 0.65234375 0.06015625 0.06640625
3 0.54921875 0.5625 0.0109375 0.04765625
3 0.53828125 0.56171875 0.0109375 0.04765625
3 0.22421875 0.71875 0.01328125 0.08359375
3 0.25703125 0.71875 0.02578125 0.08359375
3 0.4671875 0.53203125 0.00859375 0.03515625