4 0.24140625 0.08828125 0.0171875 0.01875
4 0.6953125 0.25703125 0.07734375 0.05390625
4 0.77109375 0.2875 0.10546875 0.0609375
4 0.415625 0.1515625 0.046875 0.0375
4 0.3875 0.1421875 0.03125 0.0265625
4 0.365625 0.13046875 0.0375 0.03125
4 0.31015625 0.115625 0.021875 0.02265625
4 0.290625 0.1109375 0.00703125 0.0140625
4 0.915625 0.73828125 0.16640625 0.23515625
4 0.28125 0.10390625 0.0203125 0.02265625
4 0.26640625 0.09765625 0.01796875 0.01875
4 0.2546875 0.09453125 0.0171875 0.01640625
4 0.63125 0.23125 0.07578125 0.04765625
4 0.20546875 0.146875 0.0421875 0.03984375
4 0.24375 0.1671875 0.04375 0.03984375
4 0.28203125 0.1859375 0.04453125 0.0421875
4 0.31796875 0.2140625 0.0609375 0.0578125
4 0.39375 0.27109375 0.14296875 0.14140625
1 0.06953125 0.48828125 0.00546875 0.08125
1 0.13046875 0.459375 0.01171875 0.08125
1 0.1875 0.36875 0.00546875 0.07109375
1 0.1703125 0.35703125 0.00546875 0.06015625
1 0.1515625 0.33984375 0.00703125 0.05859375
1 0.51875 0.29765625 0.01953125 0.08359375
1 0.3421875 0.17578125 0.0171875 0.03984375
1 0.1671875 0.1875 0.02109375 0.07109375
1 0.08125 0.37265625 0.01640625 0.06171875
1 0.0734375 0.36171875 0.0125 0.053125
1 0.10546875 0.36875 0.01875 0.0609375
1 0.12421875 0.3640625 0.01875 0.065625
1 0.06171875 0.3734375 0.01875 0.0609375
1 0.0515625 0.36953125 0.0125 0.0609375
1 0.0375 0.371875 0.0203125 0.06796875
2 0.68359375 0.378125 0.07421875 0.10625
4 0.58671875 0.20859375 0.05859375 0.05390625
4 0.44296875 0.5359375 0.2515625 0.1609375
4 0.51875 0.1953125 0.01953125 0.0390625
4 0.33125 0.12421875 0.0296875 0.025
1 0.0921875 0.26796875 0.1234375 0.22265625