4 0.3 0.1078125 0.02734375 0.02421875
1 0.10859375 0.309375 0.0828125 0.16015625
4 0.4 0.1453125 0.040625 0.03046875
4 0.3765625 0.13515625 0.0390625 0.0296875
4 0.3515625 0.13046875 0.03125 0.0296875
4 0.33203125 0.1203125 0.02890625 0.02734375
4 0.31171875 0.1140625 0.025 0.02421875
4 0.2828125 0.103125 0.02265625 0.021875
4 0.26953125 0.09765625 0.02421875 0.02265625
4 0.25546875 0.0921875 0.01953125 0.021875
4 0.24375 0.0890625 0.0234375 0.01875
4 0.2265625 0.08359375 0.02578125 0.01796875
4 0.88125 0.328125 0.09609375 0.07109375
4 0.79921875 0.2953125 0.1109375 0.06171875
4 0.69765625 0.2578125 0.0890625 0.05390625
4 0.63203125 0.23125 0.075 0.0453125
4 0.58046875 0.2125 0.06171875 0.04453125
4 0.51640625 0.1921875 0.025 0.046875
4 0.49296875 0.18359375 0.053125 0.03671875
4 0.41953125 0.15625 0.03125 0.02578125
1 0.03984375 0.375 0.01640625 0.0671875
1 0.16796875 0.18515625 0.01875 0.07109375
1 0.3421875 0.18203125 0.0171875 0.05234375
1 0.51953125 0.29921875 0.02109375 0.08125
1 0.171875 0.35703125 0.00546875 0.06015625
1 0.18828125 0.36875 0.00703125 0.07109375
1 0.10546875 0.36875 0.01640625 0.0671875
1 0.13125 0.45859375 0.01015625 0.07890625
1 0.1234375 0.36484375 0.01640625 0.0671875
1 0.071875 0.48515625 0.00703125 0.08359375
2 0.34453125 0.68671875 0.075 0.18515625