1 0.1671875 0.19140625 0.01875 0.0734375
1 0.1859375 0.36875 0.00546875 0.0625
1 0.17109375 0.36640625 0.00703125 0.05
1 0.13046875 0.46171875 0.00859375 0.07265625
1 0.51796875 0.29921875 0.02109375 0.08203125
2 0.18828125 0.4796875 0.06328125 0.10078125
2 0.07578125 0.47578125 0.05 0.10625
1 0.0890625 0.49609375 0.00703125 0.04609375
1 0.0609375 0.50703125 0.00546875 0.04375
1 0.09453125 0.26953125 0.11953125 0.228125
4 0.6421875 0.20234375 0.1359375 0.1296875
3 0.70703125 0.253125 0.0203125 0.05703125
3 0.5625 0.215625 0.01171875 0.06015625
3 0.025 0.35546875 0.02734375 0.08984375
1 0.3421875 0.18359375 0.01953125 0.05390625