1 0.21328125 0.3578125 0.0203125 0.053125
1 0.209375 0.53984375 0.02421875 0.06640625
1 0.3921875 0.46953125 0.02265625 0.08125
2 0.265625 0.37109375 0.0140625 0.05390625
2 0.73125 0.4484375 0.0359375 0.06953125
2 0.7375 0.50546875 0.028125 0.08515625
2 0.65703125 0.50390625 0.02421875 0.07109375
2 0.53984375 0.47578125 0.02578125 0.04140625
2 0.4515625 0.4375 0.01953125 0.0546875
2 0.4359375 0.446875 0.01328125 0.046875
2 0.515625 0.41015625 0.025 0.05859375
2 0.35703125 0.35390625 0.02109375 0.05859375
1 0.03671875 0.53515625 0.00546875 0.05390625
1 0.64765625 0.83359375 0.0296875 0.109375
1 0.99296875 0.5734375 0.01171875 0.046875
3 0.225 0.31015625 0.01015625 0.040625
1 0.03515625 0.36875 0.01953125 0.07578125
1 0.0125 0.453125 0.025 0.2125
3 0.91171875 0.4171875 0.01796875 0.06015625
3 0.8921875 0.4203125 0.01796875 0.06015625
2 0.25625 0.328125 0.0125 0.04453125
2 0.97578125 0.62890625 0.0453125 0.09296875
1 0.315625 0.53046875 0.02578125 0.06875
1 0.13515625 0.5453125 0.02265625 0.06796875
3 0.67109375 0.41875 0.02890625 0.05859375
3 0.44921875 0.37578125 0.0140625 0.0453125
1 0.5609375 0.69609375 0.03125 0.1
1 0.05390625 0.55234375 0.00546875 0.0625
1 0.4265625 0.51953125 0.02265625 0.06015625