1 0.42109375 0.66015625 0.04140625 0.15390625
1 0.8921875 0.50859375 0.02734375 0.040625
1 0.4703125 0.22734375 0.025 0.06171875
4 0.31328125 0.1515625 0.009375 0.0109375
4 0.38046875 0.37578125 0.0578125 0.07734375
4 0.328125 0.190625 0.02109375 0.0078125
4 0.3953125 0.40703125 0.06015625 0.08359375
4 0.42890625 0.2578125 0.034375 0.0421875
4 0.3265625 0.1828125 0.01640625 0.00703125
3 0.2921875 0.27578125 0.00625 0.034375
3 0.3046875 0.27734375 0.00703125 0.0421875
3 0.9296875 0.45390625 0.02578125 0.09296875
3 0.4390625 0.2015625 0.00703125 0.0265625
3 0.31328125 0.35078125 0.01875 0.0640625
3 0.34296875 0.32109375 0.01875 0.05390625