4 0.5328125 0.28828125 0.03046875 0.03046875
4 0.48984375 0.27109375 0.02890625 0.02578125
4 0.4734375 0.26484375 0.0203125 0.02421875
4 0.5109375 0.27890625 0.0328125 0.0265625
4 0.65390625 0.33515625 0.046875 0.03828125
4 0.4203125 0.2421875 0.021875 0.021875
4 0.58046875 0.309375 0.04375 0.02890625
4 0.5546875 0.296875 0.0296875 0.0328125
1 0.15703125 0.63515625 0.0125 0.075
1 0.3328125 0.50078125 0.00546875 0.05234375
1 0.34765625 0.51640625 0.00625 0.05859375
1 0.83515625 0.4265625 0.0125 0.04140625
1 0.90234375 0.4203125 0.009375 0.04296875
1 0.88671875 0.4484375 0.01484375 0.04921875
1 0.2921875 0.46953125 0.00546875 0.05234375
1 0.67734375 0.44296875 0.02265625 0.11015625
1 0.31328125 0.48203125 0.0046875 0.06015625
1 0.771875 0.40078125 0.01171875 0.04140625
1 0.73359375 0.38046875 0.01171875 0.04140625
1 0.2890625 0.59765625 0.01015625 0.075
1 0.50078125 0.321875 0.01953125 0.06875
1 0.78515625 0.384375 0.01171875 0.04140625
1 0.7953125 0.40859375 0.01171875 0.04140625
1 0.646875 0.34296875 0.00859375 0.03125
1 0.23046875 0.62109375 0.01015625 0.07890625