4 0.53828125 0.1953125 0.06328125 0.04296875
4 0.6984375 0.26015625 0.0875 0.0546875
4 0.215625 0.15703125 0.04453125 0.04296875
4 0.190625 0.12890625 0.03203125 0.034375
4 0.9765625 0.48671875 0.04375 0.08515625
4 0.91796875 0.65 0.16171875 0.17890625
4 0.45078125 0.915625 0.48984375 0.16484375
4 0.49453125 0.184375 0.05234375 0.03671875
4 0.79921875 0.29609375 0.1109375 0.0625
4 0.4109375 0.30859375 0.078125 0.0828125
4 0.265625 0.09921875 0.01796875 0.02109375
4 0.2828125 0.1078125 0.0234375 0.028125
4 0.253125 0.09453125 0.015625 0.01796875
4 0.31171875 0.115625 0.02578125 0.02265625
4 0.3328125 0.1203125 0.0296875 0.02734375
4 0.35 0.1296875 0.03203125 0.02578125
4 0.37421875 0.13671875 0.034375 0.028125
4 0.39609375 0.14765625 0.03046875 0.028125
4 0.421875 0.15546875 0.040625 0.0328125
3 0.878125 0.2921875 0.015625 0.0703125
1 0.16953125 0.18828125 0.01875 0.0734375
1 0.0703125 0.4875 0.00703125 0.07890625
1 0.51953125 0.29921875 0.02109375 0.08125
1 0.12734375 0.32890625 0.00703125 0.0625
1 0.15078125 0.34453125 0.00546875 0.05625
1 0.171875 0.36015625 0.00546875 0.05859375
1 0.1875 0.37265625 0.00546875 0.06640625
1 0.34140625 0.184375 0.01875 0.05234375
1 0.1296875 0.46015625 0.0125 0.08359375
4 0.5859375 0.21484375 0.053125 0.0453125
4 0.63203125 0.23125 0.0734375 0.04609375