4 0.234375 0.40859375 0.06171875 0.06953125
4 0.12890625 0.284375 0.02421875 0.03046875
4 0.146875 0.29765625 0.0234375 0.02890625
4 0.1578125 0.31171875 0.02734375 0.034375
4 0.27734375 0.465625 0.078125 0.0890625
4 0.17421875 0.33515625 0.03828125 0.0546875
4 0.23671875 0.321875 0.03984375 0.04453125
4 0.2171875 0.35859375 0.05546875 0.0515625
4 0.33828125 0.33359375 0.04609375 0.05
4 0.2375 0.27890625 0.03828125 0.03828125
4 0.38828125 0.35703125 0.06796875 0.06328125
4 0.18515625 0.28203125 0.03203125 0.03984375
4 0.446875 0.478125 0.09765625 0.09453125
4 0.28203125 0.29921875 0.05390625 0.05078125
4 0.2921875 0.3546875 0.06875 0.06796875
4 0.71328125 0.3578125 0.0921875 0.05
4 0.953125 0.3875 0.08828125 0.05625
4 0.37421875 0.41015625 0.07890625 0.0796875
4 0.4703125 0.38828125 0.08828125 0.0859375
4 0.971875 0.5765625 0.05078125 0.103125
4 0.1625 0.26328125 0.0296875 0.034375
4 0.09765625 0.26796875 0.0125 0.0234375
4 0.1140625 0.2703125 0.02109375 0.034375
4 0.590625 0.4515625 0.115625 0.10546875
0 0.9578125 0.27578125 0.078125 0.06171875