4 0.31875 0.50703125 0.10078125 0.1171875
4 0.35625 0.4125 0.07734375 0.07734375
4 0.40078125 0.36953125 0.075 0.06484375
4 0.34453125 0.3328125 0.0609375 0.06484375
4 0.29609375 0.37265625 0.0578125 0.0578125
4 0.25 0.409375 0.08203125 0.10625
4 0.26953125 0.33515625 0.05234375 0.05625
4 0.2 0.35625 0.0625 0.07890625
4 0.17890625 0.33046875 0.03515625 0.053125
4 0.84765625 0.37734375 0.08203125 0.05390625
4 0.15234375 0.303125 0.03359375 0.040625
4 0.20859375 0.29375 0.03828125 0.04609375
4 0.23671875 0.315625 0.025 0.0390625
4 0.1828125 0.27734375 0.0328125 0.03671875
4 0.1609375 0.26015625 0.02734375 0.03671875
4 0.11953125 0.2765625 0.02109375 0.03671875
4 0.10625 0.26171875 0.015625 0.028125
4 0.0921875 0.24296875 0.015625 0.02578125
4 0.1140625 0.2328125 0.01953125 0.02421875
4 0.1421875 0.25 0.01484375 0.02578125
4 0.4609375 0.5 0.11875 0.1078125
4 0.1140625 0.20390625 0.01328125 0.01328125
4 0.05078125 0.20859375 0.0109375 0.01484375
4 0.31171875 0.259375 0.03671875 0.03046875
4 0.62265625 0.49453125 0.12890625 0.1015625
4 0.5 0.41953125 0.084375 0.07421875
0 0.95234375 0.271875 0.07890625 0.06171875