4 0.0609375 0.2203125 0.01640625 0.01875
4 0.1453125 0.3015625 0.03984375 0.04453125
4 0.21015625 0.29296875 0.0390625 0.03984375
4 0.6734375 0.34921875 0.09453125 0.06015625
4 0.3453125 0.3890625 0.0734375 0.07265625
4 0.49765625 0.50625 0.115625 0.1265625
4 0.38125 0.5578125 0.11875 0.15078125
4 0.08046875 0.2359375 0.0234375 0.01953125
4 0.1265625 0.23671875 0.021875 0.01953125
4 0.0984375 0.25390625 0.02109375 0.025
4 0.11171875 0.271875 0.02265625 0.0296875
4 0.146875 0.2484375 0.02265625 0.03125
4 0.16640625 0.26328125 0.02734375 0.03203125
4 0.3765625 0.35390625 0.06640625 0.05703125