4 0.16796875 0.40390625 0.03359375 0.0484375
4 0.23125 0.40546875 0.03984375 0.040625
4 0.1984375 0.38046875 0.03046875 0.03046875
4 0.09609375 0.34140625 0.01484375 0.02421875
4 0.10703125 0.35234375 0.01484375 0.01796875
4 0.071875 0.30546875 0.01328125 0.01953125
4 0.1640625 0.3359375 0.0375 0.046875
4 0.13125 0.36640625 0.01328125 0.02421875
4 0.35859375 0.64765625 0.10546875 0.1140625
4 0.68359375 0.6203125 0.153125 0.1109375
4 0.36796875 0.5109375 0.078125 0.0828125
4 0.5015625 0.509375 0.08984375 0.0890625
4 0.2828125 0.434375 0.04765625 0.0484375
4 0.2078125 0.45078125 0.05 0.05859375
4 0.121875 0.34453125 0.02578125 0.053125