4 0.38203125 0.39765625 0.04765625 0.03515625
4 0.59765625 0.48671875 0.09375 0.06875
4 0.9390625 0.5328125 0.115625 0.17890625
4 0.58359375 0.703125 0.15 0.14453125
4 0.1578125 0.35703125 0.02109375 0.02734375
4 0.43359375 0.4796875 0.06640625 0.08359375
4 0.29375 0.3546875 0.03515625 0.02421875
4 0.4921875 0.52265625 0.09140625 0.08828125
4 0.11875 0.30546875 0.01484375 0.01328125
4 0.35859375 0.371875 0.040625 0.0265625
4 0.2640625 0.34609375 0.028125 0.021875
4 0.159375 0.31875 0.01953125 0.02109375
4 0.2125 0.3359375 0.0234375 0.021875
4 0.08984375 0.29140625 0.01015625 0.01171875
4 0.1046875 0.296875 0.0125 0.01484375
4 0.08359375 0.28515625 0.01015625 0.0109375