4 0.26796875 0.51953125 0.07265625 0.08671875
4 0.1734375 0.4296875 0.03515625 0.04453125
4 0.171875 0.3203125 0.015625 0.015625
4 0.11328125 0.90546875 0.2265625 0.1796875
4 0.9265625 0.7046875 0.14140625 0.1484375
4 0.4234375 0.55390625 0.09609375 0.09921875
4 0.5453125 0.55078125 0.11484375 0.10234375
4 0.32421875 0.58671875 0.078125 0.090625
4 0.2046875 0.45703125 0.04921875 0.0609375
4 0.24921875 0.33984375 0.0296875 0.025
4 0.1640625 0.33046875 0.01875 0.02109375
4 0.07734375 0.321875 0.0171875 0.01953125