4 0.2390625 0.49921875 0.06328125 0.0765625
4 0.10234375 0.3453125 0.01875 0.02421875
4 0.48984375 0.41484375 0.0609375 0.04453125
4 0.55234375 0.55625 0.10625 0.0890625
4 0.20859375 0.45546875 0.03671875 0.053125
4 0.27734375 0.43828125 0.05859375 0.06015625
4 0.32109375 0.48828125 0.0609375 0.06015625
4 0.38203125 0.45546875 0.059375 0.05546875
4 0.440625 0.49140625 0.08828125 0.071875
4 0.3890625 0.53359375 0.08828125 0.08828125
4 0.30546875 0.56640625 0.08203125 0.08359375
4 0.0734375 0.31171875 0.0140625 0.0171875
4 0.1140625 0.33046875 0.01953125 0.021875