4 0.54296875 0.2375 0.0671875 0.075
4 0.7125 0.2125 0.03125 0.02421875
4 0.76953125 0.17578125 0.021875 0.015625
4 0.840625 0.196875 0.01953125 0.02109375
4 0.8234375 0.26171875 0.0296875 0.03125
4 0.69453125 0.20078125 0.01796875 0.01171875
4 0.8578125 0.190625 0.0171875 0.0171875
4 0.58359375 0.5640625 0.11953125 0.11875
4 0.415625 0.5296875 0.134375 0.10546875
4 0.11875 0.40625 0.11953125 0.08046875
4 0.25703125 0.3546875 0.09765625 0.06796875
4 0.659375 0.340625 0.0578125 0.0515625
4 0.7703125 0.31953125 0.0453125 0.05078125
4 0.8125 0.22734375 0.02265625 0.0171875
4 0.64921875 0.21640625 0.03203125 0.02265625