4 0.365625 0.34765625 0.06484375 0.0484375
4 0.4375 0.3765625 0.06484375 0.06484375
4 0.5046875 0.425 0.09375 0.0765625
4 0.61484375 0.47734375 0.13046875 0.1015625
4 0.85390625 0.37734375 0.1109375 0.0625
4 0.41953125 0.4625 0.10390625 0.09140625
4 0.36171875 0.4015625 0.07265625 0.07421875
4 0.29921875 0.36015625 0.05625 0.06171875
4 0.25390625 0.32109375 0.05234375 0.05625
4 0.18359375 0.27890625 0.0375 0.0375
4 0.22265625 0.30625 0.03046875 0.04296875
4 0.09921875 0.240625 0.03671875 0.04765625
4 0.31796875 0.50078125 0.09140625 0.1109375
4 0.24921875 0.4234375 0.06875 0.06796875
4 0.2140625 0.36796875 0.05625 0.07109375
4 0.1765625 0.3234375 0.0359375 0.04453125
4 0.16015625 0.303125 0.0375 0.0421875