4 0.1296875 0.23671875 0.02421875 0.02578125
4 0.57109375 0.44296875 0.10703125 0.10234375
4 0.47890625 0.39453125 0.08203125 0.084375
4 0.38359375 0.35390625 0.06875 0.0578125
4 0.3171875 0.3734375 0.0671875 0.06015625
4 0.27890625 0.45 0.0890625 0.10234375
4 0.2890625 0.30234375 0.046875 0.04609375
4 0.3359375 0.3234375 0.05234375 0.04765625
4 0.26875 0.3359375 0.05078125 0.04765625
4 0.221875 0.39921875 0.05546875 0.065625
4 0.21328125 0.3484375 0.05625 0.059375
4 0.23515625 0.3078125 0.04453125 0.05
4 0.16796875 0.33125 0.03671875 0.04921875
4 0.14609375 0.3125 0.02265625 0.040625
4 0.20234375 0.29609375 0.02421875 0.0375
4 0.14140625 0.2875 0.040625 0.04375
4 0.115625 0.27109375 0.02265625 0.0359375
4 0.06484375 0.21796875 0.021875 0.03359375
4 0.10234375 0.25703125 0.015625 0.021875
4 0.090625 0.2515625 0.01171875 0.02578125
4 0.078125 0.240625 0.0125 0.02109375
4 0.08359375 0.215625 0.01484375 0.01796875
4 0.10234375 0.2296875 0.0125 0.01484375
4 0.1125 0.23671875 0.00859375 0.0171875
4 0.190625 0.28125 0.02578125 0.03359375
4 0.4203125 0.45546875 0.09375 0.08828125
4 0.30078125 0.24765625 0.03515625 0.02890625