4 0.4296875 0.28125 0.06875 0.0484375
4 0.3578125 0.3109375 0.071875 0.04296875
4 0.04296875 0.415625 0.046875 0.05703125
4 0.0640625 0.48359375 0.128125 0.11640625
4 0.25390625 0.39609375 0.1140625 0.07421875
4 0.825 0.2625 0.0265625 0.0296875
4 0.3671875 0.34140625 0.08984375 0.065625
4 0.7796875 0.2359375 0.03671875 0.03359375
4 0.8453125 0.20546875 0.01796875 0.0234375
4 0.88359375 0.19765625 0.015625 0.02109375
4 0.87890625 0.16953125 0.0140625 0.02734375
4 0.5703125 0.23671875 0.04296875 0.0328125
4 0.57421875 0.265625 0.05 0.04609375
4 0.5046875 0.26328125 0.05390625 0.03515625
4 0.5234375 0.28984375 0.05625 0.04375
4 0.459375 0.31015625 0.07421875 0.0515625
4 0.2484375 0.33828125 0.115625 0.08515625