4 0.15390625 0.309375 0.03515625 0.04375
4 0.40625 0.43828125 0.09921875 0.10234375
4 0.3328125 0.39296875 0.065625 0.07578125
4 0.27890625 0.35625 0.05 0.0546875
4 0.23515625 0.41015625 0.06640625 0.06953125
4 0.30234375 0.48203125 0.08203125 0.08828125
4 0.18515625 0.34375 0.04765625 0.0484375
4 0.63359375 0.77109375 0.23828125 0.18359375
4 0.27421875 0.25078125 0.04296875 0.034375
4 0.6890625 0.39375 0.08984375 0.06640625
4 0.81484375 0.50703125 0.09765625 0.1203125
4 0.16328125 0.253125 0.03203125 0.02734375
4 0.44375 0.31171875 0.05859375 0.04453125
4 0.53984375 0.45234375 0.1078125 0.0875
0 0.92421875 0.26875 0.07421875 0.06171875