4 0.1390625 0.21796875 0.01953125 0.02109375
4 0.28203125 0.246875 0.02890625 0.02578125
4 0.4453125 0.47734375 0.11015625 0.115625
4 0.94765625 0.396875 0.09921875 0.05546875
4 0.06328125 0.18125 0.01171875 0.009375
4 0.07265625 0.18828125 0.01328125 0.01171875
4 0.26171875 0.32578125 0.05546875 0.05234375
4 0.30390625 0.3640625 0.05546875 0.0640625
4 0.24921875 0.4078125 0.0875 0.1203125
4 0.3109375 0.49765625 0.08984375 0.1
4 0.3625 0.41171875 0.075 0.090625
4 0.084375 0.1921875 0.01015625 0.01328125
0 0.92890625 0.26875 0.07265625 0.0578125