4 0.90234375 0.16875 0.0109375 0.01015625
4 0.93984375 0.16484375 0.009375 0.0109375
4 0.93046875 0.175 0.009375 0.01171875
4 0.8796875 0.16328125 0.01484375 0.01328125
4 0.0453125 0.4375 0.090625 0.10859375
4 0.20390625 0.37265625 0.103125 0.07421875
4 0.390625 0.33984375 0.0875 0.0609375
4 0.77578125 0.309375 0.053125 0.0578125
4 0.73203125 0.21796875 0.02734375 0.028125
4 0.74609375 0.18203125 0.02109375 0.01953125
4 0.78515625 0.1703125 0.01640625 0.01484375
4 0.89921875 0.1859375 0.01328125 0.0109375
4 0.91484375 0.175 0.01171875 0.0125
4 0.775 0.2546875 0.0328125 0.02734375