4 0.1140625 0.275 0.02734375 0.04140625
4 0.14296875 0.21171875 0.01640625 0.01640625
4 0.275 0.46796875 0.07734375 0.09453125
4 0.83828125 0.3796875 0.11484375 0.05703125
4 0.62578125 0.3421875 0.08203125 0.04375
4 0.16328125 0.3234375 0.04765625 0.0578125
4 0.40703125 0.28515625 0.04765625 0.03984375
4 0.31015625 0.2515625 0.03515625 0.0296875
4 0.20625 0.22578125 0.02734375 0.02890625
4 0.109375 0.22421875 0.01953125 0.0234375
4 0.12890625 0.24296875 0.02421875 0.0171875
4 0.08515625 0.24375 0.0203125 0.03359375
0 0.93515625 0.2671875 0.078125 0.0609375