3 0.7578125 0.478125 0.03046875 0.04296875
3 0.4734375 0.4390625 0.034375 0.0625
3 0.54765625 0.80390625 0.0609375 0.18125
3 0.46796875 0.80546875 0.0546875 0.16875
3 0.90703125 0.7046875 0.046875 0.14921875
3 0.0765625 0.66875 0.0484375 0.1578125
3 0.5171875 0.43984375 0.02421875 0.05234375
3 0.5984375 0.246875 0.01171875 0.03359375
3 0.63046875 0.24296875 0.01171875 0.03671875
3 0.61484375 0.2359375 0.01171875 0.04453125
3 0.56875 0.22734375 0.01015625 0.04296875
3 0.5578125 0.22421875 0.009375 0.04140625
3 0.55078125 0.23125 0.0140625 0.040625
3 0.17265625 0.5109375 0.03125 0.12265625
3 0.13984375 0.52890625 0.0375 0.11796875
3 0.77578125 0.4046875 0.01875 0.084375
3 0.79453125 0.40625 0.0171875 0.084375
3 0.81640625 0.384375 0.025 0.06484375
3 0.82421875 0.4421875 0.01015625 0.09140625
3 0.8125 0.44765625 0.0171875 0.09609375
3 0.1921875 0.4765625 0.02265625 0.0984375
3 0.59921875 0.2859375 0.0140625 0.053125
3 0.06484375 0.97578125 0.03515625 0.04453125
3 0.06953125 0.89296875 0.059375 0.190625
3 0.07421875 0.84375 0.05078125 0.165625
3 0.02421875 0.85078125 0.0484375 0.18984375
3 0.0140625 0.70234375 0.028125 0.12734375
3 0.12421875 0.67265625 0.03515625 0.140625
3 0.16171875 0.6609375 0.04453125 0.15234375
3 0.45703125 0.21953125 0.0109375 0.04375
3 0.790625 0.47578125 0.03359375 0.0515625
3 0.8359375 0.48359375 0.0296875 0.040625
3 0.20703125 0.51796875 0.01640625 0.10859375
3 0.28828125 0.4609375 0.02734375 0.10546875
3 0.30546875 0.440625 0.01953125 0.08359375
3 0.32890625 0.4046875 0.0171875 0.0546875
3 0.3515625 0.4453125 0.02734375 0.0953125
3 0.32421875 0.44765625 0.01953125 0.07734375
3 0.4 0.4875 0.0171875 0.078125
3 0.6640625 0.265625 0.01328125 0.04921875
3 0.5546875 0.28671875 0.015625 0.053125
3 0.5453125 0.2578125 0.00859375 0.028125
3 0.16796875 0.44765625 0.0265625 0.065625
3 0.56953125 0.29140625 0.0125 0.05390625
3 0.421875 0.46953125 0.02734375 0.10703125
3 0.38828125 0.39296875 0.028125 0.08984375
3 0.365625 0.396875 0.015625 0.071875
3 0.34921875 0.3765625 0.01640625 0.046875
3 0.53125 0.26953125 0.01328125 0.04765625
3 0.53515625 0.28984375 0.0140625 0.0578125
3 0.51484375 0.2875 0.0140625 0.0546875
3 0.3734375 0.26875 0.0140625 0.05703125
3 0.38828125 0.26796875 0.015625 0.05390625
3 0.4546875 0.32734375 0.015625 0.0671875
3 0.47265625 0.325 0.0203125 0.07578125
3 0.58671875 0.2875 0.01171875 0.05078125
3 0.21640625 0.4484375 0.03515625 0.0640625
3 0.259375 0.4609375 0.02890625 0.1078125
3 0.23046875 0.51796875 0.0296875 0.1171875
3 0.5046875 0.33515625 0.0171875 0.06953125
3 0.4859375 0.33828125 0.02421875 0.071875
3 0.56015625 0.36484375 0.02265625 0.04609375
3 0.57890625 0.3609375 0.01484375 0.0359375
3 0.5609375 0.3359375 0.0234375 0.046875
3 0.59765625 0.34296875 0.0203125 0.05078125
3 0.621875 0.32890625 0.01640625 0.0515625
3 0.63828125 0.3234375 0.0171875 0.0671875
3 0.61953125 0.28984375 0.01640625 0.02890625
3 0.6359375 0.27890625 0.015625 0.0375
3 0.61875 0.27265625 0.0078125 0.0140625
3 0.584375 0.2484375 0.0140625 0.03515625
3 0.21953125 0.3640625 0.01953125 0.08125
3 0.4046875 0.32578125 0.0265625 0.040625
3 0.27734375 0.32734375 0.01796875 0.0703125