3 0.50703125 0.3515625 0.01640625 0.06796875
3 0.5890625 0.2296875 0.0078125 0.02109375
3 0.55859375 0.25703125 0.01484375 0.04921875
3 0.5546875 0.3109375 0.0109375 0.0625
3 0.540625 0.32578125 0.01484375 0.0671875
3 0.5296875 0.35 0.0171875 0.07109375
3 0.62265625 0.25625 0.0125 0.05
3 0.5890625 0.3296875 0.01875 0.0671875
3 0.57421875 0.26015625 0.01015625 0.0515625
3 0.5796875 0.26796875 0.009375 0.04921875
3 0.48671875 0.25 0.0109375 0.05234375
3 0.5 0.24921875 0.01015625 0.03125
3 0.53125 0.23984375 0.00859375 0.04375
3 0.53828125 0.23125 0.00625 0.0359375
3 0.53671875 0.21796875 0.0078125 0.025
3 0.546875 0.240625 0.01015625 0.04296875
3 0.54921875 0.22109375 0.009375 0.01796875
3 0.5890625 0.2625 0.01171875 0.05078125
3 0.60703125 0.2609375 0.0078125 0.03984375
3 0.1953125 0.94921875 0.0609375 0.09765625
3 0.08046875 0.79375 0.06171875 0.16875
3 0.09921875 0.96015625 0.0421875 0.075
3 0.33984375 0.55859375 0.034375 0.12109375
3 0.790625 0.48984375 0.02109375 0.02890625
3 0.2515625 0.46875 0.028125 0.09609375
3 0.315625 0.453125 0.02578125 0.09765625
3 0.6078125 0.3296875 0.0140625 0.0640625
3 0.6078125 0.29765625 0.01484375 0.0328125
3 0.62265625 0.31328125 0.015625 0.05859375
3 0.64765625 0.34296875 0.0109375 0.0546875
3 0.6375 0.3359375 0.0140625 0.071875
3 0.30078125 0.55078125 0.02578125 0.13046875
3 0.0875 0.9296875 0.07265625 0.1359375
3 0.815625 0.38984375 0.021875 0.0828125
3 0.76328125 0.403125 0.0203125 0.078125
3 0.05234375 0.56875 0.0265625 0.1296875
3 0.38515625 0.5578125 0.02578125 0.1140625
3 0.43828125 0.23203125 0.0078125 0.03203125
3 0.39375 0.25 0.01171875 0.04921875
3 0.75390625 0.3015625 0.015625 0.053125
3 0.37890625 0.33125 0.01640625 0.0671875
3 0.6984375 0.40625 0.0140625 0.0875
3 0.66015625 0.27890625 0.01171875 0.05625
3 0.7890625 0.37421875 0.0140625 0.07890625
3 0.8015625 0.37890625 0.0125 0.075
3 0.6859375 0.36796875 0.015625 0.07421875
3 0.4515625 0.23203125 0.009375 0.03515625
3 0.45703125 0.275 0.015625 0.0515625
3 0.44765625 0.31796875 0.0140625 0.0625
3 0.43203125 0.31796875 0.0171875 0.05703125
3 0.428125 0.37578125 0.02109375 0.0765625
3 0.40703125 0.378125 0.0203125 0.07734375
3 0.521875 0.3234375 0.015625 0.06953125
3 0.4984375 0.4328125 0.01484375 0.084375
3 0.48046875 0.42578125 0.01953125 0.090625
3 0.42890625 0.48828125 0.0296875 0.1125
3 0.4015625 0.4921875 0.02578125 0.1109375
3 0.221875 0.4734375 0.02890625 0.10390625
3 0.42109375 0.23125 0.00859375 0.04453125
3 0.228125 0.58828125 0.03828125 0.14921875
3 0.51328125 0.26328125 0.0125 0.0390625
3 0.19453125 0.59453125 0.02578125 0.1390625
3 0.1625 0.59609375 0.04375 0.12578125
3 0.1328125 0.575 0.021875 0.0828125
3 0.10703125 0.58828125 0.03046875 0.11328125
3 0.0765625 0.56171875 0.03046875 0.11953125