3 0.83046875 0.43515625 0.0265625 0.096875
3 0.153125 0.378125 0.0203125 0.07890625
3 0.19296875 0.35859375 0.02109375 0.075
0 0.59609375 0.1515625 0.0390625 0.05625
4 0.3203125 0.7859375 0.2375 0.22890625
4 0.3203125 0.50390625 0.13359375 0.13046875
4 0.503125 0.234375 0.04375 0.046875
3 0.75234375 0.31953125 0.01640625 0.06015625
3 0.4046875 0.265625 0.0140625 0.05
3 0.43671875 0.21796875 0.0125 0.04453125
3 0.4609375 0.21796875 0.01015625 0.0453125
3 0.2640625 0.32734375 0.01484375 0.0609375
3 0.2796875 0.32890625 0.01484375 0.0671875
3 0.715625 0.659375 0.05390625 0.16484375
3 0.01796875 0.4625 0.0296875 0.1
3 0.5109375 0.18984375 0.0078125 0.03125
3 0.29609375 0.33671875 0.015625 0.04375
3 0.7828125 0.46171875 0.025 0.0921875
3 0.80390625 0.43515625 0.021875 0.0921875
3 0.36484375 0.2640625 0.01796875 0.0625
3 0.35078125 0.26640625 0.009375 0.05390625
3 0.1375 0.37265625 0.015625 0.078125
3 0.384375 0.2640625 0.015625 0.05390625
3 0.7875 0.5453125 0.025 0.11484375
3 0.096875 0.43828125 0.04140625 0.096875