3 0.5234375 0.246875 0.01015625 0.04765625
3 0.48046875 0.2640625 0.0109375 0.0453125
3 0.54765625 0.3875 0.01953125 0.03203125
3 0.459375 0.23828125 0.0109375 0.04296875
3 0.1359375 0.5953125 0.03515625 0.13359375
3 0.50703125 0.23203125 0.01171875 0.03515625
3 0.82109375 0.42109375 0.02265625 0.0859375
3 0.7828125 0.43125 0.01953125 0.08828125
3 0.7578125 0.30546875 0.01640625 0.01875
3 0.56640625 0.375 0.0171875 0.02890625
3 0.4421875 0.484375 0.0171875 0.1015625
3 0.4953125 0.2875 0.01953125 0.06640625
3 0.32109375 0.37421875 0.021875 0.07109375
3 0.3109375 0.33828125 0.01875 0.065625
3 0.98671875 0.85703125 0.02421875 0.14375
3 0.3453125 0.353125 0.01953125 0.06796875
3 0.54453125 0.24453125 0.01484375 0.046875
3 0.91328125 0.84921875 0.05703125 0.16015625
3 0.79296875 0.415625 0.02265625 0.0984375
3 0.4359375 0.25859375 0.01015625 0.0515625
3 0.05703125 0.46328125 0.0296875 0.10234375
3 0.51484375 0.44375 0.01328125 0.05390625
3 0.390625 0.36328125 0.021875 0.09375
3 0.4203125 0.334375 0.03359375 0.0890625
3 0.37109375 0.4671875 0.0359375 0.11796875
3 0.1984375 0.85625 0.04140625 0.1875
3 0.296875 0.86484375 0.05078125 0.20859375
3 0.77734375 0.75390625 0.0609375 0.17109375
3 0.2375 0.46015625 0.034375 0.0875
3 0.5375 0.271875 0.01328125 0.05
3 0.5546875 0.28671875 0.0171875 0.05703125
3 0.40234375 0.46015625 0.0265625 0.1078125
3 0.425 0.48046875 0.01875 0.11875
3 0.16484375 0.36328125 0.028125 0.07265625
3 0.36875 0.35 0.01875 0.06640625
3 0.4484375 0.33515625 0.015625 0.06640625
3 0.05 0.6015625 0.059375 0.13046875
3 0.56640625 0.25546875 0.01328125 0.059375
3 0.4921875 0.44765625 0.03046875 0.046875
3 0.58359375 0.26328125 0.01171875 0.05546875
3 0.59609375 0.2578125 0.0125 0.0546875
3 0.6078125 0.259375 0.01015625 0.053125
3 0.6328125 0.26484375 0.01640625 0.040625
3 0.6296875 0.30703125 0.0234375 0.08515625
3 0.65078125 0.26875 0.015625 0.06015625