3 0.65390625 0.353125 0.02578125 0.10703125
4 0.990625 0.765625 0.015625 0.10234375
3 0.64375 0.49921875 0.046875 0.15234375
3 0.6359375 0.3328125 0.0203125 0.1
3 0.6046875 0.16875 0.01171875 0.0515625
3 0.57421875 0.23515625 0.0203125 0.08828125
3 0.61875 0.22265625 0.0234375 0.08828125
3 0.56484375 0.13046875 0.015625 0.02734375
3 0.07265625 0.178125 0.02265625 0.0703125
3 0.05234375 0.171875 0.01953125 0.0796875
3 0.57109375 0.37421875 0.03984375 0.1203125
1 0.11171875 0.16171875 0.01015625 0.04453125