4 0.446875 0.51484375 0.02421875 0.034375
4 0.45703125 0.50234375 0.02265625 0.03515625
4 0.19765625 0.7859375 0.16953125 0.18203125
4 0.41875 0.52734375 0.04609375 0.04453125
3 0.73984375 0.8828125 0.03984375 0.11796875
3 0.75703125 0.96875 0.03046875 0.0578125
3 0.7375 0.68125 0.0265625 0.06171875
3 0.3625 0.5171875 0.0078125 0.0328125
3 0.7203125 0.95 0.06015625 0.0953125
3 0.69765625 0.8125 0.028125 0.10859375
3 0.6140625 0.73046875 0.025 0.10078125
3 0.7484375 0.7421875 0.0234375 0.10390625
3 0.69140625 0.69296875 0.03671875 0.08984375
3 0.09140625 0.66640625 0.01953125 0.0875
3 0.07265625 0.66640625 0.01796875 0.0765625
3 0.1640625 0.63984375 0.01171875 0.07109375
3 0.31171875 0.56640625 0.0140625 0.04921875
3 0.28359375 0.55703125 0.01015625 0.05234375
3 0.12890625 0.66640625 0.01953125 0.06640625
3 0.72734375 0.7421875 0.025 0.07265625
3 0.33125 0.52890625 0.00859375 0.0375