3 0.58046875 0.3515625 0.02109375 0.05703125
3 0.53671875 0.34140625 0.0203125 0.071875
3 0.5046875 0.35546875 0.015625 0.05625
3 0.67578125 0.3703125 0.021875 0.05625
3 0.6828125 0.340625 0.01796875 0.0375
3 0.65234375 0.35234375 0.021875 0.05390625
3 0.778125 0.44140625 0.01953125 0.0859375
3 0.80390625 0.44375 0.02421875 0.0921875
3 0.459375 0.4140625 0.034375 0.09921875
3 0.25390625 0.32265625 0.01484375 0.07109375
3 0.51171875 0.42109375 0.02421875 0.078125
3 0.49296875 0.41796875 0.02265625 0.07578125
3 0.33125 0.3484375 0.0203125 0.0703125
3 0.303125 0.41484375 0.03125 0.09140625
3 0.28359375 0.36640625 0.01875 0.04375
3 0.2015625 0.4421875 0.0203125 0.08125
3 0.26953125 0.41796875 0.0265625 0.0875
3 0.19921875 0.38515625 0.0296875 0.0734375
3 0.17734375 0.4328125 0.0265625 0.1015625
3 0.165625 0.39765625 0.02578125 0.08359375
3 0.24375 0.44609375 0.02578125 0.096875
3 0.21640625 0.45703125 0.025 0.090625
3 0.346875 0.45546875 0.03671875 0.1
3 0.4859375 0.79921875 0.06015625 0.17265625
3 0.13984375 0.4140625 0.021875 0.0828125
3 0.096875 0.409375 0.0265625 0.07890625
3 0.0828125 0.4015625 0.021875 0.09375
3 0.21171875 0.578125 0.03515625 0.06015625
3 0.21171875 0.67265625 0.04140625 0.14296875
3 0.16953125 0.6296875 0.03515625 0.1390625
3 0.18515625 0.5875 0.02265625 0.1015625
3 0.16328125 0.571875 0.02265625 0.06484375
3 0.26484375 0.55390625 0.0328125 0.12265625
3 0.22421875 0.55703125 0.02734375 0.1203125
3 0.13046875 0.63515625 0.0421875 0.14609375
3 0.09375 0.60546875 0.0328125 0.125
3 0.190625 0.82421875 0.05390625 0.19140625
3 0.540625 0.7765625 0.04921875 0.15234375
3 0.93984375 0.74765625 0.04765625 0.16171875
3 0.071875 0.64765625 0.03359375 0.1484375
3 0.8953125 0.74453125 0.04140625 0.14609375
3 0.03828125 0.60859375 0.03984375 0.128125
3 0.3921875 0.625 0.03671875 0.14296875
3 0.42734375 0.63203125 0.03515625 0.1375
3 0.2609375 0.6765625 0.03203125 0.14453125
3 0.2859375 0.6984375 0.034375 0.1609375
3 0.36875 0.690625 0.03359375 0.159375
3 0.75625 0.38359375 0.0203125 0.02578125
3 0.77734375 0.38203125 0.0171875 0.0328125
3 0.56796875 0.275 0.01171875 0.0375
3 0.5328125 0.275 0.01171875 0.0328125
3 0.3078125 0.9453125 0.05234375 0.1046875
3 0.4796875 0.32578125 0.009375 0.07734375
3 0.4703125 0.33828125 0.0140625 0.06484375
3 0.53984375 0.39921875 0.02109375 0.05546875
3 0.6984375 0.34765625 0.0171875 0.07109375
3 0.825 0.4171875 0.02265625 0.0921875
3 0.7578125 0.44765625 0.0203125 0.09921875
3 0.5578125 0.3609375 0.021875 0.0609375
3 0.490625 0.3421875 0.01640625 0.071875
3 0.42578125 0.3390625 0.01796875 0.084375
3 0.409375 0.34375 0.015625 0.07578125
3 0.3796875 0.446875 0.02734375 0.06875
3 0.390625 0.409375 0.03203125 0.04765625
3 0.40625 0.46484375 0.02578125 0.06796875
3 0.4734375 0.4671875 0.03671875 0.0578125
3 0.30546875 0.56015625 0.03515625 0.1109375
3 0.2984375 0.478125 0.028125 0.075
3 0.328125 0.49921875 0.0328125 0.1140625
3 0.415625 0.52265625 0.02578125 0.11171875
3 0.37734375 0.52109375 0.03125 0.1109375
3 0.31953125 0.62578125 0.040625 0.1328125
3 0.12109375 0.43125 0.01796875 0.0890625