3 0.72265625 0.3328125 0.01171875 0.02265625
3 0.76328125 0.47734375 0.025 0.09765625
3 0.20703125 0.38125 0.01015625 0.065625
3 0.1484375 0.37734375 0.01484375 0.0625
0 0.38515625 0.3703125 0.19609375 0.246875
3 0.23046875 0.34921875 0.01171875 0.03984375
4 0.49921875 0.29140625 0.04140625 0.05234375
4 0.53671875 0.2578125 0.040625 0.04765625
4 0.50546875 0.2421875 0.0359375 0.0375
4 0.215625 0.56640625 0.175 0.17578125
3 0.7875 0.8609375 0.05859375 0.140625
3 0.74375 0.35703125 0.0125 0.06875
3 0.86953125 0.696875 0.03984375 0.14765625
3 0.95078125 0.85 0.05859375 0.15859375
3 0.69609375 0.96484375 0.05390625 0.06640625
3 0.24453125 0.34765625 0.01484375 0.0421875
3 0.77421875 0.8109375 0.04921875 0.17578125
3 0.81875 0.8046875 0.03984375 0.15703125