3 0.28046875 0.3125 0.01953125 0.06328125
3 0.4 0.2546875 0.01015625 0.0484375
3 0.425 0.25234375 0.00859375 0.0421875
3 0.01640625 0.68046875 0.0328125 0.14375
3 0.0234375 0.73828125 0.046875 0.16875
3 0.05703125 0.76484375 0.0453125 0.17265625
3 0.45390625 0.3703125 0.0203125 0.07890625
3 0.2203125 0.3296875 0.01484375 0.075
3 0.46171875 0.2984375 0.01640625 0.04765625
3 0.3765625 0.2546875 0.01640625 0.0421875
3 0.4453125 0.2921875 0.01875 0.0546875
3 0.42265625 0.296875 0.01328125 0.053125
3 0.41015625 0.30234375 0.01484375 0.05625
3 0.3640625 0.25 0.00859375 0.04921875
3 0.415625 0.253125 0.01484375 0.04375
3 0.39453125 0.29921875 0.01484375 0.04765625
3 0.33359375 0.33984375 0.0171875 0.0640625
3 0.35078125 0.34765625 0.01484375 0.03671875
3 0.81796875 0.40390625 0.0203125 0.0890625
3 0.434375 0.60078125 0.02890625 0.1265625
3 0.51796875 0.38046875 0.01171875 0.05703125
3 0.77421875 0.29609375 0.0140625 0.03515625
3 0.1796875 0.38984375 0.03203125 0.08125
3 0.15078125 0.3890625 0.02578125 0.08515625
3 0.2078125 0.37890625 0.0234375 0.06953125
3 0.18515625 0.3515625 0.0140625 0.0421875
3 0.5109375 0.31875 0.01953125 0.06484375
3 0.2671875 0.48515625 0.03046875 0.10703125
3 0.2390625 0.490625 0.02578125 0.09921875
3 0.26484375 0.4171875 0.0171875 0.0421875
3 0.2359375 0.4453125 0.021875 0.084375
3 0.36484375 0.59296875 0.053125 0.12578125
3 0.3125 0.58125 0.04453125 0.12734375
3 0.20390625 0.54453125 0.028125 0.11640625
3 0.16953125 0.54453125 0.03515625 0.1234375
3 0.47734375 0.73046875 0.0359375 0.13046875
3 0.5109375 0.34609375 0.00625 0.01015625
3 0.5375 0.33125 0.0171875 0.040625
3 0.53515625 0.3765625 0.0203125 0.06875
3 0.55234375 0.353125 0.01796875 0.0671875
3 0.56484375 0.34765625 0.01640625 0.0734375
3 0.58359375 0.35078125 0.0203125 0.04921875
3 0.60546875 0.3390625 0.0234375 0.05625
3 0.6328125 0.340625 0.025 0.05703125
3 0.4203125 0.7359375 0.02890625 0.14765625
3 0.08984375 0.40078125 0.02890625 0.0875
3 0.546875 0.2796875 0.015625 0.06328125
3 0.56484375 0.28203125 0.01796875 0.0625
3 0.53828125 0.209375 0.0078125 0.03671875
3 0.01328125 0.515625 0.0265625 0.11875
3 0.6625 0.72109375 0.04140625 0.15859375
3 0.70234375 0.728125 0.0390625 0.165625
3 0.50546875 0.39140625 0.015625 0.07421875
3 0.49609375 0.36953125 0.01171875 0.07265625
3 0.546875 0.21015625 0.00859375 0.0375
3 0.57109375 0.21875 0.00859375 0.021875
3 0.58125 0.20859375 0.009375 0.0453125
3 0.5890625 0.2640625 0.01015625 0.0515625
3 0.278125 0.39375 0.021875 0.09375
3 0.4828125 0.390625 0.01953125 0.07578125
3 0.61484375 0.27109375 0.01328125 0.0515625
3 0.6265625 0.27109375 0.01015625 0.05234375
3 0.47734375 0.36953125 0.021875 0.07109375
3 0.4890625 0.3296875 0.0171875 0.0390625
3 0.63359375 0.28125 0.0125 0.0546875
3 0.653125 0.27578125 0.01484375 0.05078125
3 0.52734375 0.21328125 0.00859375 0.034375
3 0.74375 0.7234375 0.03515625 0.1484375
3 0.82734375 0.41171875 0.01640625 0.08046875
3 0.6953125 0.3765625 0.01796875 0.07578125
3 0.75625 0.2953125 0.01484375 0.03515625
3 0.5390625 0.25 0.0125 0.04921875
3 0.26484375 0.31796875 0.01953125 0.05
3 0.075 0.93671875 0.06328125 0.12265625
3 0.02109375 0.9265625 0.0421875 0.140625
3 0.31875 0.396875 0.0296875 0.08671875
3 0.35390625 0.39375 0.03359375 0.08671875
3 0.39296875 0.38984375 0.0171875 0.0828125
3 0.3796875 0.384375 0.0171875 0.07265625
3 0.125 0.82890625 0.034375 0.17890625
3 0.09765625 0.8171875 0.04140625 0.1953125
3 0.09921875 0.71484375 0.03671875 0.084375
3 0.0859375 0.63359375 0.03984375 0.13359375
3 0.0546875 0.65078125 0.03359375 0.10390625
3 0.4125 0.3984375 0.02109375 0.09140625
3 0.43359375 0.4046875 0.0203125 0.08125
3 0.30703125 0.3109375 0.0140625 0.065625
1 0.13828125 0.94609375 0.0640625 0.10390625