2 0.61171875 0.2421875 0.0203125 0.0734375
4 0.6390625 0.1390625 0.0640625 0.0640625
4 0.34765625 0.46328125 0.19375 0.18203125
4 0.446875 0.1484375 0.06171875 0.075
4 0.396875 0.18828125 0.06875 0.05546875
4 0.2859375 0.2140625 0.09140625 0.09765625
4 0.36640625 0.246875 0.0984375 0.1015625
4 0.25390625 0.35703125 0.14140625 0.18515625
4 0.14765625 0.353125 0.14140625 0.1484375
4 0.54765625 0.18828125 0.07734375 0.08515625
4 0.4625 0.28203125 0.0921875 0.10234375
4 0.00625 0.415625 0.0125 0.06875
3 0.79609375 0.49921875 0.0421875 0.1390625
3 0.71640625 0.2359375 0.02421875 0.0671875
3 0.690625 0.4859375 0.03984375 0.1296875
3 0.753125 0.3890625 0.03125 0.11484375
3 0.76015625 0.175 0.01328125 0.07421875
3 0.7484375 0.165625 0.009375 0.0546875
3 0.70234375 0.5171875 0.02265625 0.090625
3 0.73828125 0.14921875 0.0125 0.0515625
3 0.71171875 0.14296875 0.00859375 0.02734375
3 0.246875 0.16328125 0.01953125 0.06015625
3 0.9125 0.77890625 0.05546875 0.2
2 0.07109375 0.36171875 0.0375 0.115625
2 0.6015625 0.30078125 0.02734375 0.09375