3 0.04609375 0.61328125 0.04375 0.11875
3 0.490625 0.253125 0.0140625 0.03203125
3 0.5203125 0.2671875 0.0140625 0.06171875
3 0.53359375 0.2671875 0.0125 0.0484375
3 0.56171875 0.27890625 0.0140625 0.040625
3 0.5578125 0.253125 0.0125 0.040625
3 0.5921875 0.28046875 0.01171875 0.05625
3 0.60625 0.28046875 0.01171875 0.05546875
3 0.61796875 0.29375 0.015625 0.059375
3 0.634375 0.29609375 0.01875 0.065625
3 0.6671875 0.2828125 0.01953125 0.06171875
3 0.625 0.2328125 0.01328125 0.0421875
3 0.6390625 0.2265625 0.0078125 0.02734375
3 0.65078125 0.2296875 0.01171875 0.0328125
3 0.66328125 0.234375 0.0125 0.02890625
3 0.575 0.22890625 0.009375 0.02734375
3 0.52890625 0.23203125 0.00625 0.02578125
3 0.54140625 0.234375 0.015625 0.03671875
3 0.55 0.2140625 0.009375 0.0359375
3 0.56328125 0.21953125 0.0125 0.03984375
3 0.50703125 0.225 0.01015625 0.03125
3 0.02890625 0.98671875 0.02421875 0.02265625
3 0.19296875 0.95390625 0.05390625 0.0875
3 0.79921875 0.48828125 0.0296875 0.03984375
3 0.8171875 0.40234375 0.02421875 0.08359375
3 0.7546875 0.384375 0.02109375 0.04765625
3 0.78203125 0.3875 0.02421875 0.07109375
3 0.39375 0.25546875 0.01171875 0.05234375
3 0.4265625 0.25859375 0.01875 0.04765625
3 0.23828125 0.50234375 0.03125 0.1046875
3 0.68984375 0.71953125 0.04609375 0.16953125
3 0.2734375 0.5390625 0.03671875 0.1171875
3 0.2640625 0.46484375 0.0265625 0.0609375
3 0.23046875 0.35703125 0.01796875 0.075
3 0.44296875 0.47265625 0.0234375 0.11796875
3 0.38828125 0.43671875 0.021875 0.0828125
3 0.36953125 0.4109375 0.0203125 0.09296875
3 0.34296875 0.4125 0.02734375 0.08671875
3 0.353125 0.37265625 0.01796875 0.03359375
3 0.34140625 0.34296875 0.02109375 0.0609375
3 0.54453125 0.38515625 0.03046875 0.071875
3 0.56953125 0.37109375 0.01796875 0.03125
3 0.409375 0.2578125 0.015625 0.04765625
3 0.6453125 0.715625 0.04609375 0.15078125
3 0.46953125 0.615625 0.02421875 0.06015625
3 0.3125 0.47578125 0.03671875 0.11015625
3 0.4234375 0.4328125 0.028125 0.08984375
3 0.2125 0.3515625 0.01796875 0.06171875
3 0.4421875 0.23359375 0.0140625 0.04609375
3 0.4953125 0.34453125 0.01796875 0.07421875
3 0.521875 0.3234375 0.01953125 0.06484375
3 0.4703125 0.28984375 0.0171875 0.0640625
3 0.48828125 0.28828125 0.0171875 0.05625
3 0.47578125 0.25078125 0.015625 0.02578125