3 0.4625 0.26796875 0.0140625 0.04921875
3 0.4015625 0.31796875 0.0171875 0.07265625
3 0.4234375 0.3234375 0.0171875 0.0734375
3 0.46640625 0.37578125 0.021875 0.08046875
3 0.49921875 0.4171875 0.01953125 0.096875
3 0.5984375 0.2453125 0.01171875 0.0421875
3 0.57890625 0.24375 0.01484375 0.04375
3 0.66484375 0.2453125 0.01015625 0.02578125
3 0.675 0.2421875 0.01171875 0.02890625
3 0.34296875 0.65078125 0.034375 0.13984375
3 0.61796875 0.24921875 0.01171875 0.04609375
3 0.06015625 0.48359375 0.02421875 0.1046875
3 0.3578125 0.4734375 0.03359375 0.1203125
3 0.325 0.47109375 0.02578125 0.096875
3 0.30234375 0.6375 0.040625 0.14375
3 0.51328125 0.2328125 0.009375 0.034375
3 0.4578125 0.21953125 0.01328125 0.04296875
3 0.396875 0.25859375 0.009375 0.04453125
3 0.3078125 0.29609375 0.009375 0.06015625
3 0.325 0.296875 0.01484375 0.065625
3 0.36328125 0.25078125 0.01484375 0.04921875
3 0.38984375 0.26484375 0.01015625 0.04765625
3 0.4375 0.25546875 0.0140625 0.04921875
3 0.425 0.2546875 0.0109375 0.0453125
3 0.54140625 0.21328125 0.01171875 0.040625
3 0.55703125 0.2140625 0.0109375 0.0390625
3 0.53125 0.28671875 0.01640625 0.06015625
3 0.47421875 0.315625 0.0125 0.059375
3 0.49296875 0.27265625 0.01171875 0.05234375
3 0.51484375 0.3 0.01328125 0.0609375
3 0.503125 0.29296875 0.0109375 0.04140625
3 0.5046875 0.34296875 0.015625 0.05703125
3 0.628125 0.2640625 0.0125 0.04375
3 0.66796875 0.29296875 0.01796875 0.06875
3 0.5359375 0.3578125 0.02109375 0.08046875
3 0.5578125 0.35546875 0.0234375 0.06015625
3 0.58359375 0.34921875 0.0234375 0.04453125
3 0.78828125 0.36875 0.0234375 0.0734375
3 0.84765625 0.48671875 0.03359375 0.05078125
3 0.81171875 0.48359375 0.03203125 0.0546875
3 0.8734375 0.70234375 0.03359375 0.16015625
3 0.80078125 0.71875 0.04375 0.14609375
3 0.35625 0.57265625 0.034375 0.071875
3 0.3765625 0.659375 0.03671875 0.1515625
3 0.45625 0.321875 0.0203125 0.06953125