4 0.56328125 0.3 0.06953125 0.07265625
4 0.33203125 0.359375 0.09375 0.071875
4 0.83359375 0.8890625 0.3265625 0.11796875
4 0.19921875 0.45625 0.16171875 0.12890625
4 0.37109375 0.37890625 0.11484375 0.09375
4 0.46640625 0.3484375 0.07890625 0.06796875
4 0.453125 0.31953125 0.06796875 0.04921875
4 0.52578125 0.2859375 0.06015625 0.04765625
4 0.628125 0.26328125 0.03984375 0.0359375
4 0.1703125 0.421875 0.14765625 0.0890625
4 0.73125 0.38984375 0.08125 0.08984375
4 0.60078125 0.51015625 0.0953125 0.11015625