4 0.3390625 0.31328125 0.04453125 0.05
4 0.30390625 0.328125 0.06328125 0.08046875
4 0.56796875 0.3453125 0.059375 0.05234375
3 0.646875 0.546875 0.02421875 0.1015625
3 0.61015625 0.353125 0.01484375 0.05625
3 0.47734375 0.21953125 0.00859375 0.02734375
3 0.4578125 0.22265625 0.00703125 0.021875
3 0.60546875 0.21328125 0.00703125 0.03515625
3 0.61875 0.21171875 0.00703125 0.03125
3 0.41875 0.24375 0.00859375 0.03359375
3 0.47109375 0.24453125 0.00703125 0.03515625
3 0.45078125 0.25078125 0.01015625 0.02734375
3 0.6703125 0.48984375 0.0171875 0.08359375
3 0.7734375 0.621875 0.02734375 0.11875
3 0.8046875 0.62265625 0.02734375 0.11640625
3 0.43046875 0.2125 0.00625 0.03828125
3 0.6265625 0.34921875 0.01484375 0.05625
3 0.65 0.484375 0.02421875 0.1015625
2 0.73515625 0.753125 0.1171875 0.15546875
2 0.84453125 0.7359375 0.1015625 0.15703125
3 0.55390625 0.4984375 0.0203125 0.03515625
3 0.53046875 0.49296875 0.028125 0.0375
3 0.5609375 0.4515625 0.01328125 0.01953125
3 0.53828125 0.4484375 0.01640625 0.02265625
3 0.52578125 0.4671875 0.0296875 0.03125
3 0.528125 0.52578125 0.0234375 0.02890625
3 0.5171875 0.55390625 0.0171875 0.0484375
3 0.54921875 0.54765625 0.025 0.053125
4 0.5875 0.215625 0.02109375 0.03125
4 0.40234375 0.30390625 0.05234375 0.0515625
4 0.56640625 0.38984375 0.059375 0.06640625
4 0.203125 0.41875 0.09140625 0.0921875
4 0.54375 0.15859375 0.0140625 0.0125
4 0.50859375 0.18359375 0.01953125 0.02109375
4 0.53125 0.19453125 0.0171875 0.01875
4 0.37421875 0.2875 0.0453125 0.0515625