3 0.12109375 0.9203125 0.02578125 0.06953125
3 0.6390625 0.559375 0.01171875 0.034375
4 0.53515625 0.67109375 0.053125 0.0734375
4 0.38828125 0.75859375 0.07734375 0.07890625
4 0.42421875 0.70625 0.06484375 0.065625
4 0.45703125 0.6546875 0.0546875 0.05703125
4 0.6140625 0.54296875 0.025 0.03125
4 0.48359375 0.628125 0.0453125 0.04375
4 0.49296875 0.6 0.0453125 0.04375
4 0.5625 0.62578125 0.0484375 0.0640625
4 0.6125 0.621875 0.03125 0.0484375
4 0.4984375 0.75 0.0765625 0.0765625
4 0.34375 0.8203125 0.090625 0.0953125
3 0.70546875 0.84140625 0.028125 0.0890625
3 0.39453125 0.6578125 0.0171875 0.0453125
3 0.425 0.64375 0.0140625 0.03828125