3 0.6015625 0.5140625 0.03359375 0.11796875
4 0.51015625 0.12890625 0.02421875 0.0296875
4 0.5671875 0.34296875 0.06171875 0.07265625
4 0.34921875 0.2328125 0.053125 0.0546875
4 0.3828125 0.20859375 0.0484375 0.04609375
4 0.57421875 0.29375 0.053125 0.05859375
4 0.578125 0.2578125 0.04765625 0.040625
4 0.31796875 0.25703125 0.07109375 0.0609375
4 0.24296875 0.42265625 0.128125 0.1375
4 0.6 0.11640625 0.02421875 0.02890625
4 0.5578125 0.071875 0.01875 0.01875
3 0.10546875 0.565625 0.05859375 0.13125
3 0.66875 0.39609375 0.028125 0.0625
3 0.615625 0.31015625 0.02109375 0.07109375
3 0.6421875 0.16328125 0.01171875 0.03984375
3 0.9609375 0.62578125 0.059375 0.1328125
3 0.2625 0.50859375 0.03984375 0.12109375
3 0.98359375 0.60546875 0.03046875 0.13046875
3 0.665625 0.5203125 0.0265625 0.1140625
3 0.6359375 0.51171875 0.0328125 0.128125
3 0.69453125 0.50234375 0.03125 0.12421875
1 0.23828125 0.31484375 0.028125 0.078125