4 0.3375 0.30703125 0.0578125 0.0578125
4 0.47578125 0.32578125 0.05078125 0.05703125
4 0.4734375 0.2078125 0.028125 0.02734375
4 0.56953125 0.33828125 0.0546875 0.05625
4 0.503125 0.303125 0.04296875 0.04609375
4 0.515625 0.26953125 0.04453125 0.0328125
4 0.37734375 0.28984375 0.04140625 0.05078125
4 0.48671875 0.19609375 0.01953125 0.021875
3 0.6703125 0.753125 0.03984375 0.16875
3 0.75625 0.7625 0.04140625 0.1625
3 0.71484375 0.77734375 0.04375 0.1625
3 0.4234375 0.24453125 0.0078125 0.03515625
4 0.55625 0.3796875 0.0546875 0.05625
4 0.55 0.175 0.034375 0.04140625
4 0.5015625 0.1859375 0.02109375 0.02421875