4 0.678125 0.390625 0.046875 0.05078125
4 0.77578125 0.30625 0.04921875 0.028125
4 0.63046875 0.3625 0.0453125 0.046875
1 0.375 0.46171875 0.01328125 0.04296875
4 0.834375 0.334375 0.059375 0.03125
3 0.60390625 0.33203125 0.01171875 0.0328125
3 0.61484375 0.33203125 0.0078125 0.0359375
3 0.90546875 0.40703125 0.01171875 0.05
4 0.5703125 0.91328125 0.2625 0.16875
4 0.81640625 0.45546875 0.065625 0.084375
4 0.55859375 0.5234375 0.075 0.09140625
4 0.5953125 0.4546875 0.075 0.09140625
4 0.64140625 0.42109375 0.05078125 0.06484375
4 0.69375 0.365625 0.0421875 0.04375
4 0.56328125 0.4171875 0.0546875 0.0625
4 0.6 0.3859375 0.0484375 0.046875
4 0.69921875 0.30703125 0.0578125 0.028125
4 0.84609375 0.29765625 0.02265625 0.0265625
4 0.79375 0.2734375 0.015625 0.0171875
4 0.80078125 0.26796875 0.015625 0.0171875
4 0.75625 0.3171875 0.0625 0.03359375
4 0.46640625 0.584375 0.16328125 0.2
4 0.80078125 0.5203125 0.090625 0.08828125
3 0.9734375 0.85703125 0.05 0.11015625
3 0.94296875 0.690625 0.03984375 0.12734375
3 0.0640625 0.57578125 0.03671875 0.11484375
3 0.5640625 0.359375 0.01171875 0.05234375
3 0.87890625 0.35546875 0.0125 0.04765625
3 0.5890625 0.35 0.015625 0.04609375
3 0.16328125 0.52109375 0.02265625 0.09453125
3 0.11953125 0.58828125 0.0375 0.11015625