3 0.5578125 0.05078125 0.01015625 0.0375
3 0.86796875 0.453125 0.04296875 0.14375
3 0.83828125 0.071875 0.00859375 0.03984375
3 0.46953125 0.10234375 0.015625 0.05
3 0.54921875 0.05 0.01015625 0.0375
3 0.790625 0.05625 0.0125 0.0375
4 0.41015625 0.203125 0.09375 0.07734375
4 0.53828125 0.109375 0.05390625 0.05234375
3 0.9203125 0.46171875 0.04296875 0.12734375
4 0.80703125 0.01171875 0.028125 0.02265625
4 0.70234375 0.00625 0.02734375 0.0125
4 0.7703125 0.21640625 0.06953125 0.07890625
4 0.71484375 0.01484375 0.02421875 0.02578125
4 0.74921875 0.0328125 0.0625 0.034375