3 0.36796875 0.209375 0.01328125 0.01875
3 0.2390625 0.2734375 0.0203125 0.02578125
3 0.26328125 0.27890625 0.02109375 0.0234375
4 0.7765625 0.109375 0.0640625 0.07734375
4 0.7875 0.06171875 0.03828125 0.02421875
4 0.7671875 0.20078125 0.065625 0.07734375
4 0.58359375 0.015625 0.03984375 0.02734375
3 0.82265625 0.10625 0.01640625 0.0546875
3 0.83828125 0.10859375 0.01640625 0.06328125
3 0.1375 0.22109375 0.02109375 0.0703125
3 0.82421875 0.16328125 0.01640625 0.06328125
3 0.15859375 0.2203125 0.02109375 0.0703125
3 0.80625 0.10703125 0.015625 0.05625
3 0.40078125 0.13515625 0.0171875 0.0625
3 0.84140625 0.1640625 0.01640625 0.06328125
3 0.1859375 0.225 0.01953125 0.09140625
3 0.9484375 0.78515625 0.05625 0.19140625
3 0.3375 0.21015625 0.0140625 0.0234375
3 0.3234375 0.21953125 0.0125 0.02109375
3 0.3578125 0.21640625 0.0171875 0.02421875