3 0.67109375 0.2359375 0.02421875 0.08203125
4 0.73046875 0.03671875 0.0609375 0.03515625
3 0.04296875 0.29765625 0.0296875 0.1
3 0.88515625 0.33046875 0.03671875 0.10234375
3 0.67734375 0.040625 0.0078125 0.025
3 0.453125 0.2203125 0.0171875 0.07890625
3 0.43828125 0.22265625 0.01875 0.07890625
3 0.6703125 0.0375 0.0078125 0.03359375
3 0.66640625 0.17109375 0.01875 0.0609375
3 0.6875 0.15859375 0.0203125 0.0609375
3 0.6046875 0.16875 0.01640625 0.071875
3 0.58671875 0.190625 0.01875 0.071875
3 0.5796875 0.16796875 0.01640625 0.06484375
3 0.54375 0.16171875 0.01640625 0.06328125
3 0.4015625 0.22421875 0.0328125 0.08515625
3 0.5453125 0.22734375 0.01953125 0.08359375
3 0.56953125 0.23359375 0.0140625 0.07890625
3 0.61328125 0.265625 0.01953125 0.09765625
3 0.62578125 0.09140625 0.02109375 0.05
3 0.61953125 0.171875 0.01640625 0.071875
3 0.675 0.096875 0.01171875 0.04921875
3 0.659375 0.0984375 0.01328125 0.053125
3 0.64921875 0.071875 0.0109375 0.04453125
3 0.6546875 0.07734375 0.0109375 0.0375