3 0.72109375 0.18515625 0.01875 0.0625
3 0.5390625 0.20234375 0.015625 0.075
3 0.81953125 0.22734375 0.01953125 0.07890625
3 0.34921875 0.41640625 0.02578125 0.11640625
3 0.89140625 0.42578125 0.03515625 0.11484375
3 0.3046875 0.421875 0.02421875 0.11484375
3 0.52890625 0.434375 0.02109375 0.12265625
3 0.1203125 0.86875 0.0640625 0.21484375
3 0.62109375 0.83359375 0.059375 0.2046875
3 0.625 0.4453125 0.0359375 0.12109375
3 0.58515625 0.1078125 0.01015625 0.053125
3 0.65390625 0.1265625 0.015625 0.07109375
3 0.40546875 0.359375 0.0234375 0.11796875
3 0.64375 0.25625 0.01875 0.1015625
3 0.6609375 0.25234375 0.01875 0.09609375
3 0.4953125 0.4203125 0.03359375 0.1265625
3 0.6921875 0.18671875 0.01953125 0.07890625
3 0.5015625 0.22734375 0.01953125 0.07890625
3 0.41015625 0.27578125 0.01953125 0.07890625
3 0.58359375 0.16328125 0.015625 0.07109375
3 0.6015625 0.16328125 0.015625 0.07109375
3 0.6375 0.1453125 0.015625 0.07109375
3 0.61875 0.1359375 0.015625 0.07109375
3 0.48203125 0.21328125 0.01328125 0.0765625
3 0.6734375 0.1375 0.01875 0.0703125
3 0.459375 0.290625 0.0296875 0.08359375
3 0.48671875 0.28671875 0.02421875 0.075
3 0.4890625 0.34609375 0.034375 0.07578125
3 0.63046875 0.34609375 0.01875 0.11953125
3 0.609375 0.3453125 0.028125 0.11953125
3 0.065625 0.7953125 0.05234375 0.21484375
3 0.37578125 0.353125 0.03203125 0.11796875
3 0.58828125 0.43046875 0.0359375 0.12890625
3 0.46015625 0.39765625 0.03359375 0.1265625
3 0.546875 0.84765625 0.08125 0.22890625
3 0.73828125 0.04140625 0.01171875 0.04609375
3 0.68671875 0.06171875 0.01015625 0.03984375
3 0.821875 0.16171875 0.015625 0.05625
3 0.7828125 0.18671875 0.02265625 0.06875