3 0.0234375 0.70625 0.02421875 0.05390625
3 0.55546875 0.51171875 0.01171875 0.02734375
3 0.51171875 0.509375 0.00546875 0.01484375
3 0.25625 0.62890625 0.02109375 0.05390625
3 0.6140625 0.53046875 0.01015625 0.03515625
3 0.7203125 0.76171875 0.028125 0.1015625
3 0.690625 0.54375 0.01015625 0.05390625
4 0.4140625 0.59375 0.06171875 0.05625
4 0.45234375 0.5796875 0.0453125 0.04453125
4 0.6015625 0.48359375 0.01640625 0.021875
4 0.625 0.46171875 0.01015625 0.0140625
4 0.365625 0.75 0.03515625 0.1
4 0.2828125 0.7 0.08828125 0.09140625
4 0.39296875 0.6234375 0.0359375 0.028125
4 0.57890625 0.509375 0.02265625 0.0234375
4 0.6390625 0.47578125 0.0171875 0.0234375
4 0.646875 0.65 0.05 0.06640625
4 0.56328125 0.60703125 0.05546875 0.06484375
4 0.5328125 0.52734375 0.05390625 0.02890625
4 0.659375 0.50390625 0.01953125 0.025
3 0.6796875 0.771875 0.0171875 0.03125
3 0.65 0.853125 0.0265625 0.04765625
3 0.66171875 0.83046875 0.0203125 0.0296875
3 0.22109375 0.71171875 0.01875 0.034375
3 0.20234375 0.7078125 0.01875 0.0359375
3 0.053125 0.76875 0.0265625 0.03125
3 0.1359375 0.76953125 0.01875 0.03671875
3 0.11171875 0.7765625 0.0234375 0.02578125
3 0.62734375 0.790625 0.0234375 0.03671875
3 0.63203125 0.76875 0.01875 0.02421875
3 0.7015625 0.54453125 0.01015625 0.0453125
3 0.584375 0.51796875 0.0125 0.03125
3 0.659375 0.92109375 0.03125 0.125
3 0.0859375 0.83203125 0.0328125 0.13515625
3 0.6875 0.94296875 0.02265625 0.11015625