4 0.840625 0.1953125 0.0375 0.046875
4 0.84453125 0.165625 0.0234375 0.0234375
4 0.8296875 0.0921875 0.015625 0.02109375
4 0.8515625 0.12734375 0.0296875 0.05390625
3 0.79375 0.6390625 0.02578125 0.10546875
3 0.8375 0.6546875 0.03046875 0.12421875
4 0.7890625 0.18203125 0.03515625 0.0625
4 0.8328125 0.22734375 0.03359375 0.0375
3 0.7125 0.2828125 0.02578125 0.06328125
3 0.3 0.5453125 0.04453125 0.1078125
3 0.909375 0.71640625 0.03984375 0.14375
3 0.9078125 0.5421875 0.02578125 0.125
4 0.66796875 0.27578125 0.0640625 0.06484375
4 0.52265625 0.95 0.39765625 0.09375
4 0.765625 0.25 0.03671875 0.0484375
3 0.57109375 0.296875 0.0171875 0.065625
3 0.6078125 0.2953125 0.0171875 0.0765625
3 0.69453125 0.18046875 0.0140625 0.04140625
3 0.95625 0.7015625 0.03671875 0.13203125
3 0.121875 0.6734375 0.034375 0.1390625
3 0.86953125 0.6703125 0.03984375 0.1234375
4 0.5109375 0.44375 0.16875 0.16015625
4 0.590625 0.37578125 0.078125 0.07421875
4 0.69921875 0.2375 0.0421875 0.03984375
4 0.7109375 0.21484375 0.040625 0.0390625
4 0.7421875 0.18046875 0.03671875 0.03359375