4 0.6671875 0.475 0.06171875 0.05703125
3 0.46875 0.56953125 0.034375 0.096875
3 0.2109375 0.82734375 0.03671875 0.11484375
3 0.184375 0.83984375 0.0421875 0.1390625
4 0.78984375 0.41875 0.0453125 0.0453125
4 0.8140625 0.36484375 0.04296875 0.0484375
4 0.7015625 0.446875 0.046875 0.04765625
4 0.71953125 0.41953125 0.04140625 0.04765625
3 0.621875 0.9671875 0.02265625 0.059375
3 0.41328125 0.8875 0.059375 0.15625
3 0.02265625 0.80703125 0.0453125 0.1078125
3 0.89765625 0.87265625 0.02890625 0.11796875
3 0.43828125 0.70703125 0.028125 0.08203125
3 0.91875 0.69921875 0.03203125 0.075
3 0.97734375 0.85390625 0.03359375 0.12578125
3 0.95625 0.70625 0.028125 0.07265625
3 0.9359375 0.5921875 0.02890625 0.071875
3 0.98359375 0.73828125 0.02734375 0.08671875
3 0.84765625 0.8421875 0.02890625 0.109375
4 0.76171875 0.36484375 0.03125 0.03046875
4 0.734375 0.39453125 0.03984375 0.04140625
3 0.43359375 0.609375 0.0234375 0.0609375
3 0.34921875 0.72421875 0.02265625 0.11484375