4 0.08984375 0.70078125 0.10625 0.10546875
4 0.3625 0.47578125 0.04296875 0.04296875
4 0.34765625 0.590625 0.07109375 0.1375
4 0.33203125 0.37265625 0.02265625 0.02578125
4 0.203125 0.5078125 0.0578125 0.05859375
3 0.47109375 0.91484375 0.05234375 0.16328125
3 0.23046875 0.94609375 0.034375 0.10078125
3 0.4125 0.9140625 0.05234375 0.16328125
3 0.421875 0.53203125 0.021875 0.065625
3 0.44296875 0.53125 0.021875 0.065625
3 0.4109375 0.6078125 0.0265625 0.096875
4 0.3421875 0.33828125 0.01953125 0.02421875
4 0.13359375 0.6234375 0.07421875 0.08515625
4 0.17109375 0.56015625 0.0671875 0.0734375
4 0.2234375 0.48203125 0.04140625 0.04375
4 0.23984375 0.45859375 0.03828125 0.03515625
4 0.3671875 0.4375 0.04296875 0.04296875
4 0.3703125 0.39765625 0.0375 0.0421875
4 0.2453125 0.434375 0.04296875 0.03828125
4 0.26953125 0.40703125 0.02578125 0.02890625