3 0.903125 0.39609375 0.02265625 0.0765625
3 0.99609375 0.4984375 0.003125 0.003125
3 0.096875 0.6890625 0.03984375 0.11484375
3 0.92890625 0.709375 0.03203125 0.11875
3 0.16171875 0.7046875 0.0375 0.12734375
3 0.378125 0.703125 0.05703125 0.121875
3 0.88046875 0.24453125 0.0171875 0.059375
3 0.84921875 0.38515625 0.028125 0.1109375
3 0.9328125 0.540625 0.03359375 0.10390625
4 0.84609375 0.19140625 0.0296875 0.03125
3 0.87265625 0.32734375 0.01796875 0.06796875
3 0.18671875 0.65078125 0.05546875 0.10625
3 0.14453125 0.64921875 0.02421875 0.10546875
4 0.84921875 0.14453125 0.02265625 0.02421875
4 0.69921875 0.2359375 0.0515625 0.04921875
4 0.459375 0.571875 0.15234375 0.16171875
4 0.815625 0.3609375 0.06796875 0.096875
4 0.83984375 0.2296875 0.04296875 0.0546875
4 0.63671875 0.32109375 0.06875 0.0703125
4 0.5859375 0.37734375 0.08203125 0.08359375
4 0.53828125 0.45625 0.109375 0.10390625
3 0.8625 0.5015625 0.01953125 0.1078125
3 0.89765625 0.56484375 0.03359375 0.13359375
4 0.85078125 0.1265625 0.021875 0.01640625
4 0.721875 0.21328125 0.03125 0.0375
4 0.7390625 0.18671875 0.03046875 0.03046875
3 0.4390625 0.4203125 0.02578125 0.09609375
3 0.97890625 0.725 0.03671875 0.125
3 0.971875 0.6171875 0.03515625 0.08671875
4 0.84765625 0.1703125 0.03125 0.02421875