4 0.221875 0.38125 0.0890625 0.065625
3 0.453125 0.55703125 0.05390625 0.13515625
3 0.25703125 0.471875 0.03125 0.1109375
3 0.61796875 0.196875 0.0171875 0.0609375
3 0.609375 0.4109375 0.0328125 0.10625
3 0.63203125 0.278125 0.0171875 0.06953125
4 0.33046875 0.2109375 0.0734375 0.078125
4 0.36484375 0.1578125 0.065625 0.06328125
4 0.396875 0.11328125 0.059375 0.059375
4 0.27421875 0.30234375 0.11015625 0.1109375
3 0.578125 0.41015625 0.0328125 0.10625
3 0.64140625 0.19609375 0.0171875 0.06953125
3 0.64453125 0.4171875 0.0328125 0.10625
3 0.6109375 0.253125 0.0171875 0.06953125
4 0.1265625 0.68203125 0.253125 0.246875
4 0.7515625 0.7625 0.3265625 0.26015625