4 0.5515625 0.52265625 0.02578125 0.025
4 0.578125 0.534375 0.03515625 0.0421875
4 0.5265625 0.55703125 0.03203125 0.03359375
4 0.62109375 0.546875 0.028125 0.03125
4 0.62109375 0.57734375 0.03359375 0.0265625
4 0.55859375 0.571875 0.0421875 0.0375
4 0.4953125 0.59765625 0.04765625 0.0375
4 0.48359375 0.62421875 0.046875 0.0484375
4 0.509375 0.64140625 0.028125 0.04609375
4 0.43125 0.69140625 0.0625 0.06171875
4 0.45625 0.6546875 0.05390625 0.053125
4 0.55 0.6125 0.0484375 0.0453125
4 0.38125 0.76171875 0.075 0.090625
4 0.6109375 0.609375 0.05078125 0.059375
4 0.34375 0.8296875 0.0859375 0.0984375
3 0.653125 0.721875 0.01953125 0.0640625
3 0.2671875 0.7984375 0.028125 0.08359375
3 0.67578125 0.71953125 0.01953125 0.0640625
4 0.60234375 0.75390625 0.06328125 0.084375
4 0.515625 0.69296875 0.059375 0.06953125
4 0.62421875 0.5140625 0.0234375 0.028125