4 0.08359375 0.70546875 0.1 0.11015625
4 0.3046875 0.44609375 0.0328125 0.05234375
4 0.36640625 0.434375 0.03984375 0.04140625
4 0.26328125 0.5390625 0.059375 0.109375
4 0.17890625 0.56171875 0.07421875 0.06953125
4 0.13125 0.615625 0.08359375 0.09921875
4 0.346875 0.315625 0.028125 0.034375
3 0.14375 0.890625 0.03046875 0.1
3 0.471875 0.9375 0.05078125 0.11796875
3 0.43359375 0.7984375 0.0296875 0.10078125
3 0.453125 0.7828125 0.0296875 0.10078125
3 0.1171875 0.87578125 0.03046875 0.1359375
3 0.01875 0.9359375 0.03671875 0.121875
3 0.20859375 0.91171875 0.03125 0.1078125
3 0.05859375 0.640625 0.01953125 0.07265625
3 0.30390625 0.6875 0.02265625 0.0765625
3 0.4375 0.5328125 0.0171875 0.065625
3 0.41171875 0.94609375 0.034375 0.10078125
3 0.3984375 0.4828125 0.01875 0.0625
3 0.43046875 0.61796875 0.0265625 0.08359375
3 0.48828125 0.69140625 0.02109375 0.090625
3 0.46640625 0.67265625 0.021875 0.09453125