3 0.33984375 0.72421875 0.03671875 0.1078125
4 0.47578125 0.621875 0.03828125 0.040625
4 0.3953125 0.74296875 0.07109375 0.08984375
4 0.528125 0.653125 0.05234375 0.06953125
4 0.45703125 0.66015625 0.05625 0.04921875
4 0.484375 0.765625 0.07109375 0.09375
4 0.32421875 0.86640625 0.11953125 0.1421875
4 0.43203125 0.70078125 0.05859375 0.0578125
4 0.56484375 0.56796875 0.0359375 0.0390625
4 0.60078125 0.68515625 0.07890625 0.15
4 0.6125 0.58515625 0.05546875 0.053125
3 0.1875 0.9546875 0.028125 0.08359375
3 0.67421875 0.89375 0.0328125 0.0875
3 0.67265625 0.70234375 0.01796875 0.0625
3 0.26015625 0.8 0.03125 0.08671875
3 0.09765625 0.9515625 0.03125 0.090625