3 0.89453125 0.5734375 0.01875 0.06796875
3 0.91640625 0.56953125 0.02265625 0.07265625
4 0.7328125 0.3953125 0.0375 0.040625
4 0.7171875 0.415625 0.04765625 0.05
3 0.88359375 0.765625 0.0328125 0.07734375
3 0.9765625 0.85625 0.04140625 0.10703125
3 0.0828125 0.98125 0.02890625 0.03046875
4 0.56640625 0.6078125 0.10390625 0.11015625
4 0.6328125 0.534375 0.08359375 0.07421875
4 0.86171875 0.36640625 0.03125 0.03125
4 0.76015625 0.359375 0.03125 0.03125
3 0.853125 0.76796875 0.0328125 0.1203125
3 0.81875 0.92265625 0.03984375 0.0375
3 0.2109375 0.8171875 0.03359375 0.115625
3 0.11484375 0.83828125 0.03671875 0.121875
3 0.00390625 0.97421875 0.0078125 0.0453125
3 0.915625 0.8984375 0.0328125 0.0859375
3 0.253125 0.81796875 0.03359375 0.115625
3 0.1703125 0.8296875 0.0296875 0.11484375
3 0.11015625 0.96953125 0.02734375 0.05390625
3 0.146875 0.81640625 0.02578125 0.10390625
3 0.46171875 0.58671875 0.03359375 0.11328125
3 0.89453125 0.8578125 0.0359375 0.11484375
3 0.9796875 0.78203125 0.03515625 0.1078125