4 0.71484375 0.2578125 0.04453125 0.04609375
4 0.6203125 0.1609375 0.0171875 0.0265625
1 0.38828125 0.19609375 0.00703125 0.02109375
1 0.359375 0.21171875 0.00859375 0.02734375
1 0.38046875 0.22421875 0.00859375 0.02734375
4 0.58515625 0.12265625 0.01015625 0.0171875
4 0.4234375 0.19375 0.02265625 0.02890625
4 0.6390625 0.18671875 0.02265625 0.01796875
4 0.4515625 0.16171875 0.0203125 0.02578125
4 0.81640625 0.36015625 0.0765625 0.06640625
4 0.63046875 0.17578125 0.0171875 0.01796875
4 0.4421875 0.17734375 0.021875 0.0203125
4 0.2875 0.240625 0.0609375 0.02890625
4 0.40546875 0.1671875 0.0328125 0.01953125
4 0.3984375 0.16953125 0.0171875 0.0203125
4 0.4625 0.15390625 0.0125 0.01875
4 0.46875 0.15 0.01328125 0.015625
4 0.5203125 0.109375 0.009375 0.0109375
4 0.5703125 0.10703125 0.00859375 0.01015625
4 0.82265625 0.25234375 0.0546875 0.034375
4 0.7890625 0.24609375 0.03359375 0.02734375
4 0.6109375 0.15390625 0.01328125 0.01796875
4 0.88125 0.30234375 0.09765625 0.04140625