1 0.39609375 0.20546875 0.00859375 0.02734375
4 0.5234375 0.10625 0.01015625 0.01640625
4 0.884375 0.3 0.1 0.0390625
4 0.82265625 0.25234375 0.07265625 0.03203125
4 0.5796875 0.115625 0.0078125 0.01171875
4 0.5859375 0.125 0.00859375 0.01484375
4 0.415625 0.16796875 0.01953125 0.02421875
4 0.403125 0.16796875 0.01796875 0.0203125
4 0.28828125 0.24375 0.0421875 0.0234375
4 0.646875 0.19375 0.0328125 0.03359375
4 0.43046875 0.43125 0.0796875 0.1
4 0.6 0.1875 0.02109375 0.025
4 0.6203125 0.15859375 0.02109375 0.025
4 0.446875 0.1765625 0.021875 0.02265625
4 0.4625 0.16484375 0.021875 0.02265625
4 0.6078125 0.14375 0.0171875 0.0203125
4 0.43125 0.190625 0.021875 0.02265625
4 0.81875 0.3625 0.078125 0.06640625
3 0.0765625 0.415625 0.01953125 0.08984375
1 0.38125 0.21796875 0.01015625 0.02734375
1 0.4125 0.20234375 0.01015625 0.02890625