4 0.26484375 0.3734375 0.046875 0.05234375
1 0.4484375 0.42421875 0.01484375 0.04453125
1 0.51875 0.4515625 0.01484375 0.04453125
1 0.4609375 0.41484375 0.01484375 0.04453125
3 0.09921875 0.515625 0.02265625 0.07265625
4 0.3609375 0.46015625 0.06875 0.059375
4 0.58125 0.75546875 0.19609375 0.17734375
4 0.2671875 0.6109375 0.1078125 0.13203125
4 0.55703125 0.578125 0.13671875 0.11484375
4 0.228125 0.41484375 0.046875 0.059375
4 0.20078125 0.32734375 0.0265625 0.02734375
4 0.18828125 0.31015625 0.02421875 0.04296875
4 0.303125 0.396875 0.046875 0.059375
4 0.171875 0.3421875 0.03046875 0.0296875
4 0.7109375 0.2359375 0.078125 0.028125
4 0.23515625 0.353125 0.03359375 0.0375
4 0.21171875 0.3421875 0.02109375 0.0265625