4 0.434375 0.16875 0.028125 0.0203125
4 0.48046875 0.30078125 0.05078125 0.06015625
4 0.53828125 0.128125 0.0140625 0.01875
4 0.45859375 0.1890625 0.01875 0.02265625
4 0.46953125 0.17421875 0.01875 0.02265625
4 0.50390625 0.14375 0.01484375 0.0171875
4 0.65546875 0.1765625 0.02109375 0.02109375
4 0.60703125 0.14921875 0.01484375 0.01875
4 0.63359375 0.18984375 0.0234375 0.028125
4 0.590625 0.16953125 0.02265625 0.02421875
4 0.49140625 0.15625 0.0109375 0.02109375
4 0.446875 0.196875 0.02421875 0.02265625
4 0.340625 0.41875 0.09921875 0.125
4 0.7515625 0.2625 0.0453125 0.04609375
3 0.02265625 0.46953125 0.028125 0.11015625
4 0.2359375 0.28359375 0.065625 0.04296875
4 0.30546875 0.24296875 0.046875 0.02578125
4 0.6109375 0.13046875 0.01171875 0.015625
4 0.63046875 0.14609375 0.0140625 0.01953125
4 0.621875 0.1390625 0.0109375 0.01484375
4 0.64140625 0.15546875 0.0140625 0.01875
4 0.646875 0.165625 0.02109375 0.021875
4 0.83125 0.253125 0.0671875 0.028125
4 0.91796875 0.3015625 0.10234375 0.0359375
4 0.58125 0.125 0.00859375 0.0171875
3 0.0734375 0.440625 0.046875 0.0890625