1 0.38203125 0.28828125 0.0140625 0.03515625
1 0.35390625 0.27578125 0.0140625 0.03203125
1 0.303125 0.2453125 0.01015625 0.03359375
1 0.3328125 0.2640625 0.01015625 0.03359375
4 0.809375 0.83671875 0.30703125 0.20859375
4 0.14296875 0.209375 0.03046875 0.03359375
4 0.2421875 0.24375 0.046875 0.0390625
4 0.18125 0.24453125 0.0484375 0.04921875
4 0.2125 0.21171875 0.03046875 0.03515625
4 0.90078125 0.10546875 0.1375 0.05859375
4 0.56796875 0.075 0.096875 0.0453125
4 0.15703125 0.18984375 0.02109375 0.02578125
4 0.16953125 0.1796875 0.021875 0.02265625
4 0.140625 0.17109375 0.021875 0.01953125
4 0.25234375 0.31484375 0.06953125 0.071875
1 0.3171875 0.25703125 0.01015625 0.03359375
4 0.36484375 0.32109375 0.08203125 0.07265625