1 0.28203125 0.38828125 0.01484375 0.04609375
4 0.515625 0.53671875 0.14453125 0.10078125
4 0.4359375 0.6578125 0.15625 0.16328125
4 0.1515625 0.32734375 0.034375 0.02890625
4 0.11953125 0.33203125 0.034375 0.0359375
4 0.15078125 0.371875 0.04296875 0.04140625
4 0.24765625 0.4734375 0.0875 0.09375
4 0.2078125 0.41796875 0.0546875 0.05390625
4 0.19140625 0.353125 0.04296875 0.04140625
1 0.32109375 0.415625 0.01484375 0.04609375
2 0.19765625 0.84921875 0.05390625 0.17734375
4 0.12578125 0.30546875 0.021875 0.02421875
4 0.10546875 0.2953125 0.015625 0.01875
4 0.09921875 0.28828125 0.015625 0.015625
4 0.06328125 0.28125 0.015625 0.02109375
4 0.08046875 0.27578125 0.01875 0.0203125
4 0.73359375 0.33359375 0.04765625 0.025
4 0.60625 0.3234375 0.03125 0.02734375