4 0.21875 0.27109375 0.05625 0.059375
4 0.159375 0.30078125 0.05390625 0.06875
4 0.134375 0.26171875 0.04921875 0.04921875
4 0.309375 0.28125 0.05859375 0.0609375
4 0.934375 0.54140625 0.125 0.11796875
1 0.35390625 0.28125 0.0140625 0.04140625
1 0.38203125 0.29609375 0.0140625 0.046875
4 0.9046875 0.1 0.121875 0.0609375
4 0.16640625 0.221875 0.0375 0.0375
4 0.2421875 0.30390625 0.05859375 0.0609375
4 0.23671875 0.22890625 0.03515625 0.034375
4 0.14453125 0.19296875 0.025 0.02578125
4 0.2734375 0.26015625 0.03828125 0.0421875