4 0.4046875 0.16796875 0.02890625 0.015625
4 0.5484375 0.1078125 0.01015625 0.01796875
4 0.58515625 0.125 0.0140625 0.0171875
4 0.5671875 0.10859375 0.0125 0.0109375
4 0.87890625 0.30078125 0.0859375 0.0390625
4 0.48828125 0.13515625 0.02109375 0.021875
4 0.6203125 0.15859375 0.02578125 0.02734375
4 0.2859375 0.240625 0.0421875 0.025
4 0.7234375 0.26484375 0.046875 0.05390625
4 0.459375 0.15625 0.0171875 0.0234375
4 0.64765625 0.19453125 0.02578125 0.02734375
4 0.42265625 0.196875 0.02578125 0.03125
4 0.6359375 0.17578125 0.02578125 0.02734375