4 0.66015625 0.175 0.01953125 0.0203125
4 0.81640625 0.25 0.04453125 0.028125
4 0.64375 0.1578125 0.0171875 0.021875
4 0.65234375 0.165625 0.01640625 0.01484375
4 0.453125 0.1890625 0.02265625 0.02109375
3 0.125 0.38828125 0.0234375 0.0875
4 0.334375 0.240625 0.01484375 0.01796875
4 0.43125 0.16796875 0.02421875 0.01796875
4 0.48125 0.16484375 0.015625 0.01796875
4 0.4890625 0.15546875 0.015625 0.01796875
4 0.50703125 0.13828125 0.009375 0.01328125
4 0.63359375 0.14375 0.01875 0.01953125
4 0.6796875 0.19453125 0.02421875 0.028125
4 0.6171875 0.12734375 0.01328125 0.0125
4 0.23984375 0.2828125 0.06875 0.040625
4 0.30546875 0.240625 0.04921875 0.028125
4 0.47265625 0.175 0.01875 0.02109375
4 0.74765625 0.26015625 0.046875 0.05
4 0.90078125 0.29921875 0.075 0.03359375