4 0.2765625 0.24453125 0.0578125 0.0265625
4 0.8140625 0.25546875 0.075 0.03046875
4 0.61796875 0.16796875 0.01953125 0.021875
4 0.6953125 0.33203125 0.06640625 0.07734375
4 0.3828125 0.23203125 0.03828125 0.04375
4 0.71796875 0.26640625 0.046875 0.05
4 0.59609375 0.18125 0.02265625 0.0234375
4 0.6453125 0.1953125 0.025 0.02578125
4 0.63046875 0.178125 0.01875 0.025
4 0.8859375 0.30234375 0.0984375 0.034375
3 0.18046875 0.35390625 0.02265625 0.075
4 0.61171875 0.1609375 0.0140625 0.021875
4 0.58515625 0.12890625 0.01328125 0.01640625
4 0.56875 0.11328125 0.00703125 0.0109375
4 0.5515625 0.12265625 0.00703125 0.01015625
4 0.46796875 0.15625 0.0140625 0.01796875
4 0.40703125 0.17421875 0.025 0.01875