4 0.43828125 0.17578125 0.021875 0.0234375
4 0.4515625 0.16875 0.01484375 0.01875
4 0.46015625 0.1578125 0.01328125 0.0140625
4 0.46796875 0.15 0.0171875 0.01875
4 0.509375 0.12578125 0.01015625 0.015625
4 0.55234375 0.1265625 0.009375 0.01171875
4 0.584375 0.12421875 0.01015625 0.01171875
4 0.39921875 0.21015625 0.065625 0.02890625
4 0.584375 0.15078125 0.01640625 0.01953125
4 0.6171875 0.159375 0.0140625 0.01796875
4 0.81875 0.25234375 0.06796875 0.03125
4 0.57265625 0.13828125 0.01171875 0.01328125
4 0.5921875 0.17109375 0.0171875 0.0203125
4 0.4046875 0.16953125 0.02890625 0.01875
4 0.28125 0.24140625 0.053125 0.02734375
3 0.07265625 0.4109375 0.015625 0.06640625
4 0.6625 0.2828125 0.0421875 0.04609375
4 0.6234375 0.16796875 0.01796875 0.01875
4 0.6421875 0.18671875 0.01953125 0.02265625
3 0.95546875 0.41640625 0.025 0.075
4 0.721875 0.26015625 0.0453125 0.04609375