4 0.60703125 0.396875 0.03125 0.03359375
4 0.66484375 0.40078125 0.0390625 0.03984375
3 0.15234375 0.74140625 0.04375 0.125
4 0.3625 0.32109375 0.0109375 0.01328125
4 0.57265625 0.3671875 0.03046875 0.03203125
4 0.13046875 0.4109375 0.078125 0.04140625
4 0.40546875 0.3203125 0.015625 0.0171875
4 0.3484375 0.3296875 0.0109375 0.01484375
4 0.54609375 0.32265625 0.0140625 0.0171875
4 0.53359375 0.33203125 0.01640625 0.01953125
4 0.39140625 0.315625 0.0125 0.015625
4 0.30859375 0.33828125 0.028125 0.0359375
4 0.35078125 0.325 0.01171875 0.01640625
4 0.24765625 0.3953125 0.03203125 0.03515625
4 0.2171875 0.41953125 0.04375 0.03828125
4 0.178125 0.4421875 0.046875 0.04765625
4 0.14375 0.46875 0.05078125 0.04921875
4 0.63125 0.425 0.040625 0.04609375
4 0.340625 0.3328125 0.01640625 0.01796875
4 0.2859375 0.3671875 0.02890625 0.02734375
4 0.57421875 0.340625 0.021875 0.025
4 0.5046875 0.33515625 0.0171875 0.02265625
0 0.5546875 0.30703125 0.0203125 0.0296875
4 0.51953125 0.346875 0.021875 0.0265625