4 0.434375 0.253125 0.03984375 0.03828125
4 0.403125 0.2859375 0.05546875 0.05703125
4 0.61953125 0.16171875 0.01796875 0.01875
4 0.38515625 0.33125 0.05625 0.0546875
4 0.8890625 0.3015625 0.103125 0.040625
4 0.821875 0.253125 0.07578125 0.03671875
4 0.453125 0.359375 0.07109375 0.090625
4 0.29765625 0.43046875 0.115625 0.13203125
4 0.4421875 0.17734375 0.02109375 0.02109375
4 0.46484375 0.15625 0.015625 0.02109375
4 0.34453125 0.36484375 0.071875 0.09375
0 0.2078125 0.3515625 0.19375 0.20234375
4 0.421875 0.43828125 0.08359375 0.1078125
4 0.64609375 0.196875 0.02265625 0.02734375
4 0.640625 0.1859375 0.02265625 0.02265625
4 0.4046875 0.1671875 0.03359375 0.0203125
4 0.27890625 0.23984375 0.05703125 0.028125
4 0.45078125 0.16875 0.015625 0.01953125