4 0.71328125 0.47578125 0.0484375 0.05234375
4 0.70390625 0.38828125 0.0265625 0.02421875
4 0.66796875 0.340625 0.02265625 0.05
4 0.79296875 0.4203125 0.03359375 0.03046875
4 0.69375 0.36640625 0.02109375 0.021875
4 0.18671875 0.5265625 0.08984375 0.08359375
4 0.940625 0.53828125 0.0609375 0.059375
4 0.90234375 0.50546875 0.06875 0.0546875
4 0.7671875 0.396875 0.03828125 0.0265625
4 0.78203125 0.40703125 0.03203125 0.025
4 0.64921875 0.48515625 0.0484375 0.05390625
4 0.678125 0.596875 0.075 0.10234375
4 0.7625 0.86875 0.15625 0.21640625
4 0.72421875 0.4125 0.03515625 0.0359375
4 0.44609375 0.39609375 0.03671875 0.04140625
4 0.24765625 0.5984375 0.0953125 0.10390625
4 0.63515625 0.41796875 0.0453125 0.05625
4 0.97265625 0.58046875 0.05234375 0.08515625
4 0.94140625 0.84921875 0.11484375 0.16484375
4 0.753125 0.3875 0.02578125 0.02734375
4 0.73828125 0.3765625 0.025 0.028125
4 0.7140625 0.3625 0.0171875 0.01796875
4 0.66328125 0.3875 0.0296875 0.03984375
4 0.38984375 0.45390625 0.05234375 0.05859375