4 0.496875 0.14609375 0.0140625 0.01484375
4 0.434375 0.165625 0.03125 0.01953125
4 0.675 0.18984375 0.021875 0.02109375
4 0.46875 0.1765625 0.01953125 0.0171875
0 0.19140625 0.396875 0.20859375 0.23984375
4 0.40078125 0.21171875 0.05703125 0.03203125
4 0.66015625 0.17265625 0.01953125 0.02109375
4 0.91796875 0.2984375 0.1 0.040625
4 0.646875 0.15234375 0.02421875 0.0375
4 0.31171875 0.23515625 0.059375 0.02890625
4 0.6171875 0.125 0.01015625 0.01171875
4 0.63125 0.14453125 0.0140625 0.02421875
4 0.4640625 0.146875 0.0265625 0.0203125
4 0.8328125 0.25234375 0.0734375 0.0296875
4 0.48046875 0.1640625 0.01640625 0.01953125
4 0.48828125 0.15546875 0.0140625 0.015625