4 0.4890625 0.15625 0.01484375 0.0171875
3 0.90859375 0.33515625 0.02109375 0.09609375
3 0.196875 0.35234375 0.015625 0.07890625
3 0.1328125 0.38984375 0.01875 0.08359375
3 0.88671875 0.5125 0.04296875 0.10390625
4 0.66015625 0.17421875 0.0234375 0.02109375
4 0.48125 0.165625 0.01796875 0.01796875
4 0.453125 0.18984375 0.021875 0.02109375
4 0.68125 0.19609375 0.0234375 0.028125
4 0.746875 0.26171875 0.0453125 0.04765625
4 0.47265625 0.17421875 0.0203125 0.02109375
4 0.9046875 0.2953125 0.078125 0.02890625
4 0.81796875 0.24765625 0.05078125 0.03671875
4 0.64765625 0.16328125 0.0234375 0.0234375
4 0.634375 0.146875 0.01640625 0.02109375
4 0.615625 0.1265625 0.0109375 0.01171875
4 0.49609375 0.14921875 0.01171875 0.01484375
4 0.5078125 0.13828125 0.01171875 0.0140625
4 0.23828125 0.284375 0.06328125 0.03359375
4 0.30703125 0.24140625 0.04453125 0.03046875
4 0.32734375 0.23828125 0.02734375 0.02265625
4 0.4328125 0.1671875 0.0296875 0.01640625