4 0.31328125 0.34765625 0.0171875 0.02109375
4 0.54453125 0.3078125 0.01328125 0.0140625
4 0.171875 0.38125 0.04296875 0.03125
4 0.13515625 0.4046875 0.0734375 0.03515625
4 0.30078125 0.3546875 0.02890625 0.02734375
4 0.9328125 0.35234375 0.0640625 0.0390625
4 0.95078125 0.359375 0.05859375 0.03828125
4 0.5359375 0.30390625 0.0078125 0.01171875
4 0.3546875 0.325 0.0078125 0.0140625
4 0.26953125 0.3796875 0.02734375 0.0234375
4 0.2421875 0.396875 0.03359375 0.03359375
4 0.20703125 0.42890625 0.0390625 0.03984375
4 0.0671875 0.521875 0.06953125 0.06484375
4 0.33359375 0.334375 0.0171875 0.0171875
4 0.025 0.91953125 0.05 0.15625
4 0.209375 0.965625 0.15234375 0.06484375
4 0.18515625 0.44296875 0.0359375 0.04140625
4 0.15546875 0.4609375 0.05703125 0.059375
4 0.153125 0.546875 0.090625 0.10234375
4 0.34375 0.3203125 0.0171875 0.02890625
4 0.34375 0.3296875 0.0125 0.01640625