4 0.56953125 0.121875 0.01328125 0.01484375
4 0.6328125 0.171875 0.01875 0.02265625
3 0.10078125 0.38515625 0.01953125 0.08359375
4 0.57265625 0.13515625 0.01328125 0.01484375
4 0.58125 0.14375 0.0140625 0.01640625
4 0.45234375 0.20390625 0.0296875 0.0375
4 0.553125 0.121875 0.0125 0.0171875
4 0.5765625 0.11015625 0.0078125 0.0078125
4 0.58359375 0.11640625 0.0109375 0.01171875
4 0.58671875 0.12421875 0.00859375 0.0125
4 0.459375 0.14765625 0.01796875 0.0234375
4 0.45234375 0.1625 0.0140625 0.0140625
4 0.44375 0.171875 0.015625 0.0140625
4 0.4296875 0.18515625 0.0171875 0.0203125
4 0.4234375 0.1921875 0.021875 0.025
4 0.29140625 0.23515625 0.0359375 0.025
4 0.56015625 0.10625 0.00703125 0.01015625
4 0.6703125 0.16875 0.0140625 0.01484375
4 0.86953125 0.2953125 0.08046875 0.03984375