4 0.41484375 0.26171875 0.0453125 0.04375
4 0.63203125 0.17109375 0.0171875 0.02109375
4 0.42578125 0.50234375 0.09765625 0.12890625
4 0.434375 0.3921875 0.08125 0.10625
4 0.46484375 0.30859375 0.04921875 0.059375
4 0.884375 0.29296875 0.1078125 0.0359375
4 0.42265625 0.18984375 0.028125 0.0296875
4 0.80234375 0.246875 0.07265625 0.03125
4 0.61796875 0.15625 0.01875 0.02421875
4 0.40859375 0.16328125 0.0234375 0.01875
4 0.28203125 0.234375 0.06171875 0.02578125
4 0.7390625 0.82109375 0.18359375 0.25390625
3 0.13671875 0.36640625 0.01640625 0.07109375
3 0.12109375 0.3734375 0.0171875 0.06484375
4 0.459375 0.14921875 0.0203125 0.0234375
4 0.3328125 0.36875 0.08125 0.0875
4 0.4421875 0.1703125 0.0203125 0.02109375
4 0.91796875 0.76796875 0.16015625 0.26484375
4 0.2046875 0.57421875 0.14453125 0.16484375
4 0.10703125 0.471875 0.16328125 0.15234375