4 0.5828125 0.1375 0.0140625 0.0140625
4 0.46953125 0.1484375 0.01171875 0.01796875
4 0.46171875 0.1546875 0.0140625 0.01796875
4 0.41796875 0.26328125 0.05 0.04765625
4 0.43046875 0.37265625 0.06796875 0.08359375
4 0.4515625 0.1671875 0.01953125 0.0234375
4 0.646875 0.19296875 0.021875 0.02265625
4 0.63984375 0.234375 0.0328125 0.03984375
4 0.4203125 0.19453125 0.028125 0.03125
3 0.08359375 0.40546875 0.0140625 0.08125
4 0.796875 0.49453125 0.12578125 0.13203125
4 0.8765625 0.3015625 0.08671875 0.03359375
4 0.8125 0.2515625 0.0671875 0.02890625
4 0.4046875 0.16796875 0.03046875 0.0171875
4 0.72265625 0.26484375 0.04375 0.04140625