4 0.3328125 0.23828125 0.0109375 0.021875
4 0.9171875 0.2984375 0.1 0.03125
4 0.59375 0.11640625 0.00859375 0.01015625
4 0.58046875 0.11875 0.00859375 0.0125
4 0.4328125 0.16328125 0.02578125 0.01875
4 0.29921875 0.23828125 0.05859375 0.03046875
4 0.675 0.1890625 0.021875 0.02265625
4 0.475 0.165625 0.02734375 0.03125
4 0.59765625 0.12265625 0.00703125 0.0109375
4 0.615625 0.16328125 0.015625 0.01484375
4 0.62109375 0.19453125 0.05546875 0.03125
4 0.84609375 0.2484375 0.07421875 0.03359375
4 0.6625 0.17109375 0.01953125 0.01875
4 0.64921875 0.15703125 0.015625 0.01953125
4 0.63359375 0.14296875 0.0390625 0.03046875
4 0.75 0.259375 0.0453125 0.04375
4 0.6015625 0.1328125 0.01171875 0.0140625
2 0.63671875 0.23046875 0.015625 0.03984375