4 0.24609375 0.3953125 0.034375 0.0359375
4 0.28671875 0.36640625 0.0328125 0.0390625
4 0.30859375 0.340625 0.028125 0.04296875
4 0.38515625 0.31484375 0.0171875 0.02109375
4 0.52421875 0.30390625 0.01171875 0.0140625
4 0.61015625 0.40703125 0.0421875 0.03984375
4 0.13125 0.40859375 0.0765625 0.0390625
4 0.840625 0.61953125 0.125 0.11875
4 0.14765625 0.4640625 0.0578125 0.0546875
4 0.3390625 0.33203125 0.01953125 0.0234375
4 0.35390625 0.325 0.0078125 0.01484375
4 0.35 0.3296875 0.00703125 0.01484375
4 0.171875 0.38046875 0.04375 0.0296875
4 0.5375 0.3046875 0.01015625 0.01171875