4 0.28984375 0.45078125 0.09609375 0.11875
4 0.4609375 0.1578125 0.01875 0.01640625
4 0.57109375 0.109375 0.00859375 0.0140625
4 0.52265625 0.1265625 0.00859375 0.01328125
4 0.48125 0.14140625 0.00703125 0.01171875
4 0.471875 0.14375 0.01171875 0.01484375
4 0.41328125 0.1671875 0.015625 0.02421875
4 0.39765625 0.16640625 0.01484375 0.02109375
4 0.2875 0.23828125 0.03125 0.02734375
2 0.55625 0.14140625 0.00390625 0.01640625
4 0.88671875 0.3015625 0.115625 0.04296875
4 0.446875 0.178125 0.021875 0.01875
4 0.42421875 0.19453125 0.0265625 0.0328125
4 0.50234375 0.13984375 0.01875 0.01640625
4 0.62265625 0.16875 0.01875 0.01640625
4 0.43046875 0.41484375 0.08515625 0.1125
4 0.34609375 0.36875 0.07109375 0.078125
4 0.8078125 0.2515625 0.0796875 0.0296875