4 0.83671875 0.540625 0.11953125 0.10546875
4 0.1640625 0.32734375 0.04140625 0.025
4 0.9359375 0.625 0.12578125 0.11640625
4 0.1640625 0.40625 0.0640625 0.075
4 0.015625 0.390625 0.03125 0.06875
4 0.44609375 0.24453125 0.0234375 0.02890625
4 0.5515625 0.32421875 0.04453125 0.0375
4 0.0796875 0.50859375 0.09921875 0.125
4 0.5234375 0.30234375 0.028125 0.03125
4 0.7609375 0.48671875 0.0890625 0.0796875
3 0.72421875 0.40703125 0.0171875 0.06015625
3 0.5421875 0.33359375 0.01015625 0.0375
4 0.64765625 0.40078125 0.059375 0.0515625
4 0.1296875 0.3046875 0.03359375 0.02890625
4 0.4265625 0.23515625 0.01484375 0.01796875
4 0.51640625 0.29453125 0.03046875 0.02734375
4 0.50546875 0.28515625 0.0265625 0.03515625
4 0.4875 0.2765625 0.02109375 0.0265625
4 0.48046875 0.27109375 0.01640625 0.021875