4 0.41015625 0.16796875 0.02109375 0.01796875
4 0.39609375 0.16796875 0.0125 0.02265625
4 0.453125 0.1671875 0.01875 0.01953125
4 0.4609375 0.20703125 0.04765625 0.02421875
4 0.5796875 0.15234375 0.0171875 0.01640625
4 0.7265625 0.26328125 0.046875 0.04375
4 0.33984375 0.290625 0.0609375 0.06875
4 0.8125 0.246875 0.08671875 0.0359375
4 0.42890625 0.18984375 0.021875 0.02109375
4 0.28515625 0.23984375 0.065625 0.02265625
4 0.628125 0.175 0.0171875 0.0203125
4 0.615625 0.1578125 0.0171875 0.0203125
4 0.44140625 0.175 0.0203125 0.01640625
4 0.5984375 0.178125 0.0203125 0.02265625
3 0.73359375 0.23125 0.01015625 0.025
4 0.88984375 0.29921875 0.10234375 0.0328125
4 0.78984375 0.2375 0.0328125 0.0171875
4 0.58515625 0.12265625 0.0109375 0.01796875
4 0.459375 0.15390625 0.01796875 0.02265625