4 0.4265625 0.28203125 0.05546875 0.06484375
4 0.909375 0.30234375 0.0921875 0.0375
4 0.83046875 0.25234375 0.0734375 0.0296875
4 0.61640625 0.12734375 0.009375 0.0109375
4 0.503125 0.14140625 0.0125 0.015625
4 0.49609375 0.1515625 0.0125 0.01796875
4 0.48984375 0.15625 0.0140625 0.01796875
4 0.48203125 0.1671875 0.01484375 0.015625
4 0.46875 0.17578125 0.01875 0.02109375
4 0.45859375 0.1875 0.0171875 0.0203125
4 0.4296875 0.16640625 0.0203125 0.0171875
4 0.3296875 0.23984375 0.021875 0.01953125
4 0.30546875 0.2421875 0.046875 0.03125
4 0.2390625 0.28359375 0.06328125 0.0359375
4 0.540625 0.15234375 0.02265625 0.02109375
4 0.5984375 0.20234375 0.02890625 0.02890625
4 0.45234375 0.19453125 0.02421875 0.02421875
4 0.653125 0.1671875 0.0171875 0.01484375
4 0.63671875 0.14921875 0.0171875 0.0140625
4 0.67734375 0.19375 0.03125 0.02890625
4 0.66328125 0.2375 0.03984375 0.0375
4 0.74921875 0.26171875 0.05 0.04765625