4 0.6671875 0.17265625 0.01171875 0.0125
0 0.5984375 0.165625 0.034375 0.04765625
3 0.234375 0.31875 0.02265625 0.07109375
3 0.10234375 0.39375 0.02265625 0.07890625
4 0.440625 0.17578125 0.021875 0.0234375
4 0.40546875 0.1671875 0.03359375 0.0171875
4 0.81640625 0.253125 0.071875 0.03515625
4 0.88984375 0.29921875 0.10625 0.0359375
4 0.38984375 0.28515625 0.05546875 0.0625
4 0.39609375 0.39453125 0.08828125 0.08984375
4 0.2640625 0.80859375 0.19296875 0.2875
4 0.459375 0.15546875 0.01875 0.02578125
4 0.6328125 0.17578125 0.01875 0.0234375
4 0.621875 0.16640625 0.01328125 0.0203125
4 0.47109375 0.15 0.00859375 0.0171875
3 0.353125 0.2171875 0.009375 0.02890625
4 0.2859375 0.23984375 0.05546875 0.025