4 0.72265625 0.26640625 0.04296875 0.05
4 0.56875 0.1296875 0.01328125 0.01484375
4 0.453125 0.1671875 0.0203125 0.01875
4 0.459375 0.1546875 0.01953125 0.0234375
4 0.43203125 0.1890625 0.01875 0.02109375
4 0.64296875 0.19140625 0.02421875 0.02578125
4 0.42109375 0.196875 0.02421875 0.02734375
4 0.63125 0.17421875 0.0203125 0.0234375
4 0.43984375 0.1765625 0.0171875 0.0203125
4 0.6171875 0.1578125 0.01640625 0.01953125
4 0.28515625 0.2390625 0.05390625 0.028125
4 0.40625 0.16875 0.03125 0.01875
4 0.60546875 0.15 0.01171875 0.015625
4 0.5859375 0.125 0.01171875 0.01640625
4 0.80390625 0.25078125 0.0609375 0.03203125
4 0.884375 0.30234375 0.096875 0.03984375
4 0.84609375 0.29140625 0.05859375 0.03671875