4 0.228125 0.759375 0.171875 0.24765625
4 0.75 0.43828125 0.0453125 0.0484375
4 0.6984375 0.34765625 0.0171875 0.0203125
4 0.78125 0.40546875 0.03671875 0.03359375
4 0.7953125 0.42109375 0.03515625 0.03203125
4 0.6796875 0.3953125 0.0265625 0.02890625
4 0.36484375 0.465625 0.065625 0.06875
4 0.48203125 0.39921875 0.01953125 0.03515625
4 0.71328125 0.35625 0.021875 0.02734375
4 0.66796875 0.32890625 0.01875 0.02109375
4 0.7984375 0.60546875 0.08515625 0.08984375
4 0.04921875 0.65 0.09765625 0.13359375
4 0.8125 0.434375 0.03828125 0.0390625
4 0.35625 0.40625 0.04140625 0.0453125
4 0.7375 0.3828125 0.01640625 0.01953125
4 0.74453125 0.3890625 0.0140625 0.01875
4 0.76328125 0.3953125 0.02421875 0.0296875