4 0.94375 0.5359375 0.0765625 0.0703125
4 0.90234375 0.503125 0.059375 0.046875
4 0.74765625 0.43359375 0.0421875 0.0375
4 0.68125 0.4078125 0.02890625 0.03203125
4 0.790625 0.415625 0.0296875 0.0296875
4 0.78125 0.40625 0.03125 0.03125
4 0.76796875 0.4 0.02890625 0.02890625
4 0.740625 0.40390625 0.02890625 0.03359375
4 0.6703125 0.3859375 0.02421875 0.02734375
4 0.70703125 0.353125 0.015625 0.01953125
4 0.71484375 0.359375 0.01640625 0.01875
4 0.73828125 0.37421875 0.02578125 0.025
4 0.8328125 0.50703125 0.06484375 0.06875
4 0.69453125 0.4390625 0.0421875 0.05078125
4 0.8078125 0.428125 0.03828125 0.0296875
4 0.628125 0.4 0.034375 0.02890625
4 0.63828125 0.446875 0.04140625 0.04375
4 0.73046875 0.5 0.05859375 0.0625
4 0.67578125 0.58828125 0.075 0.08515625
4 0.809375 0.6125 0.090625 0.09609375
4 0.98125 0.590625 0.03515625 0.08515625