3 0.66484375 0.28125 0.0140625 0.0375
4 0.64453125 0.3328125 0.05 0.05234375
4 0.61875 0.3578125 0.05703125 0.05078125
4 0.56640625 0.38203125 0.06875 0.06015625
4 0.5140625 0.41640625 0.0859375 0.06171875
4 0.44765625 0.453125 0.103125 0.07265625
3 0.6984375 0.28046875 0.0109375 0.03203125
3 0.0734375 0.55 0.02734375 0.10390625
3 0.815625 0.215625 0.00546875 0.01484375
4 0.3703125 0.49765625 0.13046875 0.10078125
4 0.865625 0.24296875 0.02890625 0.0265625
4 0.82265625 0.23046875 0.02265625 0.02265625
4 0.67578125 0.31953125 0.046875 0.04375