4 0.67109375 0.36875 0.06796875 0.05390625
1 0.75 0.23828125 0.015625 0.06328125
4 0.82109375 0.23515625 0.02265625 0.025
4 0.5265625 0.47578125 0.096875 0.0828125
4 0.52734375 0.409375 0.084375 0.05390625
4 0.56796875 0.38125 0.0703125 0.05859375
4 0.6421875 0.334375 0.05546875 0.0484375
4 0.6765625 0.31640625 0.04609375 0.04140625
4 0.75078125 0.29765625 0.03828125 0.04140625
4 0.81875 0.30546875 0.03828125 0.04375
4 0.68515625 0.44765625 0.08359375 0.0875
4 0.6125 0.54609375 0.11953125 0.10390625
4 0.18515625 0.76015625 0.22578125 0.19609375
4 0.25859375 0.96171875 0.23046875 0.07265625
4 0.44453125 0.45390625 0.10546875 0.07734375
3 0.63671875 0.28828125 0.01171875 0.03984375
3 0.61953125 0.29921875 0.0140625 0.04765625