4 0.334375 0.34375 0.01953125 0.01953125
4 0.76953125 0.39609375 0.0296875 0.025
4 0.98125 0.5921875 0.034375 0.07421875
4 0.68984375 0.41953125 0.0328125 0.04375
4 0.80546875 0.4296875 0.03984375 0.03671875
4 0.90234375 0.50390625 0.0640625 0.05078125
4 0.94140625 0.53671875 0.07734375 0.07109375
4 0.78984375 0.415625 0.03359375 0.02890625
4 0.75546875 0.38828125 0.02890625 0.0296875
4 0.7375 0.37578125 0.0234375 0.0234375
4 0.71328125 0.35859375 0.01796875 0.01796875
4 0.70625 0.3546875 0.015625 0.0203125