4 0.7546875 0.3875 0.02578125 0.025
4 0.65703125 0.515625 0.05546875 0.06875
4 0.459375 0.440625 0.03984375 0.04453125
4 0.28828125 0.70703125 0.128125 0.18515625
4 0.02578125 0.809375 0.05078125 0.15234375
4 0.8703125 0.70546875 0.13828125 0.146875
4 0.75 0.51875 0.06484375 0.071875
4 0.328125 0.49609375 0.06328125 0.0703125
4 0.26953125 0.91328125 0.1703125 0.16875
4 0.77578125 0.91796875 0.153125 0.16015625
4 0.47109375 0.409375 0.0359375 0.0453125
4 0.3890625 0.553125 0.0765625 0.09765625
4 0.71484375 0.359375 0.0234375 0.02265625
4 0.63125 0.43515625 0.040625 0.04609375
4 0.284375 0.45546875 0.06796875 0.059375
4 0.471875 0.36015625 0.01953125 0.01640625
4 0.45625 0.371875 0.00859375 0.01015625
4 0.3796875 0.40546875 0.04140625 0.02734375
4 0.7953125 0.4828125 0.0515625 0.0484375
4 0.42109375 0.4890625 0.04765625 0.065625
4 0.9703125 0.5640625 0.05625 0.0640625
4 0.94921875 0.6625 0.09921875 0.134375
3 0.31640625 0.37734375 0.01015625 0.025
3 0.1859375 0.440625 0.0140625 0.03125
3 0.08359375 0.478125 0.0171875 0.06484375
4 0.78359375 0.40859375 0.04453125 0.03359375
4 0.7671875 0.396875 0.03125 0.02890625
4 0.7421875 0.37890625 0.01796875 0.025
4 0.7015625 0.35 0.015625 0.01875
4 0.696875 0.34453125 0.01875 0.02421875
4 0.678125 0.3359375 0.0171875 0.01875
4 0.8984375 0.50234375 0.0640625 0.0609375
4 0.68984375 0.428125 0.03515625 0.0390625