4 0.1671875 0.70546875 0.29140625 0.15625
4 0.49140625 0.5046875 0.11015625 0.11484375
4 0.59296875 0.421875 0.09375 0.0765625
4 0.61875 0.35546875 0.05859375 0.04765625
4 0.446875 0.45390625 0.1078125 0.07109375
4 0.646875 0.334375 0.0546875 0.04921875
4 0.5234375 0.41171875 0.0765625 0.0640625
4 0.5703125 0.37265625 0.075 0.03828125
3 0.50390625 0.33671875 0.01171875 0.0390625
3 0.4828125 0.35078125 0.01484375 0.05625
4 0.8359375 0.22421875 0.01875 0.02109375
1 0.74921875 0.23359375 0.01484375 0.04921875
4 0.36015625 0.5078125 0.1296875 0.1046875
3 0.5 0.35546875 0.015625 0.0515625
3 0.51796875 0.3515625 0.01484375 0.0609375
4 0.6765625 0.3140625 0.04453125 0.04375