4 0.37109375 0.2890625 0.034375 0.03203125
4 0.54609375 0.3765625 0.05078125 0.05
4 0.49453125 0.64921875 0.11953125 0.14375
4 0.44453125 0.3265625 0.0359375 0.04765625
4 0.66796875 0.52109375 0.0953125 0.08828125
4 0.4765625 0.30625 0.03359375 0.0390625
4 0.43359375 0.2640625 0.02421875 0.028125
4 0.4671875 0.38125 0.04921875 0.04921875
4 0.60625 0.584375 0.11015625 0.10625
4 0.9671875 0.859375 0.0625 0.14375
3 0.86171875 0.49765625 0.02109375 0.07890625
3 0.91796875 0.55546875 0.01875 0.06015625
0 0.5015625 0.275 0.0578125 0.06484375