4 0.28203125 0.66328125 0.25390625 0.21875
4 0.81875 0.2359375 0.01953125 0.02265625
4 0.58203125 0.37890625 0.07421875 0.05859375
4 0.615625 0.3515625 0.065625 0.06171875
4 0.64765625 0.33125 0.05234375 0.04609375
4 0.72109375 0.33515625 0.053125 0.04921875
4 0.7609375 0.3015625 0.03984375 0.03671875
3 0.85546875 0.62890625 0.034375 0.14140625
3 0.78359375 0.2375 0.009375 0.0375
3 0.7734375 0.23984375 0.009375 0.03359375
4 0.5265625 0.41171875 0.08203125 0.059375
4 0.45078125 0.45234375 0.09765625 0.06796875
4 0.37109375 0.49453125 0.12890625 0.10625
4 0.83984375 0.296875 0.0359375 0.04765625
4 0.70234375 0.40859375 0.06953125 0.07109375
4 0.61015625 0.57890625 0.109375 0.125