4 0.484375 0.27265625 0.02109375 0.02265625
4 0.93671875 0.62578125 0.12421875 0.1234375
4 0.43515625 0.321875 0.03828125 0.04375
4 0.75703125 0.48125 0.0984375 0.0734375
4 0.5359375 0.3125 0.0328125 0.03046875
4 0.52421875 0.303125 0.0296875 0.028125
4 0.44765625 0.24765625 0.01640625 0.01796875
4 0.45625 0.253125 0.01953125 0.0234375
4 0.8359375 0.5328125 0.12109375 0.09921875
4 0.55078125 0.3234375 0.03671875 0.03203125
4 0.425 0.23359375 0.0140625 0.01484375
4 0.440625 0.24140625 0.0171875 0.01640625
4 0.49375 0.2796875 0.025 0.02578125
4 0.5078125 0.28671875 0.0234375 0.02890625
4 0.51875 0.29609375 0.0296875 0.0296875