4 0.77734375 0.475 0.0765625 0.07109375
4 0.946875 0.75078125 0.10390625 0.15234375
4 0.07734375 0.775 0.1546875 0.22890625
4 0.696875 0.41953125 0.05234375 0.04375
4 0.58828125 0.34296875 0.0234375 0.0265625
4 0.30703125 0.34140625 0.02734375 0.04609375
4 0.33671875 0.33515625 0.0171875 0.01953125
4 0.14453125 0.46875 0.059375 0.0546875
4 0.753125 0.53984375 0.0890625 0.0859375
4 0.5375 0.32734375 0.04140625 0.046875
4 0.275 0.378125 0.02578125 0.02578125
4 0.13125 0.40703125 0.07734375 0.03671875
4 0.49453125 0.3203125 0.0140625 0.01640625
4 0.24609375 0.39375 0.0328125 0.03359375
4 0.20625 0.42578125 0.0421875 0.04609375
4 0.48046875 0.3328125 0.01796875 0.02578125
4 0.17890625 0.44140625 0.04375 0.04453125
4 0.553125 0.35 0.01953125 0.01875
4 0.578125 0.378125 0.03125 0.034375
4 0.60859375 0.40546875 0.03359375 0.040625
4 0.6421875 0.384375 0.03046875 0.03359375