4 0.275 0.3734375 0.02578125 0.0265625
4 0.39921875 0.37109375 0.03125 0.03203125
4 0.1296875 0.40390625 0.07734375 0.03984375
4 0.31015625 0.34609375 0.02578125 0.0265625
4 0.75 0.39296875 0.090625 0.09765625
4 0.11953125 0.55390625 0.11640625 0.14609375
4 0.38359375 0.33671875 0.021875 0.02578125
4 0.04140625 0.90546875 0.08203125 0.18515625
4 0.53984375 0.30703125 0.01640625 0.0125
4 0.3359375 0.334375 0.01875 0.01953125
4 0.2921875 0.36328125 0.02734375 0.0265625
4 0.265625 0.3546875 0.0359375 0.02578125
4 0.17421875 0.38203125 0.04296875 0.0234375
4 0.50703125 0.28359375 0.0109375 0.0140625
4 0.24375 0.39453125 0.03359375 0.0359375