4 0.4671875 0.4578125 0.10703125 0.08046875
4 0.375 0.5109375 0.13125 0.10703125
4 0.86171875 0.39375 0.059375 0.06640625
4 0.68984375 0.3328125 0.046875 0.03203125
4 0.62265625 0.36796875 0.0578125 0.046875
4 0.65859375 0.34921875 0.0546875 0.0453125
4 0.5765625 0.39375 0.06796875 0.0546875
4 0.8203125 0.25234375 0.02421875 0.02109375
4 0.51640625 0.4296875 0.06640625 0.0546875
4 0.87265625 0.365625 0.03359375 0.05234375
4 0.8828125 0.3484375 0.0296875 0.04375
4 0.8890625 0.33671875 0.034375 0.04296875
4 0.83359375 0.246875 0.01953125 0.02421875
4 0.840625 0.24375 0.015625 0.0203125
4 0.8484375 0.23515625 0.0171875 0.025