1 0.11171875 0.56171875 0.05390625 0.178125
1 0.4140625 0.31484375 0.01015625 0.04609375
1 0.4984375 0.26015625 0.00859375 0.02890625
1 0.6734375 0.22109375 0.00625 0.025
1 0.628125 0.259375 0.0109375 0.0296875
1 0.59453125 0.27734375 0.01328125 0.03671875
1 0.5734375 0.30390625 0.015625 0.05
1 0.5265625 0.34375 0.01875 0.0625
1 0.49296875 0.38203125 0.0171875 0.06015625
1 0.459375 0.39296875 0.01875 0.05625
1 0.68203125 0.21171875 0.0078125 0.0234375
1 0.6984375 0.196875 0.01015625 0.01484375
1 0.41015625 0.42890625 0.02421875 0.07109375
1 0.59296875 0.22890625 0.02578125 0.03046875
1 0.359375 0.45703125 0.028125 0.07734375
1 0.26953125 0.50234375 0.03671875 0.09140625
1 0.21015625 0.53828125 0.034375 0.09765625
4 0.65 0.29921875 0.0546875 0.05625
4 0.471875 0.475 0.128125 0.11640625
1 0.00546875 0.540625 0.0109375 0.0375
1 0.0359375 0.58046875 0.071875 0.1453125
1 0.55234375 0.2609375 0.0515625 0.10078125
1 0.2703125 0.38671875 0.0125 0.053125