4 0.6109375 0.43828125 0.090625 0.08984375
3 0.715625 0.29609375 0.01171875 0.04140625
4 0.45078125 0.45 0.10078125 0.07265625
4 0.58046875 0.84375 0.28828125 0.23359375
4 0.8640625 0.359375 0.04453125 0.0484375
4 0.82421875 0.23359375 0.01875 0.02109375
4 0.8515625 0.36171875 0.0015625 0.00234375
4 0.84765625 0.3890625 0.053125 0.07421875
4 0.65078125 0.3390625 0.0515625 0.0421875
4 0.615625 0.35625 0.0546875 0.04609375
4 0.371875 0.50234375 0.1359375 0.0953125
4 0.8765625 0.33671875 0.03203125 0.04375
4 0.9015625 0.2625 0.01328125 0.04140625
4 0.80234375 0.24296875 0.021875 0.02734375