1 0.325 0.415625 0.00625 0.04296875
3 0.61015625 0.434375 0.01640625 0.0703125
1 0.43828125 0.37421875 0.009375 0.034375
3 0.66875 0.45625 0.02265625 0.07890625
3 0.70703125 0.46640625 0.01953125 0.07890625
1 0.44921875 0.5359375 0.01640625 0.06953125
3 0.64375 0.4484375 0.01640625 0.0703125
1 0.42734375 0.36875 0.009375 0.03203125
1 0.39921875 0.35859375 0.00703125 0.028125
1 0.4078125 0.36171875 0.00859375 0.03203125
4 0.9421875 0.52109375 0.1125 0.0875
1 0.41796875 0.3640625 0.0078125 0.03125
4 0.06484375 0.37734375 0.06015625 0.034375
3 0.62734375 0.43671875 0.01640625 0.0828125
1 0.39921875 0.48828125 0.0125 0.0578125
1 0.3546875 0.4453125 0.01015625 0.04765625