1 0.39140625 0.359375 0.00859375 0.03046875
1 0.29765625 0.31640625 0.0046875 0.01484375
1 0.29296875 0.31484375 0.0046875 0.01484375
4 0.0125 0.49375 0.025 0.08125
4 0.0109375 0.43671875 0.02109375 0.02734375
4 0.053125 0.4375 0.03203125 0.0453125
4 0.05625 0.41875 0.04453125 0.05546875
4 0.05625 0.396875 0.03671875 0.0359375
4 0.06640625 0.3765625 0.06484375 0.0375
4 0.634375 0.41796875 0.0875 0.07421875
4 0.27109375 0.41796875 0.0625 0.07734375
1 0.42890625 0.37421875 0.00859375 0.03046875
1 0.2890625 0.31484375 0.0046875 0.01484375
1 0.321875 0.4234375 0.00703125 0.04375
1 0.3578125 0.45625 0.01015625 0.05234375
1 0.41484375 0.509375 0.0078125 0.06015625
4 0.57421875 0.4046875 0.0640625 0.05078125
1 0.3859375 0.35546875 0.00859375 0.03046875
1 0.41796875 0.36875 0.00859375 0.03046875
1 0.4078125 0.3640625 0.00859375 0.03046875
1 0.3984375 0.3625 0.00859375 0.03046875