3 0.6921875 0.46328125 0.02421875 0.08125
4 0.30546875 0.4453125 0.0625 0.07109375
4 0.33828125 0.49765625 0.084375 0.084375
1 0.42734375 0.36640625 0.00859375 0.03046875
1 0.3984375 0.35546875 0.009375 0.028125
1 0.38359375 0.346875 0.0078125 0.02734375
4 0.671875 0.86875 0.284375 0.25859375
4 0.79609375 0.725 0.22890625 0.2125
1 0.45078125 0.5328125 0.01171875 0.0703125
1 0.396875 0.48671875 0.0109375 0.053125
1 0.35390625 0.4390625 0.00625 0.03984375
1 0.4078125 0.3609375 0.00859375 0.02734375
1 0.41875 0.36328125 0.00859375 0.03046875
4 0.4171875 0.609375 0.03515625 0.12265625
4 0.06953125 0.37421875 0.065625 0.04375
1 0.4375 0.371875 0.00859375 0.03046875
3 0.61484375 0.43359375 0.01953125 0.075