4 0.83671875 0.24375 0.01796875 0.021875
4 0.55 0.41015625 0.03125 0.04453125
4 0.709375 0.32734375 0.0125 0.02734375
4 0.83046875 0.25 0.01875 0.01953125
4 0.81796875 0.25390625 0.02734375 0.02265625
4 0.88359375 0.35078125 0.03203125 0.0546875
4 0.68828125 0.33359375 0.03984375 0.03828125
4 0.58203125 0.39375 0.0703125 0.05390625
4 0.79296875 0.26796875 0.03125 0.0296875
4 0.46875 0.45859375 0.11015625 0.08828125
4 0.88125 0.27109375 0.0296875 0.025
4 0.8609375 0.3859375 0.0546875 0.0640625
4 0.3734375 0.51171875 0.13125 0.10625
4 0.5140625 0.428125 0.06484375 0.0640625
4 0.6578125 0.35 0.05703125 0.04921875
4 0.6234375 0.36953125 0.05546875 0.0484375
3 0.5140625 0.37109375 0.0171875 0.05
3 0.55859375 0.35 0.01875 0.04609375
3 0.25390625 0.490625 0.015625 0.06015625
3 0.28515625 0.49140625 0.01171875 0.08359375