4 0.94140625 0.52421875 0.11328125 0.10625
4 0.81328125 0.47109375 0.1265625 0.1
4 0.4765625 0.43046875 0.07265625 0.07265625
4 0.2078125 0.321875 0.01796875 0.02265625
4 0.26015625 0.38828125 0.04453125 0.0609375
4 0.22734375 0.346875 0.03046875 0.02890625
4 0.05859375 0.4078125 0.04375 0.04609375
4 0.03828125 0.459375 0.06640625 0.0359375
1 0.35390625 0.44765625 0.00546875 0.03359375
4 0.0265625 0.51171875 0.05234375 0.10234375
4 0.0046875 0.5453125 0.009375 0.08125
1 0.40859375 0.3625 0.01015625 0.02734375
1 0.3984375 0.35859375 0.01015625 0.02734375
1 0.43828125 0.37421875 0.01015625 0.02734375
1 0.42734375 0.36875 0.01015625 0.02734375
1 0.4171875 0.365625 0.01015625 0.02734375
1 0.3984375 0.4875 0.00703125 0.05
1 0.44921875 0.53046875 0.00546875 0.06484375
4 0.02421875 0.38515625 0.00546875 0.00859375
4 0.06640625 0.375 0.059375 0.04609375