4 0.5265625 0.4125 0.0828125 0.065625
4 0.84375 0.38359375 0.0546875 0.0609375
4 0.57421875 0.74921875 0.159375 0.18125
4 0.8 0.28125 0.03671875 0.0375
4 0.675 0.31875 0.04296875 0.040625
4 0.87578125 0.33515625 0.03046875 0.03984375
4 0.88125 0.3203125 0.03984375 0.04921875
4 0.90234375 0.265625 0.0125 0.034375
4 0.71953125 0.35 0.05390625 0.05546875
4 0.64921875 0.33203125 0.0546875 0.05
4 0.61640625 0.3546875 0.06171875 0.065625
4 0.859375 0.35859375 0.05 0.05078125
4 0.44921875 0.4546875 0.1015625 0.078125
4 0.5796875 0.3796875 0.07734375 0.0578125
4 0.8078125 0.23984375 0.02578125 0.021875
4 0.36875 0.49765625 0.12109375 0.1046875