1 0.68671875 0.2125 0.01015625 0.02890625
1 0.00390625 0.5484375 0.0078125 0.015625
1 0.46015625 0.40625 0.01953125 0.0625
1 0.49375 0.38046875 0.01875 0.05625
1 0.49921875 0.25390625 0.00703125 0.01640625
1 0.36015625 0.45625 0.02421875 0.08359375
1 0.27109375 0.49765625 0.028125 0.08359375
1 0.57421875 0.30546875 0.0125 0.04375
1 0.2109375 0.5375 0.0328125 0.09609375
1 0.621875 0.19921875 0.01953125 0.0390625
1 0.6375 0.2390625 0.0140625 0.06484375
1 0.55625 0.26015625 0.06171875 0.10390625
1 0.41484375 0.31640625 0.01484375 0.0453125
1 0.2703125 0.38515625 0.01484375 0.0453125
1 0.11484375 0.55078125 0.05 0.1546875
1 0.03671875 0.571875 0.0734375 0.13125
1 0.675 0.22265625 0.00859375 0.02734375
1 0.628125 0.2609375 0.009375 0.03203125
1 0.59453125 0.28125 0.0125 0.03671875
1 0.003125 0.52890625 0.00546875 0.0125
1 0.4125 0.43203125 0.02109375 0.07265625
1 0.6984375 0.19765625 0.01015625 0.01640625
1 0.528125 0.34609375 0.01953125 0.05859375