4 0.57109375 0.403125 0.06875 0.04765625
1 0.39140625 0.3609375 0.00703125 0.0296875
1 0.39921875 0.3625 0.00703125 0.0296875
1 0.40859375 0.36484375 0.00703125 0.0296875
1 0.41875 0.37109375 0.00703125 0.02890625
1 0.42890625 0.3734375 0.00703125 0.02890625
4 0.2140625 0.334375 0.0328125 0.03125
1 0.384375 0.35390625 0.00703125 0.0296875
4 0.6421875 0.41484375 0.0765625 0.0671875
4 0.33671875 0.3125 0.0359375 0.04140625
4 0.065625 0.37734375 0.06875 0.0375
4 0.0578125 0.440625 0.02890625 0.053125
4 0.02578125 0.45390625 0.05078125 0.08984375
1 0.3234375 0.42265625 0.00859375 0.04765625
1 0.3578125 0.45625 0.0078125 0.05234375
1 0.4140625 0.51015625 0.01171875 0.06484375