1 0.3546875 0.45 0.00703125 0.0375
4 0.08203125 0.384375 0.0828125 0.04296875
4 0.38203125 0.415625 0.059375 0.05625
4 0.915625 0.70546875 0.16640625 0.16015625
4 0.67578125 0.89140625 0.2796875 0.2125
4 0.95703125 0.88671875 0.08203125 0.08515625
4 0.66953125 0.371875 0.0703125 0.0484375
4 0.76640625 0.45 0.10234375 0.075
4 0.55390625 0.38984375 0.0703125 0.0484375
4 0.05 0.553125 0.096875 0.12421875
3 0.959375 0.57734375 0.03515625 0.09609375
3 0.67265625 0.44921875 0.015625 0.06484375
1 0.40859375 0.36171875 0.00859375 0.0296875
1 0.32421875 0.41796875 0.00703125 0.03515625
1 0.4390625 0.3703125 0.00859375 0.0296875
1 0.42734375 0.36640625 0.00859375 0.0296875
1 0.41875 0.365625 0.00859375 0.0296875
1 0.39921875 0.35546875 0.00859375 0.0296875
1 0.45 0.53359375 0.01171875 0.06640625
1 0.39765625 0.48671875 0.00859375 0.05234375
4 0.01484375 0.49765625 0.0296875 0.08984375
4 0.06171875 0.4078125 0.0515625 0.0546875
4 0.51484375 0.3375 0.03828125 0.034375
4 0.5734375 0.3515625 0.04609375 0.04296875
4 0.62578125 0.36171875 0.04921875 0.0421875
4 0.5109375 0.3796875 0.0515625 0.04609375
4 0.87578125 0.49140625 0.14296875 0.10078125
4 0.29375 0.35390625 0.03125 0.04140625
4 0.34765625 0.35390625 0.03828125 0.04140625