4 0.56953125 0.3765625 0.0734375 0.0546875
4 0.64609375 0.33203125 0.05703125 0.05234375
4 0.67734375 0.31640625 0.04609375 0.0421875
4 0.86640625 0.27890625 0.0390625 0.0359375
4 0.878125 0.30859375 0.0484375 0.040625
4 0.5921875 0.44375 0.0984375 0.09609375
4 0.734375 0.28515625 0.05703125 0.04609375
4 0.1296875 0.665625 0.259375 0.165625
4 0.18828125 0.903125 0.3765625 0.18984375
4 0.44609375 0.4515625 0.1046875 0.0796875
4 0.8203125 0.23671875 0.02421875 0.021875
4 0.51953125 0.41171875 0.0875 0.06328125
4 0.61953125 0.35859375 0.0609375 0.04921875