4 0.60546875 0.3375 0.05625 0.0453125
4 0.43046875 0.334375 0.05625 0.05859375
4 0.44609375 0.28515625 0.04453125 0.0453125
4 0.290625 0.21015625 0.01875 0.0171875
4 0.41328125 0.265625 0.03515625 0.03671875
4 0.2546875 0.2015625 0.01796875 0.01953125
4 0.33125 0.2484375 0.0234375 0.02890625
4 0.34765625 0.2796875 0.03203125 0.046875
4 0.64140625 0.40625 0.06953125 0.0765625
4 0.55234375 0.4203125 0.14375 0.17109375
4 0.75078125 0.4421875 0.17734375 0.17109375
4 0.75234375 0.60546875 0.16328125 0.1765625
4 0.3921875 0.1875 0.021875 0.025
4 0.2015625 0.2234375 0.028125 0.028125
4 0.34921875 0.3140625 0.04921875 0.0546875
4 0.71796875 0.734375 0.22890625 0.2265625
4 0.278125 0.23359375 0.025 0.02890625
4 0.928125 0.6125 0.140625 0.14140625
4 0.19609375 0.17734375 0.0140625 0.02109375
4 0.375 0.20703125 0.02265625 0.025
4 0.3671875 0.23828125 0.01484375 0.02421875
4 0.3859375 0.2453125 0.02421875 0.0328125
4 0.42109375 0.234375 0.01796875 0.02421875
4 0.4 0.2546875 0.0234375 0.03046875
0 0.29140625 0.16015625 0.0203125 0.025
4 0.2984375 0.16953125 0.01171875 0.0125
4 0.34296875 0.17265625 0.0140625 0.015625
4 0.3140625 0.17578125 0.01640625 0.01796875
4 0.22734375 0.17578125 0.01328125 0.01640625
4 0.21953125 0.18359375 0.01484375 0.01796875
4 0.27734375 0.196875 0.01640625 0.01875
4 0.24609375 0.1859375 0.01796875 0.01953125
4 0.22734375 0.1953125 0.01875 0.01796875
4 0.21171875 0.209375 0.01875 0.03125
4 0.48671875 0.30703125 0.04453125 0.04453125
4 0.50703125 0.32734375 0.05234375 0.04375
0 0.52578125 0.24375 0.09609375 0.0796875
1 0.65625 0.27890625 0.01171875 0.03359375
3 0.23203125 0.803125 0.03515625 0.14765625
3 0.1078125 0.415625 0.02265625 0.07734375
3 0.946875 0.39609375 0.015625 0.075
3 0.74140625 0.31640625 0.0140625 0.05859375
3 0.69765625 0.290625 0.01171875 0.05625
3 0.1046875 0.71015625 0.0359375 0.14375
3 0.065625 0.71171875 0.04375 0.14375
4 0.546875 0.28828125 0.05 0.0359375