4 0.8421875 0.80546875 0.2546875 0.19765625
4 0.46640625 0.49375 0.08984375 0.07578125
4 0.35859375 0.41015625 0.05 0.05390625
4 0.2421875 0.29453125 0.02734375 0.03984375
4 0.0640625 0.38203125 0.07421875 0.0375
4 0.95234375 0.746875 0.09296875 0.17578125
4 0.284375 0.35078125 0.02890625 0.03359375
4 0.49140625 0.44765625 0.07109375 0.059375
4 0.315625 0.38203125 0.04140625 0.04296875
4 0.29921875 0.3375 0.0265625 0.025
3 0.60078125 0.43046875 0.021875 0.0828125
3 0.6203125 0.446875 0.01796875 0.06796875
1 0.34765625 0.45625 0.01171875 0.04609375
1 0.44453125 0.54296875 0.01171875 0.06015625
1 0.428125 0.37578125 0.00703125 0.028125
1 0.41875 0.37109375 0.00703125 0.028125
1 0.4109375 0.36875 0.00703125 0.028125
1 0.4 0.36328125 0.00703125 0.028125
1 0.39296875 0.36171875 0.00703125 0.028125
1 0.9953125 0.45234375 0.00703125 0.08359375
1 0.390625 0.49296875 0.00859375 0.05625
3 0.66640625 0.45625 0.01953125 0.07109375
3 0.70546875 0.465625 0.01875 0.08125
3 0.74921875 0.48828125 0.02421875 0.09765625
3 0.8890625 0.54453125 0.028125 0.11015625
4 0.22265625 0.353125 0.0296875 0.03125
4 0.6671875 0.55078125 0.12890625 0.09375