1 0.4 0.36796875 0.00625 0.0296875
4 0.24296875 0.30859375 0.0171875 0.01640625
4 0.06875 0.38203125 0.0609375 0.04375
1 0.3921875 0.3640625 0.00625 0.028125
1 0.38515625 0.359375 0.00625 0.0265625
4 0.2328125 0.371875 0.0328125 0.034375
4 0.04765625 0.41875 0.034375 0.0421875
4 0.0390625 0.44296875 0.04609375 0.059375
1 0.42890625 0.38046875 0.00625 0.03046875
1 0.3765625 0.3546875 0.00625 0.0265625
4 0.3375 0.503125 0.078125 0.10625
1 0.41875 0.37578125 0.00625 0.03046875
1 0.32109375 0.41953125 0.00546875 0.01875
4 0.21640625 0.3453125 0.02578125 0.03515625
4 0.38359375 0.5734375 0.1015625 0.11171875
4 0.24296875 0.38828125 0.034375 0.040625
4 0.25078125 0.40234375 0.034375 0.046875
4 0.27578125 0.43203125 0.0453125 0.0640625
4 0.87734375 0.71484375 0.24296875 0.1625
4 0.3015625 0.46171875 0.06796875 0.0875
1 0.40859375 0.371875 0.00625 0.03046875
4 0.4375 0.4453125 0.0734375 0.05859375
3 0.19296875 0.79453125 0.0625 0.17734375
1 0.41640625 0.52109375 0.00859375 0.0625
1 0.35703125 0.453125 0.00703125 0.03125