4 0.5875 0.71484375 0.071875 0.08203125
4 0.38359375 0.95078125 0.07421875 0.09375
1 0.303125 0.62734375 0.01328125 0.04140625
1 0.27734375 0.63828125 0.0125 0.04296875
1 0.265625 0.64140625 0.01015625 0.04765625
4 0.70546875 0.665625 0.0328125 0.034375
4 0.71484375 0.68515625 0.04375 0.0375
4 0.709375 0.71640625 0.0484375 0.04375
4 0.6359375 0.621875 0.04140625 0.02265625
4 0.63046875 0.659375 0.04609375 0.0640625
4 0.61015625 0.66953125 0.059375 0.0703125
4 0.60859375 0.6953125 0.0546875 0.06875
4 0.615625 0.56015625 0.02265625 0.0359375
4 0.60546875 0.5625 0.021875 0.03203125
4 0.590625 0.575 0.02109375 0.0484375
4 0.565625 0.578125 0.04609375 0.04453125
4 0.5234375 0.596875 0.05 0.05
3 0.06953125 0.7015625 0.01875 0.078125
1 0.209375 0.859375 0.02890625 0.0953125
4 0.13203125 0.83203125 0.1140625 0.10234375
1 0.2171875 0.853125 0.0203125 0.0796875
1 0.0171875 0.96328125 0.034375 0.06875
1 0.0484375 0.6859375 0.02578125 0.1125
1 0.0046875 0.990625 0.009375 0.0125
1 0.09921875 0.903125 0.04296875 0.05625
4 0.26953125 0.74609375 0.08125 0.10703125
4 0.34296875 0.70703125 0.07578125 0.075
4 0.33515625 0.6609375 0.06015625 0.06015625
4 0.4140625 0.665625 0.06015625 0.06796875
4 0.5734375 0.63515625 0.0578125 0.071875
4 0.3921875 0.62421875 0.0515625 0.05234375
4 0.4578125 0.65 0.05 0.09140625
4 0.62578125 0.84921875 0.07578125 0.084375
4 0.68203125 0.75703125 0.0796875 0.10390625
4 0.39375 0.7609375 0.07109375 0.10703125
4 0.13515625 0.66796875 0.1171875 0.1265625