1 0.4375 0.3734375 0.0078125 0.028125
1 0.40078125 0.3609375 0.0078125 0.028125
1 0.446875 0.53359375 0.02421875 0.07109375
1 0.3984375 0.48515625 0.00703125 0.05
4 0.27265625 0.31484375 0.021875 0.02265625
1 0.35390625 0.44453125 0.00546875 0.04375
1 0.39609375 0.3546875 0.0078125 0.028125
1 0.32578125 0.41875 0.00703125 0.04140625
4 0.94375 0.51953125 0.109375 0.09765625
4 0.25078125 0.3203125 0.021875 0.0296875
1 0.40703125 0.3625 0.0078125 0.028125
4 0.06640625 0.37578125 0.05234375 0.034375
1 0.41875 0.3671875 0.0078125 0.028125
1 0.42578125 0.36875 0.0078125 0.028125