4 0.009375 0.553125 0.01875 0.08984375
4 0.00625 0.62890625 0.0125 0.10390625
1 0.39375 0.48671875 0.00859375 0.05234375
1 0.34921875 0.4375 0.00546875 0.025
1 0.42421875 0.36953125 0.00859375 0.0265625
1 0.415625 0.3671875 0.00859375 0.0265625
1 0.40625 0.3625 0.00859375 0.0265625
1 0.39609375 0.35703125 0.009375 0.0265625
1 0.43515625 0.37265625 0.00703125 0.02265625
1 0.44765625 0.53125 0.00859375 0.06640625
4 0.56015625 0.39375 0.06953125 0.05
4 0.2921875 0.421875 0.05234375 0.05859375
4 0.3375 0.4953125 0.08984375 0.10390625
4 0.2109375 0.32734375 0.02109375 0.02578125
4 0.25234375 0.303125 0.01640625 0.01796875
4 0.275 0.3171875 0.02265625 0.0265625
4 0.2328125 0.346875 0.028125 0.03203125
4 0.36953125 0.5625 0.09609375 0.1203125
4 0.240625 0.29921875 0.01015625 0.01796875
4 0.06015625 0.39609375 0.0390625 0.05625
4 0.05234375 0.421875 0.034375 0.06015625
4 0.034375 0.43828125 0.0453125 0.05234375
4 0.015625 0.46015625 0.0296875 0.0578125
4 0.01484375 0.50546875 0.0296875 0.09765625