3 0.0578125 0.88046875 0.03515625 0.16015625
3 0.01640625 0.92734375 0.0328125 0.14140625
3 0.00390625 0.984375 0.0078125 0.025
3 0.525 0.74765625 0.0328125 0.15
3 0.12578125 0.94765625 0.04453125 0.1
3 0.55234375 0.76484375 0.03046875 0.10234375
3 0.08359375 0.97578125 0.04453125 0.04296875
3 0.115625 0.83359375 0.05078125 0.1453125
1 0.42265625 0.42578125 0.015625 0.06875
1 0.621875 0.38046875 0.0140625 0.03671875
1 0.5125 0.32734375 0.0140625 0.04765625
2 0.209375 0.83046875 0.03828125 0.16875
3 0.8578125 0.4453125 0.0140625 0.0625
4 0.2890625 0.26484375 0.02421875 0.02421875
4 0.06328125 0.31328125 0.03515625 0.04375
3 0.83515625 0.44609375 0.01640625 0.07109375
4 0.18984375 0.3015625 0.03515625 0.0421875
4 0.140625 0.29453125 0.03515625 0.03203125
4 0.240625 0.284375 0.0296875 0.03515625
4 0.26171875 0.359375 0.0609375 0.06015625
4 0.946875 0.71015625 0.10390625 0.14609375
4 0.075 0.3625 0.059375 0.0703125
4 0.28046875 0.27421875 0.02421875 0.02734375
4 0.6734375 0.48671875 0.10546875 0.06875
4 0.8125 0.86015625 0.19921875 0.19609375
4 0.140625 0.328125 0.03515625 0.0421875
3 0.915625 0.478125 0.01875 0.07265625