1 0.40625 0.36171875 0.00859375 0.02890625
1 0.4171875 0.36328125 0.00859375 0.02890625
1 0.425 0.3671875 0.00859375 0.02890625
1 0.35 0.44140625 0.00703125 0.04609375
1 0.446875 0.53125 0.00703125 0.0625
1 0.32265625 0.4125 0.00546875 0.0375
1 0.39453125 0.484375 0.00859375 0.05234375
4 0.1984375 0.30234375 0.0296875 0.025
4 0.04921875 0.41484375 0.05234375 0.0546875
1 0.4359375 0.37265625 0.00859375 0.03359375
4 0.3515625 0.36171875 0.046875 0.04375
4 0.06953125 0.37734375 0.0625 0.04140625
1 0.396875 0.3546875 0.00859375 0.02890625