4 0.30234375 0.3375 0.03125 0.02890625
4 0.36875 0.41484375 0.05859375 0.05390625
4 0.06953125 0.37578125 0.065625 0.04375
4 0.2171875 0.30390625 0.01171875 0.02109375
4 0.32265625 0.48359375 0.08515625 0.10859375
4 0.58828125 0.58828125 0.1390625 0.1171875
4 0.24453125 0.30078125 0.0171875 0.01875
3 0.2046875 0.421875 0.0140625 0.05625
3 0.153125 0.51796875 0.028125 0.08515625
1 0.29765625 0.31640625 0.0046875 0.0171875
1 0.2921875 0.315625 0.0046875 0.0171875
1 0.4 0.35390625 0.0078125 0.0265625
1 0.4109375 0.36484375 0.0078125 0.0265625
1 0.41796875 0.36875 0.0078125 0.0265625
1 0.9921875 0.446875 0.0125 0.08125
1 0.428125 0.37265625 0.0078125 0.0265625
0 0.76953125 0.58125 0.4578125 0.3875