4 0.70234375 0.54296875 0.028125 0.02578125
4 0.72109375 0.53984375 0.02578125 0.03203125
4 0.74140625 0.53359375 0.028125 0.021875
4 0.45234375 0.56015625 0.03515625 0.0375
4 0.31953125 0.671875 0.05859375 0.05859375
4 0.35703125 0.69921875 0.05859375 0.05859375
4 0.2703125 0.690625 0.06640625 0.07265625
4 0.6453125 0.52421875 0.021875 0.02109375
4 0.41875 0.615625 0.04609375 0.05625
4 0.70390625 0.73125 0.11484375 0.09140625
1 0.265625 0.63984375 0.01015625 0.03125
1 0.24375 0.64921875 0.0109375 0.04296875
4 0.6515625 0.50390625 0.03046875 0.03359375
4 0.38515625 0.6328125 0.05390625 0.05078125
4 0.346875 0.64296875 0.05546875 0.05234375
3 0.121875 0.62890625 0.00859375 0.03515625
3 0.03671875 0.65 0.0125 0.05234375
3 0.16640625 0.8234375 0.02421875 0.10625
3 0.3046875 0.71640625 0.02109375 0.08984375
3 0.0203125 0.646875 0.0125 0.05234375
3 0.3171875 0.81640625 0.03359375 0.11640625
3 0.38203125 0.721875 0.01796875 0.08125
3 0.1453125 0.825 0.0265625 0.11640625
3 0.57265625 0.51796875 0.00859375 0.04375
3 0.40390625 0.56640625 0.0125 0.04140625
3 0.059375 0.646875 0.0140625 0.07265625
3 0.1125 0.82265625 0.02578125 0.1
3 0.3984375 0.83203125 0.0328125 0.11484375
3 0.39921875 0.71796875 0.01796875 0.08125
1 0.09375 0.71171875 0.01171875 0.0546875
1 0.13203125 0.70234375 0.01015625 0.05
1 0.153125 0.68984375 0.01015625 0.05
1 0.18046875 0.67734375 0.01015625 0.05
1 0.21640625 0.853125 0.028125 0.08359375
1 0.2078125 0.86015625 0.03515625 0.0953125
1 0.2015625 0.66875 0.01015625 0.05
1 0.09921875 0.93046875 0.04296875 0.13125
1 0.0171875 0.96328125 0.034375 0.06875
1 0.0046875 0.990625 0.009375 0.0125
1 0.27734375 0.63359375 0.01015625 0.04296875
4 0.31796875 0.6453125 0.0515625 0.04375