4 0.0984375 0.2296875 0.009375 0.02421875
4 0.30078125 0.23828125 0.02421875 0.04375
4 0.05078125 0.246875 0.02109375 0.02265625
4 0.115625 0.2296875 0.028125 0.03671875
4 0.075 0.26875 0.0265625 0.0328125
4 0.55625 0.3578125 0.07109375 0.053125
4 0.2671875 0.50546875 0.1109375 0.11875
4 0.00703125 0.33046875 0.0140625 0.05390625
3 0.67578125 0.459375 0.03515625 0.10234375
3 0.071875 0.35234375 0.015625 0.05
1 0.30234375 0.30625 0.00859375 0.02890625
1 0.2765625 0.29296875 0.00703125 0.02578125
1 0.25859375 0.2875 0.00703125 0.02578125
1 0.28125 0.43359375 0.00859375 0.04140625
1 0.22734375 0.39453125 0.00546875 0.05234375
1 0.1890625 0.359375 0.00546875 0.03984375
1 0.26484375 0.28984375 0.00703125 0.02578125
1 0.29453125 0.3 0.00859375 0.02890625
0 0.4265625 0.36328125 0.20859375 0.16484375
4 0.06484375 0.259375 0.01953125 0.02421875
4 0.078125 0.21796875 0.01484375 0.01796875