1 0.01640625 0.28671875 0.00625 0.02109375
1 0.05 0.2921875 0.03359375 0.05
1 0.0296875 0.23828125 0.0421875 0.065625
4 0.06796875 0.21953125 0.025 0.028125
4 0.03984375 0.178125 0.01953125 0.02421875
4 0.00625 0.184375 0.0125 0.02265625
4 0.1234375 0.18671875 0.02890625 0.0328125
4 0.10546875 0.18984375 0.01015625 0.02421875
4 0.10078125 0.184375 0.0171875 0.02265625
1 0.165625 0.35546875 0.01484375 0.07734375
4 0.22109375 0.27734375 0.03203125 0.03125
4 0.21953125 0.26171875 0.0328125 0.040625
1 0.21875 0.2203125 0.0109375 0.034375
1 0.309375 0.25703125 0.01484375 0.040625
1 0.29140625 0.24296875 0.01796875 0.0359375
4 0.2875 0.3046875 0.04765625 0.0515625
4 0.39296875 0.48515625 0.071875 0.0796875
4 0.23515625 0.403125 0.03359375 0.06015625
4 0.62734375 0.45234375 0.0640625 0.065625
4 0.64375 0.484375 0.05703125 0.06875
1 0.56640625 0.4453125 0.0859375 0.16875
4 0.1234375 0.27578125 0.0375 0.040625
1 0.6265625 0.590625 0.02109375 0.0859375
1 0.63359375 0.5609375 0.02890625 0.1578125
1 0.37578125 0.32265625 0.01875 0.0375
3 0.0546875 0.84375 0.05546875 0.17109375
4 0.48046875 0.40546875 0.059375 0.06484375
4 0.7453125 0.778125 0.153125 0.13984375
4 0.15703125 0.59765625 0.0953125 0.1
3 0.853125 0.48359375 0.01875 0.075
3 0.91484375 0.48046875 0.0171875 0.07265625
3 0.78671875 0.46328125 0.0140625 0.06875
1 0.60078125 0.4875 0.02265625 0.06875
1 0.571875 0.48046875 0.01484375 0.06875
1 0.3015625 0.4640625 0.0234375 0.10078125
1 0.0140625 0.3203125 0.01015625 0.05234375
1 0.81484375 0.846875 0.04375 0.21640625
1 0.97421875 0.52421875 0.02734375 0.06640625
1 0.9359375 0.53671875 0.0140625 0.0546875
1 0.8875 0.4734375 0.034375 0.10234375
1 0.82421875 0.5234375 0.0140625 0.06015625
1 0.7515625 0.48203125 0.0140625 0.06015625
1 0.55234375 0.478125 0.01484375 0.06875
1 0.27265625 0.415625 0.0140625 0.04140625
1 0.40234375 0.434375 0.0140625 0.0265625
1 0.3921875 0.415625 0.01015625 0.0484375
1 0.38203125 0.3890625 0.01015625 0.0484375
1 0.371875 0.384375 0.01015625 0.0484375
1 0.36328125 0.3765625 0.01015625 0.0484375
1 0.403125 0.40078125 0.01015625 0.0484375
1 0.41640625 0.4171875 0.01015625 0.0484375
1 0.34375 0.36640625 0.01015625 0.0484375
1 0.3328125 0.39375 0.01953125 0.0296875
1 0.0234375 0.29140625 0.01015625 0.05234375
4 0.95859375 0.60234375 0.07890625 0.09609375
4 0.353125 0.63984375 0.11484375 0.12890625
4 0.45703125 0.55625 0.08671875 0.08359375
4 0.28203125 0.4109375 0.03515625 0.05859375
4 0.0421875 0.50390625 0.075 0.08359375
4 0.10078125 0.3765625 0.05234375 0.0546875
4 0.06328125 0.2015625 0.025 0.02421875
4 0.1390625 0.26484375 0.03515625 0.0296875
4 0.125 0.19765625 0.0265625 0.02109375
4 0.853125 0.628125 0.08828125 0.10078125
4 0.8796875 0.57265625 0.09921875 0.08671875
4 0.75390625 0.56640625 0.0953125 0.115625
4 0.71484375 0.52421875 0.0703125 0.09375
4 0.70625 0.48125 0.08125 0.0875
4 0.2765625 0.5609375 0.09296875 0.08828125
4 0.02421875 0.46875 0.0484375 0.07109375
4 0.02734375 0.4296875 0.0546875 0.0625
4 0.08046875 0.34921875 0.046875 0.05390625
4 0.08828125 0.29921875 0.06171875 0.06796875
4 0.1359375 0.23125 0.03515625 0.0296875
4 0.25078125 0.27890625 0.03515625 0.0375
4 0.3421875 0.3015625 0.0625 0.096875
4 0.42109375 0.378125 0.053125 0.0546875
4 0.39375 0.353125 0.053125 0.0546875
4 0.434375 0.94921875 0.1734375 0.09765625
4 0.9234375 0.859375 0.15078125 0.14375
4 0.26640625 0.85390625 0.14609375 0.15390625
1 0.57421875 0.56484375 0.03125 0.07890625
1 0.490625 0.50703125 0.0125 0.04765625
1 0.45703125 0.48828125 0.0140625 0.04765625
1 0.24296875 0.41484375 0.0140625 0.04140625
1 0.44921875 0.35234375 0.01171875 0.02890625
4 0.06640625 0.96171875 0.1328125 0.0703125
4 0.01171875 0.90859375 0.02265625 0.04765625
4 0.01328125 0.884375 0.0265625 0.059375
4 0.01171875 0.846875 0.0234375 0.059375
4 0.0109375 0.79375 0.02109375 0.07109375
4 0.08046875 0.32734375 0.04765625 0.03984375
4 0.0046875 0.38125 0.009375 0.040625
4 0.00546875 0.275 0.0109375 0.0375