4 0.153125 0.38515625 0.02578125 0.02890625
4 0.15234375 0.34375 0.0140625 0.01640625
3 0.0359375 0.4859375 0.0125 0.04921875
3 0.04375 0.92265625 0.04296875 0.12890625
3 0.76015625 0.759375 0.028125 0.11015625
3 0.76953125 0.53515625 0.0125 0.05859375
3 0.05546875 0.4875 0.01171875 0.05
3 0.14765625 0.40078125 0.00859375 0.02734375
3 0.05703125 0.40234375 0.00859375 0.03359375
1 0.5515625 0.45859375 0.015625 0.05859375
0 0.23671875 0.75390625 0.18828125 0.37578125
0 0.403125 0.41015625 0.06328125 0.0625
4 0.115625 0.34375 0.01796875 0.02265625
4 0.81640625 0.63984375 0.13203125 0.09140625
4 0.7046875 0.54296875 0.08515625 0.06171875
4 0.0984375 0.38828125 0.02421875 0.02578125
4 0.08359375 0.32890625 0.0109375 0.01484375
4 0.215625 0.35859375 0.01953125 0.01953125
4 0.18203125 0.3515625 0.01484375 0.01796875
4 0.14765625 0.5515625 0.06328125 0.08671875
4 0.878125 0.88984375 0.24140625 0.14609375
4 0.625 0.77578125 0.18203125 0.18125
4 0.4359375 0.61796875 0.08203125 0.08125
4 0.61328125 0.47890625 0.08359375 0.04609375
4 0.3546875 0.43203125 0.03671875 0.03671875
4 0.32578125 0.4203125 0.025 0.021875
4 0.3109375 0.43828125 0.02734375 0.03203125
4 0.275 0.41875 0.0296875 0.0265625
4 0.12265625 0.36484375 0.02109375 0.0171875