1 0.39140625 0.3578125 0.00859375 0.028125
1 0.41875 0.36875 0.00859375 0.03203125
1 0.3765625 0.35 0.00859375 0.028125
1 0.42890625 0.3734375 0.00859375 0.03203125
1 0.3234375 0.421875 0.00703125 0.04375
4 0.48828125 0.69375 0.1859375 0.22890625
4 0.57578125 0.40390625 0.075 0.05390625
1 0.3578125 0.453125 0.00546875 0.04375
1 0.41484375 0.509375 0.00859375 0.05625
1 0.38515625 0.35390625 0.00859375 0.028125
1 0.4 0.3625 0.00859375 0.028125
1 0.409375 0.36484375 0.00859375 0.03046875
4 0.01328125 0.49921875 0.0265625 0.0859375
4 0.02578125 0.459375 0.05078125 0.07265625
4 0.046875 0.44140625 0.0328125 0.06796875
4 0.06640625 0.37734375 0.06796875 0.04296875