4 0.23984375 0.2921875 0.0140625 0.01796875
4 0.275 0.3109375 0.01953125 0.02109375
4 0.07578125 0.37421875 0.06640625 0.03984375
1 0.89375 0.54609375 0.0171875 0.05
1 0.4546875 0.52890625 0.00859375 0.0625
1 0.40234375 0.48515625 0.00703125 0.05859375
1 0.43046875 0.3671875 0.0078125 0.0296875
1 0.42265625 0.3640625 0.0078125 0.0296875
1 0.4109375 0.36015625 0.0078125 0.028125
1 0.40390625 0.3578125 0.00625 0.02734375
1 0.3875 0.35 0.0078125 0.02578125
1 0.440625 0.371875 0.00703125 0.03125
0 0.6953125 0.50625 0.39921875 0.28359375
4 0.25625 0.303125 0.015625 0.01875
4 0.246875 0.29609375 0.009375 0.0125
4 0.21484375 0.28984375 0.00546875 0.0140625
4 0.2234375 0.29296875 0.0140625 0.0171875
4 0.1921875 0.2921875 0.01484375 0.02109375
4 0.04765625 0.4234375 0.05 0.05625
4 0.01953125 0.496875 0.0390625 0.1
4 0.0125 0.5578125 0.025 0.103125