4 0.38515625 0.2375 0.028125 0.02890625
4 0.23828125 0.2125 0.02578125 0.025
4 0.33828125 0.18046875 0.02265625 0.02265625
4 0.4609375 0.22421875 0.0296875 0.02265625
4 0.4625 0.440625 0.0953125 0.10625
4 0.3796875 0.475 0.078125 0.10390625
4 0.65390625 0.66640625 0.16875 0.19609375
4 0.3296875 0.309375 0.05078125 0.06015625
4 0.40703125 0.2 0.021875 0.02109375
4 0.421875 0.20703125 0.01953125 0.0203125
3 0.14765625 0.3078125 0.0140625 0.0484375
3 0.14375 0.45390625 0.028125 0.0859375
3 0.13515625 0.309375 0.0125 0.05
3 0.11015625 0.459375 0.02109375 0.08125
3 0.02265625 0.81171875 0.0453125 0.17265625
4 0.228125 0.3203125 0.04453125 0.04765625