1 0.3578125 0.46328125 0.00546875 0.04765625
1 0.41640625 0.51796875 0.00859375 0.06484375
1 0.39140625 0.3640625 0.0078125 0.02734375
1 0.39921875 0.3640625 0.0078125 0.02734375
1 0.409375 0.365625 0.0078125 0.0203125
1 0.41953125 0.36875 0.0078125 0.01640625
1 0.32265625 0.43046875 0.00546875 0.03984375
1 0.4296875 0.371875 0.0078125 0.0140625
4 0.00390625 0.5625 0.0078125 0.103125
1 0.3859375 0.36015625 0.00625 0.0265625
4 0.3375 0.31640625 0.0359375 0.0390625
4 0.2546875 0.3125 0.01875 0.02265625
4 0.1890625 0.303125 0.01796875 0.03046875
4 0.053125 0.4140625 0.02734375 0.04609375
4 0.04765625 0.45078125 0.0234375 0.06015625
4 0.01171875 0.478125 0.0234375 0.075
4 0.403125 0.44765625 0.065625 0.0640625
4 0.25078125 0.32890625 0.02578125 0.02578125
4 0.19609375 0.3171875 0.0171875 0.0234375
4 0.28515625 0.32890625 0.028125 0.02890625
4 0.41796875 0.40625 0.065625 0.05625
4 0.75390625 0.96015625 0.121875 0.075
4 0.553125 0.484375 0.09765625 0.08984375
4 0.2140625 0.34921875 0.02890625 0.034375
3 0.67578125 0.45859375 0.02734375 0.075
3 0.609375 0.44375 0.02265625 0.07890625