1 0.41953125 0.36875 0.0078125 0.02890625
1 0.40234375 0.36171875 0.0078125 0.02890625
1 0.64921875 0.43125 0.015625 0.07421875
1 0.39296875 0.3609375 0.0078125 0.028125
4 0.06640625 0.375 0.06953125 0.03671875
1 0.39140625 0.48828125 0.01015625 0.05234375
1 0.30546875 0.5984375 0.0453125 0.1296875
1 0.43046875 0.375 0.0078125 0.02890625
1 0.44140625 0.53515625 0.00859375 0.07109375
1 0.99140625 0.446875 0.0140625 0.07734375
1 0.4125 0.365625 0.0078125 0.02890625
4 0.18359375 0.29921875 0.01953125 0.01875
4 0.20546875 0.325 0.02734375 0.02890625
3 0.87265625 0.553125 0.0328125 0.11484375
1 0.34765625 0.446875 0.00859375 0.04375