1 0.39140625 0.36015625 0.00703125 0.0328125
4 0.11171875 0.4015625 0.04609375 0.04453125
4 0.14140625 0.4484375 0.06171875 0.075
4 0.0703125 0.68671875 0.140625 0.20234375
4 0.79453125 0.47421875 0.11484375 0.08125
4 0.65625 0.42421875 0.09921875 0.06875
4 0.2375 0.36875 0.03671875 0.04140625
4 0.1859375 0.30859375 0.01953125 0.02109375
3 0.246875 0.78671875 0.05078125 0.17265625
3 0.9125 0.575 0.0328125 0.125
1 0.375 0.353125 0.00703125 0.0328125
1 0.38515625 0.3546875 0.00703125 0.0328125
1 0.3984375 0.36328125 0.00703125 0.0328125
1 0.40859375 0.36953125 0.00703125 0.0328125
1 0.41953125 0.36875 0.00703125 0.0328125
1 0.428125 0.3734375 0.00703125 0.0328125
1 0.4140625 0.51171875 0.01015625 0.06015625
1 0.35625 0.45859375 0.00859375 0.05
1 0.32109375 0.425 0.00859375 0.05
4 0.0078125 0.57109375 0.015625 0.07890625
4 0.00859375 0.51328125 0.0171875 0.06875
4 0.03125 0.4375 0.05859375 0.0703125
3 0.8703125 0.40625 0.0140625 0.05078125
4 0.05390625 0.38046875 0.0765625 0.04375