3 0.49921875 0.35703125 0.02421875 0.07734375
4 0.2265625 0.30078125 0.04375 0.03984375
4 0.63671875 0.378125 0.10703125 0.06796875
4 0.06015625 0.2453125 0.01953125 0.021875
4 0.6171875 0.29609375 0.12265625 0.1
4 0.55078125 0.35625 0.08125 0.05859375
4 0.09296875 0.225 0.015625 0.01640625
3 0.23984375 0.65859375 0.04296875 0.1625
3 0.59765625 0.39921875 0.028125 0.07734375
3 0.765625 0.46640625 0.034375 0.1
3 0.46015625 0.34765625 0.0171875 0.07109375
3 0.790625 0.334375 0.015625 0.05625
1 0.303125 0.3046875 0.009375 0.03203125
1 0.278125 0.29296875 0.00859375 0.0265625
1 0.10390625 0.275 0.00546875 0.02421875
1 0.2953125 0.2984375 0.009375 0.03203125
1 0.26640625 0.29140625 0.00625 0.02421875
1 0.1890625 0.35625 0.00546875 0.04140625
1 0.228125 0.390625 0.00703125 0.05234375
1 0.28203125 0.440625 0.01015625 0.06484375
1 0.11796875 0.28984375 0.00546875 0.02890625
4 0.00625 0.32890625 0.0125 0.05390625
4 0.04140625 0.23203125 0.01640625 0.01484375