4 0.30703125 0.61640625 0.0171875 0.02109375
4 0.33046875 0.63359375 0.02421875 0.025
4 0.275 0.63046875 0.025 0.025
1 0.54296875 0.79765625 0.01953125 0.075
1 0.875 0.78203125 0.0171875 0.07734375
4 0.446875 0.659375 0.03515625 0.0265625
1 0.62890625 0.70234375 0.0140625 0.05
4 0.59609375 0.93203125 0.13203125 0.13125
4 0.53671875 0.69921875 0.03984375 0.04375
4 0.71171875 0.73046875 0.11953125 0.11015625
4 0.30078125 0.65625 0.02734375 0.02890625
4 0.18359375 0.61171875 0.01796875 0.0265625
4 0.23046875 0.6125 0.0328125 0.0421875
4 0.2578125 0.653125 0.02734375 0.02734375
4 0.3890625 0.64609375 0.028125 0.02890625