4 0.1296875 0.33828125 0.02890625 0.0375
1 0.41640625 0.36484375 0.00859375 0.0296875
1 0.4265625 0.36640625 0.00859375 0.0296875
1 0.44921875 0.53203125 0.00703125 0.06484375
1 0.353125 0.44375 0.00703125 0.04609375
1 0.3984375 0.35625 0.0078125 0.02890625
1 0.32421875 0.4125 0.00703125 0.0375
1 0.234375 0.315625 0.00546875 0.03125
1 0.43671875 0.375 0.0078125 0.03359375
1 0.39765625 0.484375 0.00859375 0.05625
1 0.40546875 0.36328125 0.00703125 0.02734375
4 0.07265625 0.37578125 0.075 0.040625