4 0.57265625 0.31015625 0.05234375 0.053125
2 0.2484375 0.88125 0.05390625 0.20859375
1 0.7859375 0.509375 0.01875 0.03125
1 0.85 0.51640625 0.0296875 0.14140625
1 0.70703125 0.47734375 0.02109375 0.06640625
1 0.8125 0.46015625 0.01953125 0.0625
1 0.6734375 0.46328125 0.01953125 0.06875
1 0.63515625 0.45234375 0.0140625 0.04609375
1 0.4875 0.390625 0.0171875 0.05625
1 0.45703125 0.38984375 0.0140625 0.05390625
1 0.53984375 0.36328125 0.0484375 0.03984375
1 0.30703125 0.25390625 0.02265625 0.06640625
1 0.2296875 0.2859375 0.00859375 0.04375
1 0.6578125 0.3171875 0.00859375 0.028125
1 0.6140625 0.42265625 0.01328125 0.05703125
1 0.66640625 0.315625 0.00859375 0.025
1 0.52421875 0.2328125 0.01484375 0.0484375
1 0.584375 0.34921875 0.0109375 0.04765625
1 0.59921875 0.359375 0.0109375 0.04765625
1 0.61953125 0.3703125 0.0125 0.05078125
1 0.63046875 0.38515625 0.0125 0.05078125
1 0.609375 0.3859375 0.0125 0.05078125
1 0.76953125 0.4375 0.01640625 0.04453125
1 0.7890625 0.4375 0.01640625 0.04453125
1 0.5171875 0.43359375 0.0234375 0.1046875
1 0.3796875 0.3203125 0.0171875 0.0796875
1 0.23984375 0.2375 0.00859375 0.04375
1 0.23515625 0.25859375 0.00859375 0.04375
3 0.875 0.38984375 0.0171875 0.04140625
3 0.96953125 0.40703125 0.02421875 0.08515625
3 0.89921875 0.38515625 0.0171875 0.07109375
3 0.65078125 0.28046875 0.01171875 0.05234375
3 0.5984375 0.26796875 0.01875 0.05234375
4 0.09921875 0.43671875 0.07421875 0.08984375
4 0.30546875 0.23203125 0.034375 0.03984375
4 0.44375 0.2390625 0.03984375 0.04765625
4 0.47421875 0.246875 0.03828125 0.03984375
4 0.54375 0.29609375 0.0390625 0.05390625
4 0.44921875 0.3734375 0.03125 0.0578125
4 0.3609375 0.540625 0.146875 0.26171875
4 0.96484375 0.76484375 0.0671875 0.1328125
4 0.12890625 0.63671875 0.134375 0.12734375
4 0.62578125 0.33125 0.05078125 0.05
4 0.66640625 0.353125 0.05078125 0.05
4 0.79609375 0.58984375 0.115625 0.12265625
4 0.965625 0.5828125 0.065625 0.1203125
4 0.20859375 0.2109375 0.02890625 0.03203125
4 0.18984375 0.25625 0.0421875 0.05078125
4 0.1140625 0.2671875 0.0375 0.03984375
4 0.18203125 0.278125 0.04140625 0.0515625
4 0.15390625 0.2921875 0.04375 0.0453125
4 0.13828125 0.325 0.04453125 0.0546875
4 0.88671875 0.71328125 0.15078125 0.14375
4 0.16171875 0.35078125 0.05546875 0.06640625
4 0.1734375 0.38515625 0.06171875 0.0703125
4 0.2109375 0.42890625 0.06953125 0.0859375
4 0.2828125 0.46796875 0.071875 0.08125
4 0.6859375 0.375 0.05625 0.05703125
3 0.9328125 0.40390625 0.0296875 0.0625
4 0.09375 0.253125 0.03515625 0.04296875
4 0.0921875 0.23828125 0.04296875 0.04609375
4 0.16484375 0.2453125 0.03515625 0.03828125
4 0.16953125 0.21328125 0.03515625 0.0265625
4 0.146875 0.21875 0.02109375 0.03828125
1 0.2703125 0.26015625 0.04140625 0.05390625
4 0.390625 0.23515625 0.028125 0.03125
1 0.434375 0.190625 0.01171875 0.040625
4 0.5 0.38359375 0.034375 0.06640625
1 0.7765625 0.41640625 0.0765625 0.178125
4 0.8296875 0.42109375 0.059375 0.0625
4 0.85078125 0.4515625 0.0703125 0.075
4 0.9109375 0.47265625 0.07890625 0.07421875
4 0.35234375 0.25390625 0.04140625 0.04296875