4 0.4203125 0.31171875 0.04296875 0.04765625
3 0.9921875 0.61484375 0.01328125 0.11171875
4 0.21640625 0.30546875 0.01328125 0.01484375
0 0.25234375 0.29921875 0.04140625 0.04296875
1 0.31640625 0.42265625 0.00546875 0.04140625
1 0.29140625 0.31875 0.01953125 0.025
1 0.3921875 0.36328125 0.00703125 0.028125
1 0.39921875 0.3625 0.00859375 0.028125
1 0.34765625 0.45546875 0.00546875 0.04765625
1 0.4109375 0.37109375 0.0078125 0.0265625
1 0.41953125 0.37265625 0.0078125 0.0265625
1 0.43046875 0.3765625 0.0078125 0.0265625
1 0.4421875 0.53984375 0.00703125 0.06640625
1 0.39140625 0.49453125 0.00703125 0.05625
3 0.34296875 0.73984375 0.046875 0.1625
3 0.746875 0.48828125 0.01796875 0.0765625
3 0.75703125 0.49453125 0.0265625 0.09375
3 0.196875 0.81875 0.04375 0.175
3 0.70625 0.475 0.01953125 0.09140625