1 0.38984375 0.35859375 0.00703125 0.02890625
1 0.38515625 0.3515625 0.00703125 0.02890625
4 0.053125 0.41171875 0.04453125 0.03984375
4 0.015625 0.53828125 0.03125 0.1
4 0.01328125 0.4765625 0.0265625 0.046875
4 0.01171875 0.43984375 0.02265625 0.0375
4 0.04921875 0.4390625 0.04296875 0.05390625
4 0.33359375 0.3140625 0.0375 0.040625
4 0.5734375 0.4015625 0.0671875 0.0453125
1 0.37578125 0.35390625 0.00703125 0.02890625
1 0.32109375 0.41796875 0.00859375 0.03515625
1 0.428125 0.37265625 0.00703125 0.02890625
4 0.64453125 0.4078125 0.075 0.05859375
4 0.33984375 0.53515625 0.08828125 0.10546875
4 0.40078125 0.59140625 0.125 0.1546875
4 0.3140625 0.47265625 0.0703125 0.0796875
1 0.35703125 0.45859375 0.01015625 0.05390625
1 0.41484375 0.50390625 0.00859375 0.05
1 0.41796875 0.37109375 0.00703125 0.02890625
1 0.4078125 0.365625 0.00703125 0.02890625
1 0.3984375 0.36328125 0.00703125 0.02890625