1 0.54296875 0.79765625 0.01953125 0.075
3 0.07109375 0.95390625 0.028125 0.0875
3 0.11640625 0.69296875 0.0171875 0.05234375
3 0.03828125 0.9546875 0.028125 0.08671875
4 0.87421875 0.85234375 0.23203125 0.1578125
4 0.41015625 0.75703125 0.0609375 0.06484375
4 0.4265625 0.84765625 0.078125 0.1
4 0.596875 0.91640625 0.11796875 0.13046875
4 0.2578125 0.66640625 0.03203125 0.0359375
4 0.19765625 0.6859375 0.03828125 0.02578125
4 0.34453125 0.6421875 0.04609375 0.05703125
4 0.18125 0.628125 0.0234375 0.025
4 0.4859375 0.73125 0.053125 0.05390625
4 0.6359375 0.82890625 0.0890625 0.0703125
3 0.103125 0.87734375 0.02109375 0.0734375
4 0.22265625 0.61875 0.0171875 0.01953125
4 0.23671875 0.62421875 0.01953125 0.02265625
4 0.24921875 0.64296875 0.025 0.03046875
4 0.19921875 0.70078125 0.03515625 0.01953125
4 0.203125 0.721875 0.0375 0.0328125
4 0.20703125 0.7453125 0.0453125 0.04609375
4 0.725 0.759375 0.08359375 0.059375
4 0.2203125 0.60078125 0.01484375 0.01953125
4 0.31015625 0.79921875 0.046875 0.0625
0 0.26640625 0.8765625 0.14140625 0.24296875
1 0.62890625 0.70234375 0.0140625 0.05
4 0.296875 0.70078125 0.0390625 0.0484375
4 0.29765625 0.7703125 0.03671875 0.02578125
4 0.55 0.98671875 0.09453125 0.021875