3 0.45859375 0.27890625 0.0171875 0.0375
1 0.70625 0.48203125 0.01953125 0.06875
1 0.6734375 0.46328125 0.01953125 0.06875
1 0.63671875 0.45234375 0.02109375 0.04609375
4 0.12890625 0.609375 0.11640625 0.1359375
4 0.30859375 0.54375 0.15703125 0.27421875
4 0.18984375 0.76015625 0.09375 0.08984375
4 0.2078125 0.87421875 0.128125 0.14921875
4 0.18671875 0.88515625 0.12421875 0.1015625
4 0.290625 0.29921875 0.06015625 0.06953125
4 0.83671875 0.4375 0.05859375 0.06875
4 0.53203125 0.28984375 0.05 0.05390625
4 0.49609375 0.37421875 0.0296875 0.06015625
4 0.38125 0.2359375 0.0421875 0.05
4 0.4546875 0.24296875 0.03359375 0.03828125
4 0.0953125 0.26015625 0.04140625 0.0421875
3 0.60546875 0.4 0.0125 0.05390625
4 0.4484375 0.37109375 0.0328125 0.0625
4 0.4 0.57421875 0.0484375 0.0984375
4 0.16171875 0.796875 0.08984375 0.0796875
4 0.1171875 0.4703125 0.0953125 0.04765625
4 0.09609375 0.42265625 0.05625 0.0515625
4 0.12890625 0.509375 0.1171875 0.078125
4 0.0875 0.44453125 0.0703125 0.065625
4 0.21875 0.32734375 0.09609375 0.1609375
4 0.15 0.315625 0.0515625 0.06171875
4 0.4546875 0.60859375 0.11875 0.1328125
4 0.215625 0.96640625 0.1484375 0.0625
4 0.87421875 0.44453125 0.07734375 0.084375
4 0.57109375 0.44296875 0.07734375 0.07265625
4 0.31328125 0.18046875 0.0328125 0.03828125
4 0.4421875 0.22421875 0.04453125 0.0625
4 0.30234375 0.22421875 0.0359375 0.04140625
4 0.190625 0.20546875 0.07265625 0.03828125
4 0.09921875 0.24609375 0.04609375 0.05234375
3 0.69375 0.4125 0.01875 0.07890625
4 0.10234375 0.41328125 0.05859375 0.05625
3 0.3375 0.38046875 0.0125 0.04765625
3 0.64453125 0.28984375 0.01875 0.04609375
3 0.60546875 0.27578125 0.0125 0.02734375
4 0.115625 0.3671875 0.06953125 0.0828125
4 0.609375 0.3296875 0.0484375 0.05703125
1 0.81484375 0.45859375 0.02421875 0.06640625
1 0.45703125 0.38984375 0.0140625 0.05390625
1 0.66640625 0.32109375 0.01171875 0.05
1 0.234375 0.234375 0.0140625 0.02265625
1 0.78671875 0.53515625 0.02734375 0.07109375
1 0.846875 0.53203125 0.03984375 0.1609375
1 0.7890625 0.4484375 0.015625 0.06953125
1 0.378125 0.3234375 0.021875 0.07890625
1 0.55 0.3609375 0.02265625 0.0390625
1 0.51796875 0.43671875 0.02578125 0.10546875
1 0.59921875 0.365625 0.01015625 0.03828125
1 0.58359375 0.35 0.01328125 0.053125
1 0.61953125 0.36796875 0.01328125 0.0515625
1 0.63046875 0.37734375 0.01328125 0.04296875
1 0.6171875 0.42734375 0.01796875 0.05703125
1 0.965625 0.46015625 0.01796875 0.0515625
1 0.7703125 0.45 0.015625 0.06953125
1 0.48671875 0.390625 0.0140625 0.05390625
3 0.73828125 0.63828125 0.02421875 0.1125
3 0.8640625 0.36328125 0.01640625 0.0625
3 0.84296875 0.36171875 0.01484375 0.0609375
1 0.559375 0.33203125 0.00859375 0.040625
4 0.584375 0.315625 0.02734375 0.04453125
1 0.5453125 0.2375 0.021875 0.05703125
1 0.52578125 0.23359375 0.01015625 0.05234375
1 0.50546875 0.22734375 0.0125 0.059375
4 0.171875 0.159375 0.01875 0.02265625
4 0.19453125 0.16796875 0.0484375 0.028125
4 0.1484375 0.1859375 0.02890625 0.0328125
4 0.146875 0.2265625 0.0203125 0.04140625
4 0.1515625 0.23671875 0.01171875 0.04375
4 0.1859375 0.2359375 0.03984375 0.025