3 0.5265625 0.34140625 0.0125 0.0375
3 0.11171875 0.17578125 0.00703125 0.01875
1 0.0140625 0.3171875 0.0109375 0.0375
1 0.01953125 0.3015625 0.01015625 0.03828125
1 0.16328125 0.35234375 0.0203125 0.06328125
1 0.3015625 0.47109375 0.02421875 0.10390625
1 0.74921875 0.49296875 0.0125 0.06328125
1 0.63515625 0.54921875 0.028125 0.13671875
1 0.55390625 0.47265625 0.0140625 0.03984375
1 0.803125 0.4515625 0.0234375 0.0796875
1 0.415625 0.41484375 0.01328125 0.040625
1 0.40234375 0.40078125 0.0109375 0.03984375
1 0.3921875 0.41640625 0.0109375 0.03984375
1 0.38046875 0.39453125 0.0109375 0.03984375
1 0.36640625 0.38515625 0.01484375 0.0453125
1 0.40234375 0.45078125 0.0109375 0.03984375
1 0.5734375 0.478125 0.01484375 0.0359375
1 0.621875 0.596875 0.02265625 0.08515625
1 0.5734375 0.56796875 0.03515625 0.08125
1 0.48828125 0.51484375 0.01953125 0.07109375
1 0.45859375 0.49921875 0.0140625 0.06875
1 0.6 0.49453125 0.02421875 0.06484375
1 0.24140625 0.41875 0.01171875 0.0375
1 0.3421875 0.36015625 0.01171875 0.05
1 0.45 0.34375 0.01171875 0.03359375
1 0.559375 0.4515625 0.0859375 0.1703125
1 0.30859375 0.25859375 0.01328125 0.0359375
1 0.28984375 0.246875 0.01640625 0.03515625
1 0.88828125 0.46640625 0.0390625 0.0609375
4 0.70703125 0.53984375 0.0625 0.07109375
4 0.64296875 0.48203125 0.0609375 0.0625
4 0.609375 0.46484375 0.05625 0.0671875
4 0.51328125 0.44140625 0.0390625 0.05703125
4 0.49375 0.42109375 0.03203125 0.0640625
4 0.47578125 0.415625 0.02421875 0.05078125
3 0.38671875 0.31171875 0.01640625 0.053125
4 0.35390625 0.35 0.04609375 0.04765625
1 0.31953125 0.403125 0.05 0.03671875
4 0.28359375 0.40234375 0.03828125 0.0328125
4 0.24140625 0.4078125 0.0484375 0.0640625
4 0.23125 0.27421875 0.03046875 0.028125
4 0.075 0.328125 0.04296875 0.0359375
4 0.11328125 0.375 0.05390625 0.06328125
1 0.37890625 0.32734375 0.0125 0.04140625
4 0.03046875 0.62421875 0.0609375 0.12265625
4 0.21875 0.54765625 0.0921875 0.11171875
4 0.12265625 0.49453125 0.08359375 0.10234375
4 0.078125 0.5625 0.0859375 0.09375
4 0.20078125 0.5921875 0.096875 0.1109375
4 0.15390625 0.4171875 0.0671875 0.06796875
4 0.28046875 0.303125 0.034375 0.03671875
4 0.1046875 0.2171875 0.02109375 0.03515625
4 0.23125 0.69140625 0.11328125 0.11796875
4 0.728125 0.75859375 0.16015625 0.14609375
4 0.0625 0.96328125 0.125 0.06875
4 0.5296875 0.94140625 0.17578125 0.1125
4 0.39296875 0.815625 0.15234375 0.15625
4 0.02109375 0.45546875 0.0421875 0.0703125
3 0.62109375 0.41484375 0.01015625 0.03359375
3 0.653125 0.4171875 0.015625 0.06484375
3 0.63984375 0.428125 0.01171875 0.04296875
3 0.41875 0.31484375 0.01953125 0.0484375
3 0.665625 0.421875 0.015625 0.06484375
3 0.840625 0.49140625 0.0484375 0.10859375
3 0.6953125 0.43984375 0.0125 0.0375
3 0.546875 0.34765625 0.0140625 0.025
4 0.4390625 0.3828125 0.05625 0.05390625
4 0.41171875 0.36328125 0.05 0.05234375
4 0.3203125 0.33125 0.0390625 0.0453125
4 0.30859375 0.3125 0.046875 0.0421875
4 0.23515625 0.3046875 0.0359375 0.04375
4 0.19765625 0.2953125 0.02890625 0.0390625
4 0.16015625 0.284375 0.03671875 0.03515625
4 0.13125 0.30078125 0.0375 0.0453125
4 0.2640625 0.275 0.0421875 0.0546875
4 0.075 0.24921875 0.03203125 0.034375
4 0.11796875 0.4015625 0.05625 0.05859375
4 0.07265625 0.3484375 0.0421875 0.05234375
4 0.084375 0.31328125 0.05 0.05078125
4 0.27578125 0.44765625 0.0890625 0.0640625
4 0.35390625 0.46875 0.0734375 0.0828125
4 0.40234375 0.50703125 0.08046875 0.07890625
4 0.81796875 0.8546875 0.05078125 0.2125
4 0.93203125 0.86796875 0.1328125 0.13671875
4 0.8625 0.8359375 0.13984375 0.1375
4 0.884375 0.7125 0.14296875 0.1109375
4 0.925 0.578125 0.13359375 0.165625
4 0.97734375 0.6625 0.0421875 0.13046875
4 0.72890625 0.60703125 0.07578125 0.0984375
4 0.81796875 0.56171875 0.08984375 0.13359375
4 0.690625 0.49140625 0.0765625 0.04765625