1 0.75 0.33203125 0.0109375 0.0359375
0 0.19609375 0.15703125 0.02109375 0.028125
4 0.29921875 0.2140625 0.02109375 0.02109375
4 0.253125 0.190625 0.03984375 0.0640625
4 0.22734375 0.2640625 0.05234375 0.08359375
4 0.31640625 0.175 0.01953125 0.01640625
4 0.4578125 0.23984375 0.0328125 0.02890625
4 0.4265625 0.2421875 0.02578125 0.0265625
4 0.40078125 0.2515625 0.03046875 0.02734375
4 0.38125 0.23515625 0.034375 0.03515625
4 0.20625 0.2046875 0.021875 0.02265625
1 0.646875 0.3046875 0.02265625 0.01328125
4 0.49453125 0.2609375 0.028125 0.028125
4 0.290625 0.20546875 0.02109375 0.0203125
3 0.16953125 0.246875 0.009375 0.03125