4 0.6046875 0.39921875 0.01953125 0.01640625
4 0.42578125 0.47265625 0.0390625 0.03515625
4 0.1609375 0.51484375 0.046875 0.05
4 0.27890625 0.48359375 0.04140625 0.0328125
4 0.48515625 0.4234375 0.02734375 0.02421875
4 0.4171875 0.44375 0.03203125 0.0234375
4 0.32265625 0.46953125 0.03984375 0.03515625
4 0.2640625 0.71171875 0.10234375 0.08125
4 0.36015625 0.51484375 0.0609375 0.04140625
4 0.0453125 0.540625 0.090625 0.12734375
4 0.45859375 0.44765625 0.03515625 0.028125
4 0.46640625 0.42734375 0.03515625 0.02265625
4 0.51328125 0.4140625 0.03515625 0.02265625
4 0.57109375 0.40390625 0.028125 0.02265625
4 0.21640625 0.5046875 0.03359375 0.0375
4 0.384375 0.45234375 0.04453125 0.03125