3 0.45703125 0.64765625 0.00703125 0.02421875
3 0.025 0.92734375 0.03515625 0.09609375
3 0.88984375 0.778125 0.0328125 0.06484375
3 0.6890625 0.728125 0.01328125 0.0390625
3 0.7328125 0.73828125 0.0140625 0.04765625
3 0.10390625 0.71015625 0.01171875 0.04140625
3 0.596875 0.68359375 0.0171875 0.04140625
3 0.5703125 0.6828125 0.0109375 0.03203125
4 0.1890625 0.5796875 0.0125 0.01171875
4 0.1703125 0.56796875 0.0125 0.01328125
4 0.159375 0.5984375 0.025 0.0328125
4 0.19765625 0.59140625 0.0140625 0.015625
4 0.21328125 0.60625 0.0171875 0.0203125
4 0.1921875 0.61015625 0.01796875 0.01953125
4 0.25234375 0.57109375 0.01328125 0.0171875
4 0.23359375 0.5609375 0.0109375 0.0171875
4 0.2234375 0.559375 0.01015625 0.01640625
4 0.16328125 0.55078125 0.01640625 0.01796875
4 0.19765625 0.62421875 0.0203125 0.02265625
4 0.271875 0.63515625 0.02578125 0.0359375
4 0.31875 0.64375 0.02265625 0.02578125
4 0.3546875 0.6453125 0.05078125 0.071875
4 0.334375 0.76484375 0.0609375 0.07109375
4 0.29921875 0.58515625 0.01640625 0.02109375
4 0.4 0.67265625 0.06328125 0.0859375
4 0.46484375 0.73671875 0.05546875 0.04765625
4 0.28203125 0.659375 0.02578125 0.025
4 0.62890625 0.9453125 0.12265625 0.10546875
4 0.1828125 0.5515625 0.009375 0.00859375
4 0.43046875 0.66484375 0.02578125 0.03359375
4 0.52734375 0.8609375 0.0953125 0.11484375
4 0.2234375 0.61953125 0.021875 0.02265625
1 0.6140625 0.69296875 0.01328125 0.06171875
3 0.68125 0.71796875 0.01328125 0.0390625