4 0.49453125 0.96484375 0.1171875 0.06640625
4 0.3421875 0.62890625 0.01953125 0.025
4 0.246875 0.5875 0.0140625 0.02109375
4 0.18671875 0.57578125 0.01484375 0.01015625
4 0.1703125 0.63046875 0.02734375 0.02890625
4 0.4671875 0.6828125 0.03984375 0.03671875
4 0.15859375 0.6 0.02265625 0.03359375
4 0.246875 0.6765625 0.0296875 0.034375
4 0.1890625 0.6140625 0.01875 0.0234375
4 0.234375 0.6328125 0.02265625 0.028125
4 0.24921875 0.65625 0.02890625 0.028125
4 0.159375 0.61953125 0.015625 0.021875
3 0.96953125 0.81640625 0.01875 0.06640625
1 0.6140625 0.6984375 0.01171875 0.04765625
0 0.47421875 0.6515625 0.07109375 0.06171875
4 0.20390625 0.578125 0.01171875 0.01328125
4 0.67578125 0.97421875 0.11796875 0.04765625
4 0.28984375 0.66796875 0.034375 0.03984375
4 0.29140625 0.59765625 0.01796875 0.025