0 0.69296875 0.52265625 0.05390625 0.065625
1 0.0171875 0.96328125 0.034375 0.06875
1 0.09921875 0.93125 0.04296875 0.13359375
1 0.20703125 0.86171875 0.03046875 0.0890625
4 0.68828125 0.546875 0.0421875 0.04375
4 0.665625 0.56953125 0.05234375 0.0515625
4 0.35703125 0.653125 0.02109375 0.05234375
1 0.21875 0.85234375 0.02109375 0.0828125
4 0.60546875 0.875 0.03515625 0.07890625
4 0.62265625 0.52578125 0.02421875 0.03515625
4 0.55859375 0.58125 0.03515625 0.040625
4 0.54765625 0.590625 0.0390625 0.0375
4 0.45703125 0.6453125 0.04453125 0.06171875
4 0.4734375 0.63203125 0.05078125 0.06640625
4 0.37421875 0.6015625 0.0828125 0.11171875
4 0.35390625 0.8625 0.10625 0.121875
4 0.29765625 0.65390625 0.10390625 0.13828125
4 0.38671875 0.68984375 0.0734375 0.06640625
4 0.42734375 0.6640625 0.05390625 0.06015625
4 0.38125 0.9625 0.07890625 0.0703125
1 0.20546875 0.6875 0.015625 0.03515625
1 0.23984375 0.68046875 0.0140625 0.04765625
1 0.046875 0.66015625 0.01953125 0.04609375
4 0.13984375 0.68984375 0.10078125 0.09609375