4 0.234375 0.16875 0.01015625 0.0171875
4 0.23046875 0.1515625 0.009375 0.01328125
4 0.265625 0.18515625 0.01484375 0.0171875
4 0.25625 0.19140625 0.02109375 0.02109375
1 0.64609375 0.3046875 0.01796875 0.01328125
1 0.75078125 0.3328125 0.01171875 0.03515625
3 0.2328125 0.66328125 0.03125 0.11484375
4 0.225 0.17578125 0.02109375 0.03203125
4 0.49921875 0.24921875 0.0328125 0.034375
4 0.68828125 0.52890625 0.1859375 0.24140625
4 0.28203125 0.15234375 0.0125 0.0125
4 0.19296875 0.16640625 0.015625 0.0140625
4 0.209375 0.171875 0.015625 0.01328125