4 0.9703125 0.55625 0.05703125 0.0875
4 0.71953125 0.25625 0.0234375 0.028125
4 0.13671875 0.28984375 0.02578125 0.025
4 0.08515625 0.278125 0.028125 0.02265625
4 0.01171875 0.259375 0.0234375 0.021875
4 0.9390625 0.59453125 0.1015625 0.07421875
4 0.77265625 0.25703125 0.02890625 0.03203125
4 0.7609375 0.26640625 0.02578125 0.02578125
4 0.228125 0.38203125 0.04609375 0.03515625
4 0.74453125 0.284375 0.0359375 0.03828125
4 0.2859375 0.33046875 0.02734375 0.01875
4 0.02734375 0.40390625 0.046875 0.05859375
4 0.1125 0.87734375 0.22421875 0.2125
3 0.134375 0.5 0.0328125 0.1
3 0.79453125 0.346875 0.01875 0.06015625
3 0.59765625 0.25390625 0.00859375 0.02890625
3 0.58671875 0.25 0.00859375 0.02890625