1 0.2640625 0.6390625 0.0109375 0.0390625
1 0.27890625 0.6328125 0.01328125 0.0390625
1 0.29453125 0.62578125 0.01171875 0.02734375
4 0.4359375 0.6515625 0.04375 0.06328125
4 0.45859375 0.64453125 0.034375 0.053125
4 0.36875 0.62734375 0.05859375 0.04921875
4 0.40234375 0.54765625 0.08828125 0.1140625
4 0.646875 0.525 0.03203125 0.028125
1 0.74140625 0.52265625 0.00625 0.02109375
4 0.77421875 0.521875 0.05625 0.0796875
4 0.1859375 0.690625 0.07265625 0.0671875
4 0.38203125 0.684375 0.0703125 0.06171875
4 0.31484375 0.66484375 0.05546875 0.06015625
1 0.24921875 0.64609375 0.0140625 0.04375
1 0.09921875 0.93125 0.04296875 0.13359375
1 0.73359375 0.51953125 0.00703125 0.0234375
4 0.71875 0.56796875 0.034375 0.03671875
0 0.5796875 0.5375 0.078125 0.08125
1 0.48515625 0.57265625 0.009375 0.025
1 0.0171875 0.96328125 0.034375 0.06875
1 0.21015625 0.85625 0.03125 0.09609375
1 0.046875 0.65703125 0.0171875 0.04375
1 0.134375 0.6921875 0.01328125 0.05546875
1 0.44765625 0.58203125 0.01171875 0.03125
1 0.11796875 0.68359375 0.01328125 0.02734375
3 0.121875 0.63046875 0.0140625 0.04375
3 0.3515625 0.59375 0.015625 0.04140625
4 0.34765625 0.65078125 0.0453125 0.046875
4 0.4078125 0.6625 0.05859375 0.075
4 0.51796875 0.571875 0.046875 0.0484375
4 0.61171875 0.559375 0.03515625 0.03515625
4 0.484375 0.53203125 0.0546875 0.0765625
3 0.040625 0.71015625 0.03046875 0.08203125
4 0.64296875 0.5421875 0.03046875 0.0296875
4 0.5609375 0.58671875 0.05703125 0.059375
4 0.28203125 0.6859375 0.071875 0.06640625
4 0.684375 0.62265625 0.046875 0.0515625
4 0.6109375 0.75234375 0.0484375 0.084375
4 0.06484375 0.7125 0.1234375 0.075
4 0.7078125 0.515625 0.04140625 0.06875