3 0.54609375 0.29453125 0.01015625 0.04375
0 0.70859375 0.2578125 0.05390625 0.0703125
4 0.02109375 0.26015625 0.03125 0.02890625
4 0.91796875 0.50546875 0.09375 0.05625
4 0.23671875 0.39453125 0.02734375 0.01875
4 0.67421875 0.3140625 0.04453125 0.05546875
4 0.76796875 0.27421875 0.03515625 0.0375
4 0.2 0.37734375 0.028125 0.03046875
3 0.36015625 0.37265625 0.01875 0.05390625
3 0.40234375 0.36640625 0.01875 0.06640625
3 0.58828125 0.25859375 0.01171875 0.03359375
4 0.9703125 0.821875 0.05546875 0.08515625
4 0.06796875 0.36015625 0.028125 0.03359375
4 0.23046875 0.31015625 0.02265625 0.02890625
4 0.17109375 0.29140625 0.03515625 0.02109375