3 0.56875 0.246875 0.0125 0.03125
3 0.80390625 0.309375 0.0140625 0.04375
3 0.81015625 0.465625 0.01875 0.08515625
3 0.796875 0.371875 0.01484375 0.05078125
4 0.0640625 0.26953125 0.028125 0.02265625
4 0.071875 0.365625 0.03828125 0.028125
4 0.10859375 0.28125 0.02421875 0.01640625
4 0.15 0.29140625 0.0328125 0.02109375
4 0.31640625 0.33515625 0.0484375 0.025
4 0.93046875 0.5875 0.13671875 0.13359375
4 0.590625 0.23828125 0.03671875 0.02265625
4 0.7875 0.26171875 0.03828125 0.02734375
4 0.00546875 0.259375 0.0109375 0.015625
4 0.20546875 0.30390625 0.04453125 0.0328125
4 0.0921875 0.34765625 0.03828125 0.028125
3 0.77109375 0.39296875 0.021875 0.08125
3 0.79140625 0.4015625 0.0125 0.05078125
3 0.7796875 0.35859375 0.01484375 0.03984375
4 0.70546875 0.24921875 0.028125 0.03046875