1 0.7375 0.35 0.0171875 0.025
1 0.58359375 0.43828125 0.01015625 0.028125
1 0.75390625 0.359375 0.00546875 0.02734375
1 0.721875 0.37734375 0.00859375 0.02890625
1 0.69765625 0.38359375 0.00859375 0.02890625
1 0.6625 0.39453125 0.01015625 0.03515625
4 0.82265625 0.28515625 0.01171875 0.025
1 0.57265625 0.44609375 0.01171875 0.0296875
4 0.034375 0.31875 0.06796875 0.03359375
4 0.64609375 0.35390625 0.0453125 0.04140625
1 0.79140625 0.34375 0.00859375 0.025
1 0.6265625 0.41640625 0.00859375 0.0375