1 0.66328125 0.38984375 0.00546875 0.0375
1 0.79296875 0.34296875 0.00546875 0.01875
1 0.76953125 0.34921875 0.00546875 0.02265625
4 0.0328125 0.32109375 0.065625 0.03125
4 0.04296875 0.471875 0.08515625 0.07265625
4 0.1125 0.3203125 0.05625 0.03515625
4 0.1875 0.33515625 0.096875 0.0625
1 0.6265625 0.4125 0.00546875 0.03359375
4 0.08515625 0.26484375 0.0609375 0.03828125
1 0.73828125 0.35625 0.015625 0.04609375
1 0.584375 0.43359375 0.00703125 0.0375
1 0.57265625 0.43046875 0.00546875 0.03984375
1 0.6984375 0.37890625 0.00703125 0.03359375