4 0.115625 0.321875 0.0546875 0.03515625
4 0.05078125 0.30546875 0.075 0.0421875
4 0.03515625 0.328125 0.0703125 0.046875
4 0.03359375 0.37109375 0.06640625 0.04765625
4 0.1875 0.33984375 0.09375 0.06796875
4 0.13125 0.36015625 0.07265625 0.04296875
1 0.7328125 0.35859375 0.02578125 0.05390625
1 0.79375 0.34296875 0.00546875 0.01875
1 0.77109375 0.34921875 0.00546875 0.02265625
1 0.75546875 0.35703125 0.00546875 0.02265625
1 0.7 0.378125 0.00546875 0.03125
1 0.66171875 0.39296875 0.00546875 0.03515625
1 0.61640625 0.41328125 0.00546875 0.03515625
1 0.58359375 0.428125 0.00546875 0.03515625
1 0.57421875 0.434375 0.00546875 0.03515625
1 0.6265625 0.41328125 0.00546875 0.03125
4 0.86875 0.34375 0.03828125 0.0375
4 0.19765625 0.49609375 0.1421875 0.10390625
4 0.94140625 0.859375 0.11484375 0.13984375
4 0.3484375 0.4625 0.10546875 0.07109375