4 0.95390625 0.51875 0.08984375 0.05390625
4 0.06484375 0.43203125 0.0390625 0.034375
4 0.17890625 0.3734375 0.03984375 0.0234375
4 0.159375 0.29375 0.0265625 0.0203125
4 0.9265625 0.58984375 0.09765625 0.07109375
4 0.08125 0.478125 0.059375 0.04453125
4 0.14296875 0.38359375 0.0390625 0.03125
4 0.3296875 0.34921875 0.03828125 0.03125
0 0.60859375 0.20859375 0.0625 0.03203125
4 0.0453125 0.353125 0.03046875 0.0375
4 0.1328125 0.296875 0.028125 0.02578125
4 0.0578125 0.27265625 0.02421875 0.02109375
4 0.19921875 0.30625 0.02578125 0.025
4 0.015625 0.265625 0.028125 0.02265625
3 0.79375 0.3 0.00859375 0.04140625
4 0.01171875 0.4796875 0.0234375 0.040625
4 0.8640625 0.4875 0.04375 0.04609375
4 0.09296875 0.39375 0.04140625 0.0375
4 0.00625 0.36328125 0.0125 0.03125
4 0.25703125 0.31796875 0.0453125 0.03515625