4 0.85625 0.28203125 0.02734375 0.02109375
1 0.584375 0.42890625 0.01328125 0.04375
1 0.62578125 0.41484375 0.0125 0.0375
1 0.6625 0.390625 0.0125 0.03984375
1 0.72265625 0.37734375 0.00703125 0.02109375
1 0.69765625 0.37890625 0.01171875 0.0375
1 0.79140625 0.340625 0.00546875 0.01875
1 0.80625 0.33125 0.00703125 0.02109375
1 0.82265625 0.32578125 0.00546875 0.01875
1 0.7375 0.34453125 0.02265625 0.03515625
4 0.86953125 0.27734375 0.0171875 0.0171875
4 0.88125 0.2734375 0.0140625 0.015625
4 0.4625 0.3484375 0.05859375 0.04453125
4 0.82734375 0.275 0.0140625 0.01875
3 0.8515625 0.31328125 0.0078125 0.034375
4 0.41171875 0.30859375 0.04140625 0.0375
4 0.39296875 0.3109375 0.01875 0.0375
4 0.32578125 0.31796875 0.05 0.04296875
4 0.11484375 0.31875 0.06015625 0.03515625
4 0.0328125 0.31875 0.065625 0.03359375
4 0.00390625 0.33125 0.00703125 0.03125
4 0.01875 0.38359375 0.03671875 0.04375
4 0.8421875 0.26796875 0.01796875 0.021875
4 0.12890625 0.46015625 0.12890625 0.08046875
4 0.79375 0.2625 0.0140625 0.03359375
4 0.85078125 0.425 0.07421875 0.0625
4 0.6671875 0.53203125 0.0921875 0.08515625
4 0.2265625 0.41484375 0.08828125 0.05859375
4 0.2796875 0.42421875 0.0984375 0.059375
4 0.16328125 0.51015625 0.15078125 0.10390625
4 0.91953125 0.34296875 0.04453125 0.059375
1 0.57265625 0.43671875 0.01484375 0.04375