4 0.03203125 0.3625 0.053125 0.0203125
4 0.37109375 0.9125 0.309375 0.17109375
4 0.090625 0.4265625 0.0609375 0.03984375
4 0.05390625 0.38359375 0.059375 0.0375
4 0.02734375 0.43984375 0.05390625 0.04140625
4 0.2015625 0.49609375 0.10703125 0.0828125
4 0.02734375 0.390625 0.05390625 0.03515625
4 0.05625 0.434375 0.06796875 0.0390625
4 0.55859375 0.365625 0.03984375 0.02734375
4 0.05078125 0.5578125 0.1015625 0.078125
3 0.63359375 0.371875 0.00859375 0.02734375
3 0.9796875 0.48125 0.01015625 0.04609375
1 0.65 0.41796875 0.0125 0.03125
4 0.6890625 0.3625 0.04375 0.02421875
4 0.32109375 0.38046875 0.04921875 0.03828125
4 0.2015625 0.396875 0.0625 0.04140625
4 0.17890625 0.40546875 0.07265625 0.034375
4 0.1546875 0.4140625 0.0546875 0.03671875
4 0.12265625 0.41796875 0.05859375 0.0421875
4 0.11015625 0.37890625 0.05 0.028125
4 0.08046875 0.3828125 0.0328125 0.0328125