4 0.0046875 0.328125 0.009375 0.028125
4 0.3265625 0.315625 0.05078125 0.040625
4 0.4125 0.30625 0.04296875 0.0390625
1 0.584375 0.428125 0.009375 0.03828125
4 0.8546875 0.28359375 0.02265625 0.02109375
1 0.66171875 0.3875 0.01171875 0.04140625
1 0.696875 0.37734375 0.0125 0.0375
1 0.7546875 0.353125 0.00703125 0.02734375
1 0.76875 0.34765625 0.00859375 0.025
1 0.73203125 0.359375 0.0296875 0.05625
1 0.79140625 0.33984375 0.00859375 0.02109375
1 0.8234375 0.321875 0.00703125 0.02265625
1 0.5734375 0.43359375 0.009375 0.03828125
1 0.6265625 0.41484375 0.01171875 0.0375
4 0.8328125 0.271875 0.0296875 0.03125
4 0.11484375 0.31796875 0.06015625 0.0328125
4 0.03359375 0.31796875 0.06640625 0.03359375