4 0.55234375 0.4953125 0.18203125 0.190625
1 0.9546875 0.5765625 0.0359375 0.2015625
1 0.3234375 0.45546875 0.015625 0.0421875
3 0.90234375 0.6875 0.04296875 0.13359375
4 0.903125 0.321875 0.03046875 0.0515625
4 0.48125 0.69765625 0.17578125 0.17109375
4 0.85859375 0.91796875 0.2796875 0.16015625
4 0.82890625 0.3859375 0.07109375 0.06640625
4 0.79140625 0.3203125 0.08203125 0.09765625
4 0.68359375 0.41875 0.103125 0.09296875
4 0.76484375 0.46171875 0.0859375 0.0875
4 0.7046875 0.55234375 0.1109375 0.11015625
4 0.65625 0.66640625 0.1109375 0.1375
4 0.740625 0.375 0.0734375 0.05625