4 0.1203125 0.54375 0.16328125 0.10234375
4 0.525 0.4125 0.05390625 0.06484375
4 0.82421875 0.40703125 0.03125 0.03515625
4 0.8625 0.478125 0.065625 0.06015625
4 0.10234375 0.61171875 0.19921875 0.12734375
4 0.49296875 0.653125 0.13359375 0.11484375
4 0.06015625 0.41640625 0.10546875 0.05703125
4 0.05234375 0.32890625 0.05078125 0.01875
4 0.01171875 0.35234375 0.0234375 0.0203125
4 0.0203125 0.34765625 0.034375 0.01875
4 0.890625 0.31953125 0.034375 0.02734375
4 0.0515625 0.33984375 0.03671875 0.0125
4 0.34609375 0.36875 0.0171875 0.04375
4 0.11171875 0.40546875 0.0953125 0.05703125
4 0.1625 0.38671875 0.09296875 0.06328125
4 0.390625 0.35234375 0.03828125 0.0484375
4 0.83515625 0.31484375 0.02109375 0.0234375
1 0.73046875 0.4125 0.015625 0.04609375
4 0.01328125 0.3875 0.0265625 0.028125
4 0.02734375 0.37578125 0.05390625 0.03125
4 0.0546875 0.3734375 0.04765625 0.03828125
4 0.071875 0.36328125 0.0765625 0.0359375