4 0.07265625 0.3125 0.02890625 0.02890625
4 0.1609375 0.34921875 0.071875 0.03671875
4 0.25859375 0.33359375 0.04765625 0.02734375
4 0.54921875 0.3390625 0.05859375 0.03046875
4 0.0875 0.34296875 0.0703125 0.0296875
4 0.8859375 0.3265625 0.01953125 0.021875
4 0.8359375 0.32734375 0.01953125 0.02734375
1 0.73125 0.4125 0.0140625 0.05
4 0.86875 0.334375 0.02890625 0.0203125
4 0.0390625 0.375 0.078125 0.0375
4 0.071875 0.365625 0.05703125 0.0375
4 0.03359375 0.3109375 0.046875 0.025
4 0.85546875 0.3203125 0.0234375 0.021875
4 0.23671875 0.38203125 0.0796875 0.0453125
4 0.796875 0.32734375 0.02265625 0.02890625