1 0.80703125 0.33671875 0.00546875 0.01875
4 0.19140625 0.47109375 0.1328125 0.08828125
4 0.27109375 0.50078125 0.13046875 0.084375
4 0.3109375 0.43046875 0.08203125 0.05859375
4 0.6609375 0.31328125 0.01875 0.03125
4 0.41640625 0.446875 0.065625 0.07265625
4 0.54765625 0.6125 0.0921875 0.12109375
4 0.8328125 0.278125 0.0140625 0.01953125
4 0.03359375 0.32109375 0.06640625 0.03125
4 0.11484375 0.31875 0.059375 0.0328125
4 0.6125 0.29296875 0.05078125 0.02578125
3 0.8359375 0.31796875 0.01015625 0.02734375
3 0.23828125 0.36328125 0.01875 0.04375
3 0.18359375 0.384375 0.01875 0.05234375
3 0.88046875 0.31640625 0.00546875 0.0296875
3 0.875 0.31328125 0.00546875 0.0328125
3 0.86953125 0.31484375 0.00546875 0.02890625
1 0.79296875 0.34375 0.00703125 0.02109375
1 0.7375 0.35078125 0.0140625 0.03125
1 0.75546875 0.36328125 0.00546875 0.01484375
1 0.72265625 0.37421875 0.00546875 0.01875
1 0.69921875 0.37890625 0.00546875 0.025
1 0.66328125 0.396875 0.00546875 0.02734375
1 0.628125 0.415625 0.01171875 0.03984375
1 0.82265625 0.328125 0.00546875 0.01484375
1 0.584375 0.4328125 0.01015625 0.0390625
1 0.57265625 0.43828125 0.0125 0.04375
4 0.81953125 0.28046875 0.015625 0.02109375
4 0.790625 0.27578125 0.01796875 0.01796875
4 0.75859375 0.28203125 0.015625 0.01875
4 0.41484375 0.30625 0.040625 0.0359375
4 0.39765625 0.309375 0.0265625 0.03671875
4 0.3921875 0.3140625 0.01875 0.0359375
4 0.3265625 0.31796875 0.05078125 0.0421875
4 0.0046875 0.33125 0.009375 0.021875
4 0.01953125 0.38203125 0.03828125 0.04375