4 0.60078125 0.60546875 0.0921875 0.103125
4 0.0765625 0.92265625 0.153125 0.15
4 0.53359375 0.69140625 0.11796875 0.1125
4 0.38125 0.66484375 0.13125 0.1078125
4 0.39765625 0.80625 0.16484375 0.15859375
4 0.4671875 0.58203125 0.109375 0.0890625
4 0.73203125 0.42890625 0.04140625 0.05
4 0.6484375 0.51640625 0.07109375 0.078125
4 0.59609375 0.4796875 0.0703125 0.07109375
4 0.66875 0.42265625 0.0359375 0.03828125
1 0.759375 0.85234375 0.02734375 0.10859375
1 0.9234375 0.92265625 0.02578125 0.01640625
1 0.809375 0.5875 0.03515625 0.08359375
4 0.253125 0.77109375 0.1859375 0.1390625