1 0.73046875 0.41328125 0.015625 0.04765625
4 0.25546875 0.33359375 0.0421875 0.02890625
4 0.07109375 0.31015625 0.0359375 0.0265625
4 0.79453125 0.35234375 0.01875 0.02265625
4 0.87265625 0.31484375 0.01640625 0.01953125
3 0.88828125 0.36953125 0.01015625 0.034375
4 0.88125 0.309375 0.0171875 0.0203125
4 0.03515625 0.31015625 0.04921875 0.028125
4 0.0453125 0.54375 0.090625 0.0875
4 0.0390625 0.37421875 0.078125 0.03515625
4 0.071875 0.36640625 0.0578125 0.0375
4 0.0859375 0.34375 0.0703125 0.03359375
4 0.2390625 0.38125 0.0828125 0.04296875
4 0.83359375 0.3296875 0.01171875 0.02265625
4 0.634375 0.346875 0.05 0.03125
4 0.909375 0.43125 0.065625 0.075
4 0.87109375 0.51484375 0.08125 0.06640625
4 0.0828125 0.925 0.165625 0.14375
4 0.10234375 0.55546875 0.146875 0.09765625
4 0.85546875 0.321875 0.02734375 0.021875