4 0.325 0.66875 0.09375 0.08671875
4 0.78984375 0.66875 0.06328125 0.04296875
4 0.25703125 0.9359375 0.14453125 0.121875
4 0.21640625 0.6375 0.0625 0.06640625
4 0.10859375 0.6484375 0.05546875 0.0765625
4 0.09921875 0.57578125 0.03984375 0.040625
4 0.0890625 0.50390625 0.0265625 0.02109375
4 0.34765625 0.815625 0.128125 0.13984375
4 0.1484375 0.5375 0.03203125 0.0359375
4 0.57109375 0.54453125 0.03984375 0.0328125
4 0.32734375 0.5328125 0.02890625 0.025
4 0.12578125 0.51171875 0.0234375 0.02890625
4 0.32578125 0.48984375 0.02421875 0.028125
4 0.29296875 0.478125 0.0328125 0.04453125
4 0.86484375 0.6546875 0.0421875 0.0421875
4 0.15234375 0.71796875 0.08203125 0.09453125
4 0.7109375 0.6421875 0.053125 0.0421875
4 0.4390625 0.5140625 0.01953125 0.02109375
4 0.58125 0.64375 0.05390625 0.0453125