4 0.7203125 0.48125 0.10859375 0.09609375
4 0.7875 0.33203125 0.040625 0.05234375
4 0.853125 0.28046875 0.0328125 0.05625
4 0.8265625 0.37265625 0.0625 0.06484375
4 0.3296875 0.871875 0.278125 0.25234375
4 0.9046875 0.309375 0.034375 0.05234375
4 0.9296875 0.265625 0.02734375 0.03125
4 0.71796875 0.3921875 0.078125 0.0703125
1 0.4296875 0.48828125 0.859375 0.7375
1 0.31953125 0.45703125 0.0171875 0.040625
3 0.87109375 0.72734375 0.0484375 0.15
3 0.8515625 0.60234375 0.0296875 0.1
4 0.6375 0.4578125 0.09375 0.0859375
4 0.034375 0.928125 0.06796875 0.13984375
1 0.95546875 0.578125 0.040625 0.18828125