4 0.7984375 0.61015625 0.1484375 0.09609375
4 0.753125 0.53671875 0.1328125 0.06484375
4 0.7109375 0.490625 0.06015625 0.0484375
4 0.7 0.45859375 0.05546875 0.0453125
4 0.7 0.43359375 0.06015625 0.03046875
4 0.6875 0.39296875 0.0578125 0.03046875
4 0.68359375 0.37578125 0.06015625 0.028125
4 0.28046875 0.45078125 0.02421875 0.02890625
4 0.30625 0.421875 0.0203125 0.0203125
4 0.49765625 0.43828125 0.05078125 0.05078125
4 0.253125 0.40390625 0.01796875 0.0203125
4 0.18203125 0.43046875 0.021875 0.01875
4 0.10234375 0.4609375 0.03359375 0.0375
4 0.16796875 0.42421875 0.025 0.025
4 0.0453125 0.4796875 0.03984375 0.0328125
4 0.4640625 0.40234375 0.03984375 0.040625
4 0.1859375 0.4859375 0.01953125 0.034375
4 0.57578125 0.34453125 0.01875 0.02109375
4 0.51328125 0.3546875 0.0234375 0.02265625
4 0.2609375 0.3796875 0.01796875 0.01953125