3 0.0125 0.55234375 0.0109375 0.04609375
4 0.4546875 0.56640625 0.0390625 0.03359375
4 0.59453125 0.55546875 0.0484375 0.034375
4 0.2640625 0.48515625 0.021875 0.0234375
4 0.32578125 0.4984375 0.034375 0.05
4 0.50078125 0.6203125 0.04765625 0.0421875
4 0.3390625 0.67421875 0.10078125 0.09765625
4 0.16484375 0.7390625 0.084375 0.11953125
4 0.17578125 0.84609375 0.1015625 0.15
4 0.28203125 0.94296875 0.16015625 0.10703125
4 0.31796875 0.80546875 0.128125 0.1234375
4 0.459375 0.78203125 0.13046875 0.115625
4 0.4640625 0.91875 0.19140625 0.15546875
4 0.746875 0.63515625 0.0453125 0.034375
4 0.359375 0.55 0.05703125 0.03828125
4 0.17578125 0.5796875 0.040625 0.053125
4 0.1109375 0.603125 0.05078125 0.059375
4 0.303125 0.5765625 0.0328125 0.0390625
4 0.74765625 0.72109375 0.090625 0.0671875
4 0.271875 0.6296875 0.0671875 0.06796875
4 0.85078125 0.65703125 0.06328125 0.0453125
4 0.1515625 0.5109375 0.03203125 0.03125
4 0.55546875 0.621875 0.05859375 0.0484375
4 0.6359375 0.90546875 0.19921875 0.18125
4 0.1515625 0.5578125 0.03359375 0.0421875
4 0.1390625 0.484375 0.02109375 0.02109375