4 0.559375 0.3734375 0.028125 0.02421875
4 0.928125 0.7515625 0.13828125 0.121875
4 0.54375 0.35859375 0.02421875 0.0171875
4 0.70234375 0.45625 0.05859375 0.05
4 0.7484375 0.52890625 0.109375 0.0625
4 0.2546875 0.38203125 0.05625 0.04921875
4 0.51328125 0.40859375 0.03359375 0.0359375
4 0.49453125 0.371875 0.0265625 0.0296875
4 0.528125 0.3390625 0.01953125 0.02109375
4 0.56640625 0.3390625 0.02109375 0.01875
4 0.42578125 0.42734375 0.05078125 0.0484375
4 0.55078125 0.4484375 0.046875 0.046875
4 0.359375 0.60625 0.1109375 0.11484375
4 0.515625 0.5328125 0.0765625 0.08671875