4 0.278125 0.19921875 0.04453125 0.04375
4 0.64140625 0.38515625 0.12890625 0.09609375
4 0.284375 0.7046875 0.1875 0.22890625
4 0.45234375 0.28515625 0.084375 0.07109375
4 0.225 0.540625 0.13046875 0.14375
4 0.17265625 0.47109375 0.09921875 0.11015625
4 0.1453125 0.39765625 0.0875 0.08828125
4 0.3984375 0.26171875 0.06796875 0.06171875
4 0.35546875 0.2390625 0.0578125 0.046875
4 0.25625 0.1859375 0.034375 0.03359375
3 0.16953125 0.79453125 0.0921875 0.159375
3 0.40546875 0.77890625 0.0640625 0.19140625
3 0.1203125 0.88203125 0.1609375 0.23125
3 0.32421875 0.8875 0.09609375 0.19140625
3 0.32421875 0.8109375 0.05078125 0.17265625
3 0.33203125 0.76484375 0.05078125 0.17265625
1 0.403125 0.21328125 0.01953125 0.03125