4 0.565625 0.6875 0.22421875 0.240625
4 0.659375 0.63515625 0.06796875 0.05390625
4 0.73203125 0.765625 0.096875 0.078125
4 0.2046875 0.46953125 0.0296875 0.02578125
4 0.58828125 0.56484375 0.04921875 0.0375
4 0.165625 0.4703125 0.02421875 0.025
4 0.32734375 0.69375 0.065625 0.06875
4 0.14921875 0.52578125 0.0421875 0.03125
4 0.24609375 0.434375 0.03125 0.028125
4 0.35234375 0.46875 0.05078125 0.08359375
4 0.309375 0.471875 0.02265625 0.02109375
4 0.41171875 0.48984375 0.03984375 0.028125
4 0.77265625 0.6578125 0.0796875 0.059375
4 0.8890625 0.6734375 0.0796875 0.0625
4 0.97265625 0.6875 0.0484375 0.0625
4 0.95703125 0.77421875 0.0796875 0.06953125
4 0.490625 0.50859375 0.0421875 0.03046875