4 0.63671875 0.471875 0.0328125 0.0296875
4 0.40625 0.6390625 0.096875 0.090625
4 0.52578125 0.4953125 0.0359375 0.02734375
4 0.47265625 0.51796875 0.0265625 0.02578125
4 0.5234375 0.56640625 0.04296875 0.0234375
4 0.4203125 0.45859375 0.02421875 0.01875
4 0.45546875 0.44453125 0.02265625 0.0203125
4 0.41875 0.42265625 0.015625 0.021875
4 0.584375 0.50703125 0.02734375 0.01953125
0 0.771875 0.71171875 0.19453125 0.18984375
4 0.44140625 0.4875 0.025 0.02421875
4 0.4859375 0.44921875 0.025 0.0203125
4 0.4 0.4453125 0.0203125 0.02109375
4 0.590625 0.446875 0.02421875 0.01875
4 0.390625 0.41875 0.01484375 0.015625
4 0.490625 0.47421875 0.02109375 0.0203125
4 0.75 0.5421875 0.04609375 0.0265625
4 0.75 0.51015625 0.05078125 0.040625
4 0.6203125 0.58828125 0.04921875 0.0390625
4 0.46640625 0.48125 0.02265625 0.02578125
4 0.5296875 0.47265625 0.028125 0.0203125
4 0.88203125 0.596875 0.0484375 0.04140625
4 0.96328125 0.61640625 0.06796875 0.08671875
4 0.82421875 0.559375 0.07421875 0.0484375
4 0.65234375 0.546875 0.04296875 0.03125
4 0.79609375 0.62421875 0.07109375 0.053125
4 0.7078125 0.6015625 0.05625 0.040625
4 0.88125 0.70703125 0.05703125 0.04453125
4 0.590625 0.53671875 0.040625 0.040625
4 0.69609375 0.49140625 0.03359375 0.03203125
4 0.52265625 0.5359375 0.0390625 0.0296875
4 0.9265625 0.69453125 0.06640625 0.053125
4 0.57265625 0.46328125 0.0203125 0.01875
4 0.55546875 0.4421875 0.01796875 0.01953125
4 0.60703125 0.48125 0.02578125 0.0203125