4 0.1453125 0.35390625 0.06015625 0.075
4 0.43125 0.27734375 0.07421875 0.06875
4 0.38203125 0.2578125 0.059375 0.05546875
4 0.2578125 0.196875 0.03125 0.0359375
4 0.234375 0.184375 0.03046875 0.03046875
4 0.2296875 0.25 0.05546875 0.05
4 0.21484375 0.54296875 0.121875 0.13515625
4 0.503125 0.3125 0.10390625 0.08359375
3 0.58828125 0.303125 0.01953125 0.0828125
3 0.140625 0.80546875 0.05703125 0.21015625
3 0.06953125 0.828125 0.05390625 0.20625
4 0.284375 0.20390625 0.046875 0.0453125
3 0.565625 0.30703125 0.02265625 0.08515625
4 0.16640625 0.44375 0.09765625 0.10390625