4 0.39375 0.58125 0.03125 0.03125
4 0.4484375 0.5859375 0.04375 0.034375
4 0.33671875 0.4984375 0.0265625 0.02578125
4 0.2421875 0.48671875 0.01796875 0.01875
4 0.29375 0.4734375 0.0203125 0.0171875
4 0.2703125 0.5171875 0.0203125 0.02734375
4 0.81796875 0.6671875 0.0875 0.075
4 0.97578125 0.721875 0.0421875 0.0359375
4 0.70625 0.6375 0.05625 0.040625
4 0.5546875 0.534375 0.0296875 0.025
4 0.31328125 0.44921875 0.0328125 0.0375
4 0.2625 0.46484375 0.0125 0.015625
4 0.24375 0.465625 0.01328125 0.0125
4 0.48046875 0.51015625 0.0171875 0.02109375
4 0.4875 0.9515625 0.17890625 0.090625
4 0.71015625 0.925 0.22734375 0.1421875
4 0.46484375 0.76875 0.1390625 0.13515625
4 0.5125 0.65625 0.059375 0.0484375
4 0.60234375 0.5921875 0.05703125 0.03828125
4 0.34765625 0.58828125 0.03125 0.03828125
4 0.2796875 0.55390625 0.03125 0.02421875
4 0.50234375 0.590625 0.03984375 0.03359375
4 0.74921875 0.58828125 0.1171875 0.1