4 0.9796875 0.48984375 0.034375 0.053125
4 0.984375 0.42109375 0.02578125 0.03203125
4 0.578125 0.43515625 0.034375 0.028125
4 0.69140625 0.54609375 0.0875 0.075
4 0.54765625 0.4734375 0.04453125 0.04609375
4 0.578125 0.36015625 0.03515625 0.03359375
4 0.36640625 0.43125 0.03515625 0.02578125
4 0.26953125 0.45859375 0.034375 0.02734375
4 0.47421875 0.4640625 0.02578125 0.0328125
4 0.621875 0.4109375 0.0328125 0.0328125
0 0.51953125 0.371875 0.0453125 0.04140625
4 0.97734375 0.40078125 0.03984375 0.03046875
4 0.978125 0.45 0.0375 0.03359375