1 0.5125 0.325 0.00625 0.01796875
1 0.9265625 0.559375 0.02109375 0.06015625
1 0.6234375 0.4359375 0.02265625 0.01328125
1 0.45390625 0.63671875 0.01796875 0.06953125
1 0.465625 0.58828125 0.01796875 0.06953125
1 0.4765625 0.53125 0.01796875 0.06953125
1 0.51953125 0.334375 0.00546875 0.0171875
1 0.5109375 0.31484375 0.00625 0.01796875
1 0.72109375 0.475 0.015625 0.05
1 0.79765625 0.51015625 0.01875 0.05390625
1 0.41796875 0.96171875 0.0765625 0.07265625
1 0.41640625 0.99453125 0.00546875 0.00625
1 0.440625 0.71796875 0.02734375 0.09140625
1 0.63984375 0.43828125 0.01015625 0.04609375
1 0.52265625 0.3546875 0.00546875 0.0234375
4 0.096875 0.25078125 0.0390625 0.0375
4 0.1609375 0.275 0.078125 0.0265625