1 0.62421875 0.43671875 0.02265625 0.015625
1 0.434375 0.7203125 0.0359375 0.096875
1 0.51875 0.334375 0.00546875 0.0234375
1 0.51171875 0.32578125 0.00546875 0.0234375
1 0.453125 0.64453125 0.0234375 0.0796875
1 0.4171875 0.96171875 0.075 0.07265625
1 0.79921875 0.515625 0.0125 0.04765625
1 0.92734375 0.55546875 0.0171875 0.05234375
1 0.7203125 0.475 0.0140625 0.04609375
1 0.46328125 0.58984375 0.0171875 0.075
1 0.47578125 0.53671875 0.0171875 0.075
1 0.57265625 0.390625 0.01171875 0.03515625
1 0.52265625 0.35546875 0.00546875 0.0265625
1 0.63828125 0.43828125 0.0109375 0.04765625
4 0.1625 0.28203125 0.07421875 0.03359375
4 0.09921875 0.25 0.034375 0.03984375