1 0.63828125 0.4390625 0.0125 0.0421875
1 0.4546875 0.6421875 0.02109375 0.07890625
1 0.4625 0.59375 0.02109375 0.07890625
1 0.47578125 0.5328125 0.015625 0.0703125
1 0.62265625 0.4375 0.0265625 0.01484375
1 0.51875 0.33515625 0.0046875 0.02578125
1 0.51171875 0.325 0.00546875 0.0234375
1 0.51015625 0.30703125 0.00546875 0.0234375
1 0.4234375 0.99375 0.00546875 0.00859375
1 0.41484375 0.96171875 0.0765625 0.07265625
1 0.9296875 0.55546875 0.01875 0.05625
1 0.7984375 0.5125 0.0140625 0.05
1 0.52265625 0.35546875 0.00625 0.02734375
1 0.7203125 0.475 0.0140625 0.04609375
1 0.57109375 0.3890625 0.00859375 0.03203125
1 0.43828125 0.71875 0.03046875 0.09609375