1 0.51953125 0.3234375 0.00546875 0.01953125
1 0.45390625 0.63828125 0.021875 0.07578125
1 0.46328125 0.5859375 0.01875 0.071875
1 0.6234375 0.4296875 0.02265625 0.015625
4 0.1609375 0.27265625 0.0796875 0.03203125
4 0.5046875 0.2453125 0.01015625 0.01171875
1 0.4765625 0.53125 0.01875 0.071875
1 0.4296875 0.99140625 0.02109375 0.0125
1 0.41796875 0.95546875 0.08359375 0.08515625
1 0.92734375 0.55078125 0.0171875 0.05625
1 0.79921875 0.50625 0.0125 0.05390625
1 0.7203125 0.46875 0.0140625 0.05
1 0.5125 0.31953125 0.00625 0.021875
1 0.640625 0.4328125 0.0140625 0.0421875
0 0.45625 0.3359375 0.06015625 0.0875
1 0.571875 0.3828125 0.00859375 0.03671875
1 0.5234375 0.35234375 0.00625 0.028125
1 0.43828125 0.7140625 0.0328125 0.09765625
4 0.09765625 0.24296875 0.0375 0.03515625