3 0.20546875 0.47890625 0.01875 0.090625
0 0.37421875 0.36484375 0.1015625 0.13359375
4 0.40859375 0.4515625 0.0765625 0.08046875
4 0.98125 0.48828125 0.03125 0.0609375
4 0.89140625 0.54921875 0.18203125 0.0953125
4 0.903125 0.6578125 0.1875 0.11796875
4 0.5 0.4296875 0.06953125 0.0703125
4 0.35078125 0.59765625 0.246875 0.1625
4 0.26953125 0.3421875 0.03515625 0.04140625
4 0.075 0.8453125 0.15 0.209375
4 0.475 0.365625 0.046875 0.05
4 0.31328125 0.33828125 0.01875 0.05078125
3 0.19609375 0.42734375 0.01796875 0.07109375