4 0.084375 0.29453125 0.0953125 0.071875
4 0.97578125 0.23203125 0.04375 0.0703125
3 0.896875 0.171875 0.00859375 0.0375
3 0.90078125 0.28828125 0.01875 0.0796875
3 0.91875 0.1625 0.00625 0.034375
3 0.9078125 0.171875 0.00859375 0.0375
3 0.88046875 0.26328125 0.0140625 0.05546875
3 0.97734375 0.55 0.03984375 0.14140625
3 0.9375 0.30859375 0.028125 0.09140625
3 0.83203125 0.33984375 0.034375 0.06171875
3 0.8625 0.2578125 0.01484375 0.06171875
4 0.22421875 0.3171875 0.14921875 0.08046875
4 0.9828125 0.35625 0.028125 0.1125