3 0.153125 0.55703125 0.01875 0.0703125
3 0.11796875 0.50078125 0.01875 0.05625
4 0.27890625 0.2703125 0.01796875 0.01875
4 0.984375 0.5 0.02578125 0.06640625
4 0.27109375 0.321875 0.034375 0.0453125
4 0.434375 0.33984375 0.03984375 0.02890625
3 0.759375 0.45 0.015625 0.0546875
4 0.3234375 0.28125 0.01796875 0.0140625
3 0.71796875 0.4625 0.015625 0.07890625
3 0.7015625 0.46328125 0.01953125 0.07890625
3 0.1140625 0.6125 0.03359375 0.12578125
3 0.1796875 0.54140625 0.0234375 0.09296875
4 0.68203125 0.55 0.1421875 0.11640625
3 0.15078125 0.609375 0.03125 0.11640625
3 0.7765625 0.4453125 0.01875 0.0671875