4 0.36484375 0.3234375 0.0296875 0.0328125
4 0.53828125 0.4546875 0.07890625 0.0890625
4 0.36015625 0.38671875 0.03984375 0.05
4 0.3453125 0.3625 0.0328125 0.0421875
4 0.3203125 0.328125 0.03046875 0.034375
4 0.2765625 0.33203125 0.0328125 0.03828125
4 0.3890625 0.40703125 0.05546875 0.0671875
4 0.47734375 0.41171875 0.0578125 0.0625
4 0.43828125 0.38046875 0.0515625 0.04609375
4 0.41328125 0.35 0.04453125 0.0546875
3 0.8171875 0.46171875 0.025 0.0765625
3 0.19609375 0.45859375 0.01875 0.07421875
3 0.19921875 0.39609375 0.0125 0.053125
3 0.1828125 0.40703125 0.0125 0.05625
3 0.7921875 0.46328125 0.01953125 0.0765625