4 0.9703125 0.18515625 0.04296875 0.05390625
4 0.05703125 0.48515625 0.11328125 0.1375
3 0.721875 0.66640625 0.05703125 0.18359375
2 0.18203125 0.9 0.13046875 0.19140625
2 0.41328125 0.89375 0.184375 0.20390625
0 0.65078125 0.35703125 0.60859375 0.221875
4 0.02734375 0.29375 0.05390625 0.0875
4 0.38671875 0.47578125 0.20390625 0.16875
4 0.32890625 0.54296875 0.25859375 0.2390625
3 0.35234375 0.29140625 0.02265625 0.06640625
4 0.08671875 0.41484375 0.1734375 0.1125
4 0.240625 0.31796875 0.16171875 0.10234375