4 0.71953125 0.31796875 0.08125 0.07578125
4 0.65 0.25703125 0.053125 0.0546875
4 0.475 0.2546875 0.046875 0.06640625
4 0.62421875 0.3328125 0.07578125 0.08046875
4 0.55234375 0.47890625 0.09609375 0.14140625
4 0.54140625 0.16875 0.025 0.028125
4 0.5578125 0.17734375 0.03046875 0.034375
4 0.396875 0.39609375 0.075 0.0953125
4 0.2390625 0.203125 0.0453125 0.04609375
1 0.01484375 0.50625 0.0296875 0.09609375
3 0.2015625 0.61015625 0.0484375 0.14609375
3 0.58359375 0.16328125 0.00859375 0.03515625
3 0.11484375 0.89453125 0.059375 0.20625
3 0.5703125 0.15390625 0.00703125 0.02890625
4 0.5359375 0.21875 0.0546875 0.07109375
4 0.45703125 0.159375 0.02890625 0.0265625
4 0.40234375 0.4890625 0.0953125 0.13046875
4 0.71796875 0.72578125 0.21171875 0.27734375