4 0.603125 0.53359375 0.121875 0.11953125
4 0.328125 0.29375 0.02265625 0.02578125
4 0.403125 0.40625 0.08671875 0.1296875
4 0.26953125 0.3421875 0.03515625 0.03828125
4 0.8828125 0.7828125 0.22890625 0.24296875
4 0.2640625 0.3078125 0.03046875 0.0296875
4 0.3578125 0.31953125 0.03046875 0.03203125
3 0.16171875 0.4078125 0.0109375 0.0578125
2 0.30078125 0.38125 0.0125 0.059375
2 0.3078125 0.41328125 0.01328125 0.08359375
4 0.3328125 0.3375 0.0328125 0.0359375
2 0.225 0.63203125 0.0453125 0.0875
3 0.20703125 0.5765625 0.0328125 0.0953125
3 0.953125 0.53515625 0.02265625 0.09453125
3 0.1328125 0.58046875 0.02734375 0.09609375
3 0.93046875 0.55859375 0.01953125 0.0828125
3 0.18046875 0.40234375 0.01953125 0.0625