3 0.1578125 0.41484375 0.01484375 0.0625
3 0.19453125 0.4671875 0.0203125 0.07890625
3 0.1796875 0.39921875 0.01484375 0.0625
3 0.203125 0.403125 0.01484375 0.0625
4 0.65 0.51015625 0.246875 0.29296875
4 0.35078125 0.32421875 0.071875 0.1109375
4 0.290625 0.36640625 0.04140625 0.05703125
4 0.2703125 0.3359375 0.040625 0.0484375
3 0.9203125 0.49609375 0.02265625 0.09140625
3 0.2484375 0.4171875 0.01953125 0.0765625
3 0.8875 0.4984375 0.02265625 0.09140625
3 0.78984375 0.4640625 0.01484375 0.07734375