4 0.3328125 0.4609375 0.06953125 0.08671875
4 0.98125 0.49375 0.03125 0.05390625
4 0.35390625 0.36796875 0.04140625 0.05078125
3 0.13515625 0.53984375 0.02578125 0.09609375
3 0.23671875 0.5265625 0.02578125 0.09296875
3 0.2125 0.51015625 0.01796875 0.0984375
3 0.1984375 0.51796875 0.02265625 0.09296875
3 0.16640625 0.5453125 0.02578125 0.09296875
3 0.1953125 0.3625 0.01015625 0.0421875
3 0.2078125 0.31484375 0.0125 0.03046875
4 0.37578125 0.39921875 0.04765625 0.05703125
4 0.51328125 0.4515625 0.0875 0.08046875
4 0.4671875 0.40703125 0.05859375 0.0546875
4 0.51953125 0.38671875 0.04921875 0.053125
4 0.45546875 0.35 0.04453125 0.0421875
4 0.39765625 0.353125 0.046875 0.0453125
4 0.28515625 0.353125 0.0390625 0.05234375