4 0.4796875 0.3609375 0.04609375 0.04765625
4 0.271875 0.32890625 0.03046875 0.04140625
4 0.4984375 0.4265625 0.07265625 0.0734375
4 0.40390625 0.3515625 0.046875 0.05
4 0.29765625 0.29140625 0.0203125 0.0234375
3 0.121875 0.52421875 0.021875 0.084375
3 0.14140625 0.48203125 0.01484375 0.0796875
3 0.15390625 0.49765625 0.0078125 0.053125
3 0.16796875 0.47734375 0.0171875 0.07890625
3 0.20703125 0.4671875 0.0140625 0.078125
3 0.1875 0.47109375 0.01640625 0.06484375
3 0.1953125 0.4125 0.0140625 0.0484375
3 0.18515625 0.40703125 0.0125 0.0671875
3 0.2046875 0.37265625 0.0109375 0.0484375
2 0.30234375 0.35625 0.009375 0.0375