4 0.44140625 0.1203125 0.02421875 0.02421875
4 0.41875 0.1671875 0.02578125 0.028125
4 0.69453125 0.31640625 0.08125 0.071875
4 0.21484375 0.2046875 0.05390625 0.05234375
4 0.6578125 0.28359375 0.06484375 0.06875
4 0.59765625 0.328125 0.0703125 0.071875
4 0.5671875 0.296875 0.053125 0.06015625
4 0.55078125 0.26953125 0.0546875 0.0609375
4 0.57890625 0.21328125 0.04140625 0.0421875
4 0.540625 0.18046875 0.03984375 0.0390625
4 0.46640625 0.159375 0.02265625 0.02890625
4 0.521875 0.23671875 0.04140625 0.04765625
4 0.48828125 0.190625 0.0328125 0.0359375
4 0.5015625 0.14453125 0.03671875 0.0265625
4 0.47578125 0.16640625 0.02265625 0.0265625
4 0.66171875 0.38671875 0.0953125 0.08828125
3 0.7859375 0.31015625 0.02265625 0.07890625
3 0.31484375 0.23359375 0.015625 0.040625
3 0.31640625 0.27890625 0.02109375 0.05859375
3 0.353125 0.16015625 0.01015625 0.0375
3 0.29453125 0.28046875 0.015625 0.05234375
0 0.40234375 0.2421875 0.078125 0.13203125