4 0.56484375 0.1765625 0.0328125 0.034375
4 0.41015625 0.21875 0.03515625 0.04609375
4 0.55546875 0.528125 0.1109375 0.16015625
4 0.1484375 0.603125 0.25390625 0.16015625
4 0.59921875 0.21015625 0.0390625 0.0421875
4 0.72265625 0.690625 0.19296875 0.25234375
4 0.640625 0.09921875 0.01953125 0.01796875
4 0.48984375 0.34765625 0.0796875 0.10859375
4 0.50390625 0.1140625 0.03671875 0.02265625
4 0.6265625 0.234375 0.04453125 0.04765625
4 0.4390625 0.11953125 0.0390625 0.01953125
4 0.58515625 0.20234375 0.03515625 0.03828125
4 0.54375 0.16796875 0.0234375 0.0328125
4 0.234375 0.19921875 0.034375 0.04609375