4 0.39375 0.30546875 0.06640625 0.10625
4 0.48359375 0.13828125 0.04453125 0.0265625
4 0.43203125 0.153125 0.03125 0.02734375
4 0.3140625 0.22265625 0.04375 0.04375
4 0.65390625 0.26015625 0.06640625 0.06640625
4 0.58671875 0.20703125 0.03671875 0.04453125
4 0.7640625 0.35078125 0.1078125 0.10625
4 0.55078125 0.40390625 0.096875 0.11640625
4 0.42265625 0.25625 0.05234375 0.07265625
4 0.56171875 0.175 0.03359375 0.03671875
4 0.540625 0.171875 0.01875 0.0359375
4 0.81640625 0.85 0.23046875 0.29609375