4 0.1859375 0.60546875 0.1203125 0.14453125
4 0.75078125 0.35859375 0.09140625 0.09140625
4 0.4140625 0.36796875 0.06953125 0.096875
4 0.49609375 0.11171875 0.02890625 0.0234375
4 0.58984375 0.22578125 0.046875 0.04296875
4 0.6265625 0.2578125 0.05703125 0.0578125
4 0.66953125 0.290625 0.0734375 0.071875
4 0.23359375 0.196875 0.05234375 0.0609375
4 0.39609375 0.25078125 0.046875 0.040625
4 0.3984375 0.290625 0.05 0.0609375
4 0.69765625 0.32890625 0.06953125 0.07109375
4 0.60078125 0.53984375 0.1421875 0.19140625
4 0.5390625 0.17578125 0.03515625 0.03984375
3 0.63046875 0.20078125 0.0140625 0.05234375
2 0.0921875 0.571875 0.096875 0.11484375
2 0.3109375 0.4984375 0.0375 0.12109375