4 0.27421875 0.225 0.03359375 0.04296875
4 0.45078125 0.1375 0.0296875 0.0265625
4 0.46328125 0.16484375 0.02421875 0.03203125
4 0.49140625 0.1234375 0.03671875 0.0359375
4 0.421875 0.1234375 0.0265625 0.02890625
4 0.42265625 0.1671875 0.0296875 0.03984375
4 0.97578125 0.25390625 0.0453125 0.090625
4 0.0359375 0.59609375 0.071875 0.2015625
4 0.4890625 0.19296875 0.034375 0.04453125
4 0.703125 0.3234375 0.08203125 0.07734375
4 0.66171875 0.2890625 0.06953125 0.071875
4 0.53515625 0.178125 0.03671875 0.03984375
4 0.58203125 0.21875 0.04296875 0.05
4 0.40234375 0.49140625 0.11640625 0.15390625
4 0.52109375 0.13125 0.03203125 0.03359375
4 0.50234375 0.221875 0.04140625 0.0515625
4 0.22265625 0.20546875 0.046875 0.0390625
3 0.321875 0.20078125 0.01015625 0.0390625
3 0.33828125 0.20625 0.01015625 0.0375
3 0.32890625 0.2046875 0.009375 0.040625