4 0.39609375 0.20234375 0.0375 0.03984375
4 0.26171875 0.56796875 0.22578125 0.19765625
4 0.53359375 0.12734375 0.028125 0.02421875
4 0.4578125 0.18671875 0.03203125 0.02578125
4 0.46328125 0.2234375 0.0359375 0.04296875
4 0.496875 0.16796875 0.034375 0.04453125
4 0.41484375 0.15859375 0.02734375 0.0296875
4 0.51328125 0.2015625 0.034375 0.0375
4 0.021875 0.921875 0.04375 0.15234375
4 0.80078125 0.81328125 0.27578125 0.36875
4 0.92578125 0.66328125 0.14453125 0.17734375
4 0.39609375 0.240625 0.0375 0.04453125
4 0.4046875 0.175 0.0328125 0.03671875
4 0.434375 0.38515625 0.0796875 0.10390625
4 0.3984375 0.29609375 0.05546875 0.06171875
4 0.53671875 0.21875 0.0375 0.04140625
4 0.58359375 0.20078125 0.03359375 0.03203125
4 0.478125 0.2640625 0.04453125 0.05546875
4 0.5578125 0.1734375 0.03203125 0.034375
4 0.4375 0.09609375 0.03125 0.015625
4 0.4484375 0.11875 0.0328125 0.01953125
4 0.23984375 0.20078125 0.04609375 0.04296875
4 0.57578125 0.415625 0.0953125 0.12734375