4 0.5828125 0.20078125 0.04453125 0.04453125
4 0.64609375 0.26015625 0.06171875 0.0671875
4 0.4703125 0.13984375 0.03125 0.02890625
4 0.70625 0.31015625 0.08515625 0.07734375
4 0.38671875 0.19375 0.046875 0.040625
4 0.5609375 0.1765625 0.0390625 0.0375
4 0.38515625 0.22109375 0.0484375 0.04921875
4 0.5640625 0.13125 0.028125 0.025
4 0.5015625 0.1671875 0.03203125 0.028125
4 0.75 0.35078125 0.090625 0.0734375
4 0.51328125 0.15625 0.028125 0.02890625
4 0.44296875 0.22890625 0.0484375 0.06640625
3 0.228125 0.70390625 0.05859375 0.15
3 0.278125 0.39921875 0.01953125 0.08984375