4 0.6640625 0.2765625 0.08203125 0.06328125
4 0.5453125 0.16796875 0.03046875 0.02890625
4 0.403125 0.2328125 0.046875 0.040625
4 0.7140625 0.31484375 0.075 0.08203125
4 0.39921875 0.265625 0.053125 0.0359375
4 0.23046875 0.575 0.24296875 0.20390625
4 0.76015625 0.35234375 0.09296875 0.08359375
4 0.4 0.30234375 0.06015625 0.0578125
4 0.5234375 0.12890625 0.0234375 0.0203125
4 0.409375 0.3859375 0.0859375 0.11171875
4 0.5484375 0.13046875 0.021875 0.0234375
4 0.65078125 0.2390625 0.05 0.02578125
4 0.55859375 0.1796875 0.0328125 0.02890625
3 0.19375 0.48828125 0.0328125 0.07734375