4 0.5328125 0.28984375 0.0765625 0.12109375
4 0.290625 0.2234375 0.0359375 0.04296875
4 0.39140625 0.5078125 0.12890625 0.16328125
4 0.68046875 0.59765625 0.1421875 0.1875
4 0.41875 0.22109375 0.040625 0.05078125
4 0.40859375 0.26171875 0.04296875 0.05234375
4 0.42890625 0.3171875 0.0546875 0.0609375
4 0.41640625 0.35234375 0.065625 0.09140625
4 0.43671875 0.42109375 0.08359375 0.12265625
4 0.4734375 0.14453125 0.028125 0.0328125
4 0.41875 0.1828125 0.03046875 0.02578125
4 0.53515625 0.1296875 0.028125 0.02265625
4 0.4890625 0.11640625 0.0375 0.02109375
4 0.46015625 0.10078125 0.0390625 0.0203125
3 0.3703125 0.184375 0.01015625 0.04375
3 0.22109375 0.6 0.03515625 0.125
3 0.67578125 0.22109375 0.01171875 0.05