4 0.31953125 0.39609375 0.11015625 0.08046875
4 0.2328125 0.3578125 0.09453125 0.07109375
4 0.71015625 0.321875 0.04296875 0.04765625
4 0.175 0.31015625 0.03515625 0.0328125
4 0.12734375 0.30078125 0.04609375 0.0375
4 0.53203125 0.50390625 0.11171875 0.09296875
4 0.86171875 0.3203125 0.08515625 0.140625
4 0.81484375 0.32578125 0.02890625 0.04296875
4 0.01328125 0.3484375 0.0265625 0.053125
4 0.709375 0.3984375 0.06640625 0.0578125
4 0.45703125 0.371875 0.1359375 0.0953125
4 0.7546875 0.29453125 0.03984375 0.0359375
4 0.64140625 0.3515625 0.0609375 0.06015625
4 0.284375 0.31796875 0.06171875 0.04921875
4 0.1671875 0.3640625 0.03359375 0.053125
4 0.83125 0.39375 0.0609375 0.06171875
4 0.68125 0.33828125 0.05 0.04921875
4 0.82578125 0.2546875 0.01640625 0.02890625
4 0.09609375 0.3 0.0421875 0.03984375
4 0.24375 0.30703125 0.03359375 0.0328125
4 0.790625 0.27421875 0.03125 0.0296875
4 0.80625 0.26640625 0.02421875 0.03125
4 0.846875 0.24375 0.02265625 0.02265625
4 0.86328125 0.23671875 0.02109375 0.021875
4 0.7640625 0.3546875 0.05703125 0.05078125
4 0.7359375 0.48828125 0.08515625 0.10625
4 0.45234375 0.45625 0.1 0.0765625
3 0.6828125 0.29609375 0.01328125 0.0296875
3 0.88359375 0.41640625 0.02265625 0.07109375
3 0.91640625 0.76953125 0.04296875 0.14765625