4 0.54296875 0.16953125 0.021875 0.02890625
4 0.4984375 0.16484375 0.0265625 0.03046875
4 0.51328125 0.14609375 0.028125 0.02734375
4 0.5421875 0.13671875 0.025 0.02421875
4 0.5125 0.1234375 0.028125 0.015625
4 0.51171875 0.10625 0.02734375 0.01328125
4 0.44296875 0.10625 0.0328125 0.0171875
4 0.4171875 0.1859375 0.028125 0.03671875
4 0.584375 0.203125 0.0359375 0.0390625
4 0.2359375 0.56328125 0.2640625 0.21484375
4 0.4359375 0.40703125 0.0765625 0.11484375
4 0.41796875 0.31171875 0.05390625 0.07265625
4 0.49375 0.29296875 0.0640625 0.06484375
4 0.640625 0.25546875 0.059375 0.06015625
4 0.409375 0.24453125 0.03984375 0.05625
4 0.46015625 0.21484375 0.03671875 0.04609375
4 0.42578125 0.15859375 0.02890625 0.03046875
4 0.26640625 0.225 0.04609375 0.040625
4 0.25390625 0.19296875 0.04921875 0.04921875
4 0.56015625 0.1765625 0.03046875 0.0328125
3 0.33671875 0.25078125 0.01953125 0.06015625