4 0.5859375 0.31796875 0.06953125 0.0609375
4 0.48515625 0.196875 0.03515625 0.04453125
4 0.40703125 0.20234375 0.0328125 0.04140625
4 0.33125 0.21875 0.059375 0.04609375
4 0.48984375 0.40234375 0.08828125 0.12890625
4 0.6625 0.41640625 0.08671875 0.09140625
4 0.521875 0.64609375 0.23125 0.175
4 0.47421875 0.1703125 0.03359375 0.02734375
4 0.53359375 0.23984375 0.05 0.03671875
4 0.58515625 0.22109375 0.04609375 0.04296875
4 0.53515625 0.275 0.05234375 0.05390625
4 0.2125 0.20078125 0.04375 0.040625
4 0.3890625 0.25859375 0.053125 0.0609375
4 0.4046875 0.30234375 0.05546875 0.06328125
4 0.56171875 0.2046875 0.0328125 0.0375
4 0.525 0.16953125 0.03359375 0.0296875
4 0.503125 0.14453125 0.0296875 0.0234375
4 0.4796875 0.1546875 0.01953125 0.0234375
4 0.45546875 0.13984375 0.02421875 0.0234375
4 0.39375 0.3484375 0.06875 0.1078125
3 0.0078125 0.50234375 0.015625 0.12109375
3 0.02109375 0.496875 0.0296875 0.1046875
3 0.92578125 0.40625 0.02109375 0.0875
3 0.4359375 0.15078125 0.00859375 0.03125
3 0.5484375 0.15234375 0.00859375 0.02890625
3 0.38046875 0.15703125 0.00859375 0.02734375
3 0.3328125 0.18046875 0.0125 0.03515625
3 0.31953125 0.24296875 0.01171875 0.04375
3 0.73125 0.29375 0.0140625 0.0625
3 0.77265625 0.334375 0.034375 0.07265625
3 0.81796875 0.35390625 0.01953125 0.05390625
3 0.30625 0.2390625 0.0109375 0.05234375