4 0.7734375 0.35703125 0.09296875 0.09453125
4 0.5140625 0.1765625 0.04296875 0.06796875
4 0.54921875 0.1703125 0.02421875 0.0296875
4 0.503125 0.13671875 0.04140625 0.0296875
4 0.559375 0.1203125 0.025 0.01953125
4 0.56171875 0.1765625 0.034375 0.0359375
4 0.45234375 0.11796875 0.0359375 0.0265625
4 0.5296875 0.125 0.0390625 0.02734375
4 0.44140625 0.4328125 0.084375 0.11328125
4 0.7765625 0.49375 0.14296875 0.125
4 0.4859375 0.290625 0.059375 0.06484375
4 0.70625 0.40703125 0.11640625 0.10078125
4 0.4234375 0.33515625 0.065625 0.09140625
4 0.6453125 0.35234375 0.07890625 0.0765625
4 0.60859375 0.30078125 0.0671875 0.06328125
4 0.57734375 0.26171875 0.05546875 0.05703125
4 0.621875 0.23515625 0.0484375 0.05234375
4 0.5515625 0.23203125 0.05703125 0.06796875
4 0.59921875 0.21484375 0.0453125 0.04453125
4 0.52421875 0.2109375 0.02890625 0.04296875
4 0.58984375 0.20234375 0.03515625 0.0359375
3 0.5546875 0.1484375 0.009375 0.02109375
3 0.57109375 0.146875 0.009375 0.02578125
3 0.33046875 0.346875 0.0234375 0.08125
3 0.22265625 0.23203125 0.015625 0.04375
3 0.3125 0.34921875 0.0265625 0.08046875
3 0.24375 0.23046875 0.0125 0.03125
3 0.29453125 0.3453125 0.02109375 0.0796875