4 0.41015625 0.2515625 0.04453125 0.05
4 0.41796875 0.18359375 0.028125 0.0375
4 0.25546875 0.2078125 0.040625 0.0390625
4 0.4515625 0.121875 0.02890625 0.01796875
4 0.49453125 0.13125 0.0265625 0.02421875
4 0.20234375 0.2125 0.0375 0.03125
4 0.5578125 0.175 0.03359375 0.034375
4 0.4859375 0.15078125 0.02421875 0.0265625
4 0.41015625 0.31640625 0.0625 0.07578125
4 0.58828125 0.20390625 0.05 0.05859375
4 0.46640625 0.21953125 0.03828125 0.04765625
4 0.40234375 0.44140625 0.10234375 0.1375
4 0.59375 0.471875 0.09921875 0.13125
4 0.05078125 0.6328125 0.1015625 0.140625
3 0.378125 0.16796875 0.01171875 0.03125
3 0.340625 0.23046875 0.01171875 0.03515625
3 0.63984375 0.1953125 0.01796875 0.04453125