4 0.51875 0.29453125 0.09375 0.12265625
4 0.5421875 0.08671875 0.03671875 0.0359375
4 0.50390625 0.121875 0.0390625 0.0375
4 0.3453125 0.0578125 0.046875 0.0265625
4 0.3984375 0.284375 0.08125 0.11015625
4 0.5796875 0.20703125 0.0703125 0.0671875
4 0.2453125 0.1171875 0.03828125 0.03671875
4 0.5578125 0.1734375 0.046875 0.05390625
4 0.61953125 0.26015625 0.0828125 0.0796875
4 0.53515625 0.15 0.046875 0.0578125
4 0.584375 0.1265625 0.04609375 0.04609375
4 0.7078125 0.22734375 0.078125 0.07890625
4 0.5390625 0.03125 0.02421875 0.01953125
4 0.4421875 0.028125 0.0375 0.0203125
4 0.51015625 0.0328125 0.03359375 0.03125
4 0.48515625 0.0765625 0.02890625 0.0265625
4 0.0625 0.87109375 0.125 0.22109375
4 0.49375 0.0984375 0.0390625 0.03671875
3 0.42578125 0.04609375 0.0078125 0.0375
3 0.559375 0.05859375 0.00859375 0.03359375
3 0.640625 0.11953125 0.0140625 0.04765625