4 0.21640625 0.23984375 0.05703125 0.0375
4 0.3984375 0.17421875 0.02890625 0.0328125
4 0.58984375 0.26953125 0.11640625 0.15703125
4 0.48359375 0.128125 0.03359375 0.0359375
4 0.50234375 0.22734375 0.04453125 0.04453125
4 0.07734375 0.91328125 0.1546875 0.16875
4 0.44140625 0.14375 0.02578125 0.02890625
4 0.41171875 0.2796875 0.059375 0.05625
4 0.4 0.21484375 0.03828125 0.04453125
4 0.48359375 0.18125 0.03359375 0.03984375
4 0.5 0.19765625 0.0390625 0.02890625
4 0.4859375 0.32734375 0.071875 0.09296875
4 0.5203125 0.41328125 0.090625 0.10234375
4 0.659375 0.409375 0.090625 0.08984375
4 0.40625 0.38125 0.08828125 0.15859375
4 0.734375 0.61953125 0.1703125 0.18515625
4 0.51171875 0.14453125 0.03046875 0.028125
3 0.86171875 0.37890625 0.02734375 0.1