4 0.521875 0.128125 0.0265625 0.02109375
4 0.61171875 0.23359375 0.04609375 0.0453125
4 0.4609375 0.26640625 0.05 0.0625
4 0.5265625 0.34140625 0.075 0.0875
4 0.43359375 0.41328125 0.08515625 0.12734375
4 0.24609375 0.878125 0.4046875 0.23984375
4 0.584375 0.20703125 0.0375 0.0375
4 0.56015625 0.17890625 0.0328125 0.0359375
4 0.5421875 0.17265625 0.02109375 0.02890625
4 0.54453125 0.1390625 0.02578125 0.02265625
4 0.50625 0.18203125 0.03046875 0.03046875
4 0.23828125 0.20625 0.05390625 0.04609375
4 0.41796875 0.20078125 0.03671875 0.04765625
4 0.50859375 0.209375 0.034375 0.03828125
4 0.5015625 0.1703125 0.028125 0.034375
3 0.52109375 0.1453125 0.00703125 0.0296875
3 0.715625 0.25078125 0.0140625 0.06875
3 0.93203125 0.63828125 0.0375 0.13984375
3 0.52734375 0.51953125 0.05 0.12265625
3 0.32265625 0.56171875 0.04296875 0.11484375
3 0.9515625 0.6234375 0.0234375 0.14296875
2 0.33125 0.42890625 0.034375 0.1
0 0.86171875 0.434375 0.27421875 0.30234375