4 0.353125 0.4 0.05625 0.06328125
4 0.67734375 0.3390625 0.0546875 0.05078125
4 0.78671875 0.40234375 0.08515625 0.13359375
4 0.01875 0.34921875 0.03671875 0.04765625
4 0.06953125 0.353125 0.10234375 0.05234375
4 0.8078125 0.2671875 0.0328125 0.040625
4 0.775 0.29765625 0.04140625 0.04140625
4 0.89375 0.3140625 0.01953125 0.046875
4 0.29453125 0.38046875 0.065625 0.07421875
4 0.2265625 0.3640625 0.09140625 0.06796875
4 0.13515625 0.30859375 0.07890625 0.053125
4 0.8421875 0.39140625 0.03671875 0.07578125
4 0.7046875 0.321875 0.04609375 0.04609375
3 0.28359375 0.31328125 0.01640625 0.05390625
3 0.26484375 0.31796875 0.0171875 0.05703125
0 0.8671875 0.27890625 0.075 0.0734375