4 0.45234375 0.25078125 0.0453125 0.053125
4 0.39921875 0.33046875 0.0640625 0.07578125
4 0.3953125 0.275 0.0515625 0.05
4 0.39140625 0.22734375 0.046875 0.040625
4 0.3875 0.19140625 0.03515625 0.0328125
4 0.540625 0.1765625 0.03203125 0.03046875
4 0.23515625 0.19375 0.0453125 0.0578125
4 0.6671875 0.2890625 0.059375 0.0640625
4 0.471875 0.1734375 0.028125 0.03359375
4 0.84296875 0.79765625 0.24296875 0.2625
4 0.2875 0.58359375 0.2375 0.20390625
4 0.57734375 0.453125 0.10390625 0.12734375
4 0.71015625 0.3234375 0.08046875 0.06953125
4 0.4921875 0.31328125 0.06640625 0.07734375
4 0.42734375 0.4171875 0.0859375 0.11328125
4 0.565625 0.20234375 0.03984375 0.0375
3 0.01015625 0.50390625 0.01953125 0.10859375