4 0.4875 0.2640625 0.06484375 0.09296875
4 0.6265625 0.54375 0.1265625 0.16015625
4 0.27109375 0.89296875 0.4375 0.21015625
4 0.5171875 0.1921875 0.04296875 0.04453125
4 0.4203125 0.23828125 0.04609375 0.04921875
4 0.4 0.44609375 0.0859375 0.140625
4 0.53203125 0.12890625 0.03203125 0.02578125
4 0.67421875 0.19609375 0.03984375 0.0359375
4 0.496875 0.17421875 0.02578125 0.04296875
4 0.290625 0.2203125 0.034375 0.04375
4 0.4015625 0.19375 0.02890625 0.0390625
4 0.3875 0.20859375 0.03671875 0.04296875
4 0.453125 0.1765625 0.034375 0.0328125
4 0.46015625 0.20234375 0.0328125 0.04140625
4 0.56875 0.415625 0.10625 0.14453125
4 0.3921875 0.3140625 0.0609375 0.04375
4 0.39453125 0.36796875 0.07890625 0.08359375
3 0.62890625 0.19765625 0.0140625 0.04140625
3 0.05 0.53515625 0.0484375 0.10859375
3 0.44296875 0.59296875 0.06875 0.10859375