4 0.41640625 0.27421875 0.04296875 0.04765625
4 0.3734375 0.2359375 0.03515625 0.0375
4 0.26953125 0.534375 0.09921875 0.13515625
4 0.16171875 0.9546875 0.3234375 0.084375
4 0.39765625 0.26015625 0.03515625 0.03828125
4 0.23515625 0.1953125 0.04453125 0.0234375
4 0.47265625 0.32109375 0.05390625 0.05390625
4 0.12578125 0.28515625 0.10390625 0.05390625
4 0.309375 0.221875 0.028125 0.03203125
4 0.22265625 0.28984375 0.04296875 0.05078125
4 0.2390625 0.33125 0.05390625 0.0671875
4 0.5359375 0.36640625 0.075 0.08359375
4 0.37734375 0.475 0.10078125 0.14140625
4 0.2515625 0.21796875 0.03125 0.03359375
4 0.2328125 0.24453125 0.03125 0.03359375
4 0.946875 0.35234375 0.10078125 0.084375
4 0.06875 0.26953125 0.03515625 0.04765625
4 0.2453125 0.40234375 0.07734375 0.09140625
4 0.303125 0.23203125 0.02734375 0.03125
3 0.48203125 0.60625 0.021875 0.04296875
3 0.4859375 0.6828125 0.02734375 0.13828125
3 0.453125 0.66953125 0.04921875 0.16484375