4 0.24453125 0.11796875 0.040625 0.04375
4 0.40703125 0.0296875 0.04296875 0.01953125
4 0.5203125 0.31015625 0.090625 0.11328125
4 0.5046875 0.11640625 0.0390625 0.04140625
4 0.17421875 0.51640625 0.265625 0.17109375
4 0.478125 0.06640625 0.0296875 0.03515625
4 0.56796875 0.1109375 0.03203125 0.0296875
4 0.51015625 0.03515625 0.0265625 0.021875
4 0.5828125 0.125 0.04765625 0.04765625
4 0.70703125 0.22734375 0.0765625 0.07890625
4 0.384375 0.18671875 0.05 0.06484375
4 0.396875 0.115625 0.04140625 0.04375
4 0.5421875 0.08203125 0.03515625 0.03515625
4 0.48828125 0.22109375 0.0734375 0.09765625
4 0.48359375 0.08671875 0.03203125 0.03359375
4 0.53359375 0.03046875 0.02734375 0.02265625
4 0.44375 0.02890625 0.03984375 0.02109375
3 0.32890625 0.11015625 0.015625 0.04140625
3 0.57421875 0.084375 0.01015625 0.02734375
3 0.5625 0.03828125 0.00859375 0.02265625
3 0.66015625 0.13359375 0.0140625 0.05234375