4 0.553125 0.43125 0.11953125 0.19453125
4 0.2359375 0.21015625 0.04140625 0.03984375
4 0.68515625 0.39375 0.1671875 0.21640625
4 0.58125 0.21640625 0.040625 0.04609375
4 0.56171875 0.28125 0.065625 0.06953125
4 0.46328125 0.13671875 0.02734375 0.0265625
4 0.65703125 0.26953125 0.06484375 0.04140625
4 0.4515625 0.23203125 0.03984375 0.04765625
4 0.51796875 0.23046875 0.0421875 0.05390625
4 0.63046875 0.26171875 0.0546875 0.053125
4 0.41640625 0.159375 0.03203125 0.03359375
4 0.4109375 0.19375 0.03125 0.0453125
4 0.53984375 0.17734375 0.03828125 0.040625
4 0.48984375 0.14453125 0.0265625 0.02890625