4 0.58359375 0.2015625 0.04296875 0.0390625
4 0.58359375 0.278125 0.08359375 0.10625
4 0.25234375 0.19765625 0.053125 0.06328125
4 0.40859375 0.26328125 0.0453125 0.03671875
4 0.4203125 0.290625 0.05234375 0.04375
4 0.42734375 0.32109375 0.07578125 0.0671875
4 0.43828125 0.41484375 0.10703125 0.14453125
4 0.54140625 0.22890625 0.04609375 0.04609375
4 0.50390625 0.2015625 0.03984375 0.03984375
4 0.465625 0.215625 0.040625 0.04140625
4 0.50390625 0.17578125 0.0328125 0.02734375
4 0.55859375 0.1765625 0.03359375 0.0375
4 0.54140625 0.171875 0.0203125 0.0296875
4 0.4953125 0.15078125 0.03984375 0.06484375
4 0.52421875 0.1234375 0.034375 0.03359375
4 0.64453125 0.253125 0.05234375 0.06015625
4 0.025 0.93359375 0.05 0.12890625
4 0.671875 0.27578125 0.0625 0.0640625
4 0.67734375 0.19140625 0.0328125 0.0296875
4 0.43125 0.0984375 0.02890625 0.01953125
3 0.67734375 0.22578125 0.0171875 0.04765625
3 0.37109375 0.16953125 0.01015625 0.02734375
0 0.415625 0.2125 0.06796875 0.11328125