4 0.50625 0.15625 0.02734375 0.03125
4 0.4390625 0.19453125 0.034375 0.04765625
4 0.534375 0.1265625 0.0328125 0.02578125
4 0.51015625 0.20390625 0.03359375 0.03671875
4 0.515625 0.17578125 0.02890625 0.0296875
4 0.74375 0.42421875 0.11484375 0.11484375
4 0.6703125 0.27421875 0.059375 0.06015625
4 0.5390625 0.23359375 0.04453125 0.03671875
4 0.60390625 0.22109375 0.0421875 0.04140625
4 0.48203125 0.1359375 0.02734375 0.02578125
4 0.55703125 0.1796875 0.03515625 0.03671875
4 0.58203125 0.20703125 0.03828125 0.03984375
0 0.20625 0.53671875 0.41171875 0.36484375