4 0.50703125 0.16953125 0.03828125 0.034375
4 0.7015625 0.44375 0.096875 0.10546875
4 0.71875 0.31640625 0.0796875 0.0828125
4 0.13984375 0.9125 0.2796875 0.17109375
4 0.5671875 0.73828125 0.2625 0.20625
4 0.44140625 0.24609375 0.0640625 0.05
4 0.64453125 0.37578125 0.08359375 0.08828125
4 0.60859375 0.31875 0.090625 0.0953125
4 0.721875 0.565625 0.14765625 0.14453125
4 0.7640625 0.35234375 0.09375 0.08671875
4 0.50859375 0.1 0.0234375 0.01953125
4 0.55234375 0.2375 0.05390625 0.05859375
4 0.23515625 0.2078125 0.04375 0.040625
4 0.5546875 0.13203125 0.028125 0.028125
4 0.50625 0.20546875 0.03984375 0.03828125
4 0.56015625 0.1765625 0.034375 0.034375
4 0.5296875 0.125 0.03046875 0.02421875
4 0.50859375 0.14609375 0.028125 0.0203125
4 0.5484375 0.171875 0.02734375 0.02421875
4 0.58515625 0.20546875 0.0375 0.03828125
4 0.4953125 0.12578125 0.028125 0.01796875
3 0.31640625 0.35 0.02734375 0.08359375
2 0.38828125 0.22734375 0.0125 0.04609375