4 0.315625 0.390625 0.0984375 0.06640625
4 0.4359375 0.559375 0.1421875 0.11484375
4 0.17734375 0.31171875 0.04296875 0.03203125
4 0.11484375 0.34765625 0.08046875 0.05234375
4 0.1703125 0.36015625 0.0796875 0.06328125
4 0.23359375 0.36953125 0.0921875 0.05625
4 0.83515625 0.2515625 0.0234375 0.03046875
4 0.753125 0.484375 0.1 0.10234375
4 0.8859375 0.22421875 0.02265625 0.0234375
4 0.8890625 0.25078125 0.03125 0.03046875
4 0.8609375 0.23515625 0.03046875 0.02734375
4 0.459375 0.45703125 0.11796875 0.08203125
4 0.55078125 0.46328125 0.10546875 0.10234375
4 0.10546875 0.63984375 0.21015625 0.30390625
4 0.63359375 0.36015625 0.065625 0.05859375
4 0.25078125 0.31640625 0.040625 0.0390625
4 0.12890625 0.3015625 0.04921875 0.0421875
4 0.01640625 0.35078125 0.0328125 0.05
4 0.471875 0.3296875 0.07109375 0.0546875
3 0.52890625 0.365625 0.01484375 0.0578125
3 0.56171875 0.3578125 0.01484375 0.05859375
3 0.5453125 0.36640625 0.01875 0.059375