4 0.51953125 0.22421875 0.0453125 0.05234375
4 0.4953125 0.16328125 0.02734375 0.03515625
4 0.5 0.12734375 0.03125 0.025
4 0.44609375 0.20390625 0.03984375 0.05390625
4 0.58359375 0.2046875 0.03984375 0.04453125
4 0.25 0.19609375 0.0546875 0.0578125
4 0.559375 0.17421875 0.03515625 0.034375
4 0.66640625 0.2765625 0.0640625 0.0625
4 0.4421875 0.15234375 0.03125 0.05234375
4 0.5546875 0.40546875 0.08359375 0.11484375
4 0.66015625 0.55078125 0.234375 0.20234375
4 0.73203125 0.91328125 0.5328125 0.16875
4 0.753125 0.3515625 0.09921875 0.0796875
4 0.70546875 0.309375 0.08203125 0.07421875
3 0.33984375 0.21171875 0.0125 0.053125
3 0.68203125 0.225 0.015625 0.053125