4 0.65 0.25390625 0.05390625 0.059375
4 0.5609375 0.178125 0.03671875 0.0375
4 0.68828125 0.1875 0.0578125 0.06328125
4 0.48671875 0.14765625 0.04765625 0.0265625
4 0.58125 0.20390625 0.02734375 0.0390625
4 0.60703125 0.21640625 0.0421875 0.04609375
4 0.43046875 0.1046875 0.0453125 0.03046875
4 0.678125 0.28046875 0.0609375 0.06328125
4 0.50234375 0.16875 0.0265625 0.0296875
4 0.42421875 0.18203125 0.03515625 0.03984375
4 0.50859375 0.11015625 0.034375 0.01953125
3 0.51015625 0.13203125 0.00859375 0.02265625
3 0.58671875 0.16484375 0.01171875 0.03359375
3 0.93125 0.375 0.02734375 0.0875