4 0.55859375 0.17890625 0.03125 0.034375
4 0.66640625 0.375 0.1 0.09609375
4 0.38671875 0.22421875 0.04375 0.06015625
4 0.3890625 0.29296875 0.05390625 0.06875
4 0.41796875 0.3875 0.07109375 0.1
4 0.37734375 0.51328125 0.1265625 0.13984375
4 0.50625 0.18515625 0.0328125 0.03828125
4 0.43984375 0.11875 0.03828125 0.02421875
4 0.496875 0.16484375 0.0265625 0.0359375
4 0.54609375 0.16875 0.03125 0.03046875
4 0.71875 0.3171875 0.08671875 0.08515625
4 0.23984375 0.20390625 0.04921875 0.04296875
4 0.54765625 0.10625 0.025 0.01875
4 0.48125 0.11484375 0.01796875 0.01875
4 0.1921875 0.209375 0.02890625 0.03125
4 0.5703125 0.134375 0.02890625 0.02578125
4 0.6515625 0.259375 0.05546875 0.05546875
4 0.565625 0.2703125 0.06796875 0.06796875
3 0.221875 0.49609375 0.02890625 0.10078125
3 0.303125 0.39375 0.0328125 0.0875
3 0.2359375 0.51171875 0.021875 0.11015625
3 0.26953125 0.44453125 0.02734375 0.08984375
3 0.57578125 0.159375 0.01015625 0.03125