4 0.23359375 0.21015625 0.04375 0.04140625
4 0.47109375 0.11640625 0.02109375 0.01640625
4 0.5390625 0.1359375 0.0265625 0.0234375
4 0.52734375 0.11328125 0.03125 0.03046875
4 0.5375 0.17734375 0.03515625 0.03671875
4 0.58203125 0.2203125 0.04140625 0.04296875
4 0.91953125 0.68046875 0.1578125 0.20625
4 0.55390625 0.45703125 0.1109375 0.16484375
4 0.5671875 0.20546875 0.03515625 0.0375
4 0.43046875 0.1875 0.01640625 0.0375
4 0.46953125 0.16328125 0.00859375 0.0296875
4 0.50078125 0.14453125 0.02734375 0.03203125
4 0.4 0.22109375 0.04140625 0.05
4 0.48359375 0.18359375 0.028125 0.03046875
4 0.65859375 0.28359375 0.06875 0.0640625
4 0.63125 0.26328125 0.0546875 0.04921875
4 0.44765625 0.22578125 0.0421875 0.04140625
4 0.421875 0.15 0.0328125 0.03359375
4 0.5140625 0.21953125 0.0421875 0.04609375
4 0.69296875 0.32109375 0.0828125 0.07109375
4 0.453125 0.27109375 0.0453125 0.05
3 0.0484375 0.51484375 0.04296875 0.12890625
3 0.13125 0.53671875 0.03515625 0.11015625