4 0.39453125 0.17890625 0.05859375 0.1
4 0.575 0.44921875 0.11953125 0.16484375
4 0.5171875 0.128125 0.03359375 0.0265625
4 0.4953125 0.1265625 0.028125 0.02578125
4 0.2421875 0.2078125 0.04921875 0.04453125
4 0.4640625 0.20078125 0.03515625 0.0328125
4 0.4703125 0.23984375 0.046875 0.05625
4 0.56171875 0.17734375 0.03671875 0.0390625
4 0.5125 0.16640625 0.0296875 0.02578125
4 0.52265625 0.20234375 0.0359375 0.0359375
4 0.6515625 0.25859375 0.0609375 0.0625
3 0.71015625 0.23828125 0.0171875 0.06015625
3 0.628125 0.1953125 0.01484375 0.04375
3 0.64765625 0.203125 0.015625 0.05078125
0 0.4109375 0.3671875 0.13984375 0.265625