4 0.51171875 0.13828125 0.0296875 0.02421875
4 0.53984375 0.12890625 0.0296875 0.02578125
4 0.4296875 0.1375 0.02734375 0.0234375
4 0.21640625 0.20234375 0.05 0.0390625
4 0.66171875 0.28515625 0.0625 0.05859375
4 0.0453125 0.63671875 0.090625 0.18515625
4 0.01640625 0.93828125 0.0328125 0.11875
4 0.590625 0.22578125 0.040625 0.040625
4 0.471875 0.1890625 0.0421875 0.04296875
4 0.47890625 0.16015625 0.0265625 0.028125
4 0.525 0.16953125 0.02578125 0.03046875
4 0.3921875 0.48046875 0.125 0.16875
4 0.56484375 0.20234375 0.0390625 0.0421875
4 0.53984375 0.1765625 0.03125 0.03203125
4 0.45 0.14453125 0.02734375 0.02421875
3 0.35703125 0.14375 0.00703125 0.02890625
3 0.3328125 0.18515625 0.01015625 0.0375
3 0.346875 0.184375 0.00859375 0.03515625
3 0.69453125 0.240625 0.01171875 0.04765625