4 0.503125 0.128125 0.02265625 0.02734375
4 0.48203125 0.109375 0.02890625 0.0234375
4 0.23125 0.20703125 0.0328125 0.0375
4 0.89375 0.678125 0.21015625 0.23125
4 0.4 0.440625 0.10078125 0.12734375
4 0.7421875 0.35078125 0.0921875 0.08515625
4 0.25625 0.221875 0.03046875 0.04296875
4 0.4765625 0.15 0.03671875 0.05078125
4 0.628125 0.2625 0.05078125 0.053125
4 0.56328125 0.2 0.03828125 0.04296875
4 0.5390625 0.1765625 0.034375 0.034375
4 0.5140625 0.21953125 0.040625 0.0421875
4 0.4875 0.19140625 0.03671875 0.0375
4 0.65859375 0.284375 0.06875 0.0609375
4 0.44140625 0.11953125 0.0390625 0.02734375
4 0.42890625 0.09375 0.02421875 0.01875
4 0.5828125 0.21796875 0.04375 0.04453125
3 0.28515625 0.32421875 0.0140625 0.06015625
3 0.665625 0.23125 0.0125 0.04609375