4 0.22890625 0.3234375 0.046875 0.059375
4 0.44140625 0.2953125 0.04453125 0.046875
4 0.2609375 0.253125 0.03515625 0.05234375
4 0.4703125 0.3203125 0.05546875 0.05078125
4 0.19921875 0.53828125 0.11953125 0.14765625
4 0.09453125 0.28125 0.034375 0.04296875
4 0.3734375 0.23359375 0.03515625 0.0375
4 0.23828125 0.38671875 0.06796875 0.09375
4 0.39921875 0.25859375 0.04140625 0.03671875
4 0.44140625 0.590625 0.140625 0.18515625
4 0.5359375 0.36328125 0.07578125 0.0734375
3 0.11953125 0.37109375 0.02109375 0.07890625
3 0.3828125 0.20546875 0.009375 0.02734375
3 0.4015625 0.215625 0.0125 0.03515625
3 0.46953125 0.27265625 0.01015625 0.0390625