4 0.58359375 0.20234375 0.02890625 0.0359375
4 0.53515625 0.12578125 0.03671875 0.02734375
4 0.56328125 0.178125 0.0328125 0.034375
4 0.5484375 0.1703125 0.02734375 0.02734375
4 0.72109375 0.31484375 0.08359375 0.0875
4 0.603125 0.2171875 0.04453125 0.04609375
4 0.4734375 0.11328125 0.03828125 0.02578125
4 0.5015625 0.109375 0.0375 0.02421875
4 0.2 0.23671875 0.03125 0.03984375
4 0.23828125 0.20390625 0.05 0.0375
4 0.653125 0.25703125 0.05703125 0.0578125
4 0.515625 0.34296875 0.07109375 0.08515625
3 0.784375 0.303125 0.0203125 0.07265625
3 0.803125 0.303125 0.02265625 0.0734375