4 0.52890625 0.1265625 0.03359375 0.02890625
4 0.70390625 0.30859375 0.0765625 0.07421875
4 0.6734375 0.27890625 0.0625 0.065625
4 0.43515625 0.453125 0.0953125 0.1515625
4 0.5609375 0.2625 0.06171875 0.07578125
4 0.609375 0.221875 0.04609375 0.04609375
4 0.58203125 0.2046875 0.0375 0.0390625
4 0.75546875 0.346875 0.103125 0.09375
4 0.49453125 0.1265625 0.03515625 0.03046875
4 0.4359375 0.15234375 0.02578125 0.025
4 0.41796875 0.20078125 0.034375 0.03984375
4 0.540625 0.36640625 0.08125 0.09140625
4 0.06875 0.6125 0.1375 0.14140625
4 0.428125 0.3359375 0.0734375 0.09609375
4 0.559375 0.17734375 0.0359375 0.0390625
4 0.56640625 0.12109375 0.02734375 0.0234375
3 0.33515625 0.27421875 0.0140625 0.05625
3 0.34296875 0.20703125 0.0125 0.04765625