4 0.5015625 0.18515625 0.0328125 0.03515625
4 0.496875 0.15625 0.02578125 0.021875
4 0.53046875 0.1265625 0.02578125 0.0234375
4 0.24453125 0.20390625 0.053125 0.04296875
4 0.4640625 0.11640625 0.03203125 0.0265625
4 0.58671875 0.203125 0.03984375 0.04375
4 0.5453125 0.17109375 0.02421875 0.028125
4 0.5203125 0.21875 0.03359375 0.03828125
4 0.42265625 0.4625 0.10390625 0.17109375
4 0.59765625 0.44375 0.10078125 0.1375
4 0.5578125 0.121875 0.02890625 0.021875
4 0.49921875 0.128125 0.02265625 0.01953125
4 0.196875 0.23515625 0.025 0.0453125
4 0.76328125 0.34921875 0.0953125 0.09375
4 0.56171875 0.175 0.03046875 0.03203125
3 0.32421875 0.26640625 0.015625 0.05390625
3 0.35546875 0.18359375 0.01015625 0.04609375
3 0.70546875 0.24296875 0.01328125 0.05234375
3 0.2328125 0.2390625 0.01484375 0.02421875
3 0.3671875 0.184375 0.01328125 0.04609375
3 0.57421875 0.159375 0.00859375 0.02734375
3 0.90546875 0.65390625 0.04140625 0.1625
2 0.40078125 0.22734375 0.0140625 0.05390625
2 0.25859375 0.534375 0.0625 0.11875
0 0.6359375 0.1015625 0.03984375 0.03671875