4 0.046875 0.9375 0.09375 0.12109375
4 0.4296875 0.3125 0.05859375 0.07109375
4 0.45234375 0.13828125 0.04453125 0.0265625
4 0.53359375 0.125 0.02734375 0.01796875
4 0.253125 0.19375 0.05390625 0.05625
4 0.64765625 0.25703125 0.05703125 0.06015625
4 0.74296875 0.346875 0.09296875 0.08125
4 0.55703125 0.43125 0.09375 0.12578125
4 0.5453125 0.17109375 0.02578125 0.03046875
4 0.50390625 0.17265625 0.03671875 0.0515625
4 0.19375 0.21015625 0.02890625 0.03515625
4 0.55859375 0.17578125 0.03125 0.03125
4 0.41484375 0.18984375 0.034375 0.040625
4 0.58359375 0.203125 0.040625 0.0390625
4 0.52109375 0.20859375 0.0453125 0.046875
4 0.43203125 0.16015625 0.03828125 0.03125
3 0.57109375 0.1515625 0.00859375 0.0296875
3 0.3546875 0.19765625 0.01015625 0.03671875
3 0.33515625 0.25546875 0.0140625 0.0515625