4 0.4609375 0.134375 0.0359375 0.02421875
4 0.37890625 0.48125 0.090625 0.1375
4 0.4015625 0.2984375 0.0609375 0.0625
4 0.38828125 0.2484375 0.04609375 0.0390625
4 0.525 0.16796875 0.028125 0.0265625
4 0.4375 0.10703125 0.025 0.0140625
4 0.46796875 0.11484375 0.0359375 0.01953125
4 0.428125 0.14921875 0.04375 0.03515625
4 0.39765625 0.1703125 0.02734375 0.01796875
4 0.47421875 0.28828125 0.06015625 0.07421875
4 0.49921875 0.12421875 0.02890625 0.02265625
4 0.38515625 0.16484375 0.021875 0.0234375
4 0.215625 0.203125 0.05078125 0.04140625
4 0.396875 0.19296875 0.0328125 0.03125
4 0.53984375 0.17421875 0.03359375 0.03046875
4 0.47265625 0.24453125 0.0484375 0.046875
4 0.4421875 0.178125 0.040625 0.0609375
4 0.39140625 0.21171875 0.03828125 0.0296875
4 0.746875 0.34921875 0.10546875 0.08984375
4 0.415625 0.09765625 0.0265625 0.0171875
4 0.56328125 0.396875 0.13515625 0.2015625
4 0.56328125 0.20625 0.04296875 0.0421875
4 0.4109375 0.35546875 0.06171875 0.08984375
4 0.6625 0.28359375 0.0640625 0.05703125
3 0.34375 0.190625 0.0109375 0.034375
3 0.3328125 0.190625 0.009375 0.03515625