4 0.5625 0.1765625 0.0328125 0.03671875
4 0.7203125 0.315625 0.08203125 0.07734375
4 0.6515625 0.25625 0.05859375 0.05859375
4 0.23671875 0.20390625 0.046875 0.04609375
4 0.54296875 0.13359375 0.03125 0.025
4 0.60390625 0.21875 0.0421875 0.04140625
4 0.50234375 0.11015625 0.0375 0.01953125
4 0.47421875 0.11328125 0.03515625 0.0234375
4 0.54609375 0.16953125 0.025 0.02734375
4 0.58359375 0.2015625 0.0328125 0.03671875
3 0.14375 0.525 0.02578125 0.09296875
3 0.1546875 0.5015625 0.03203125 0.103125