4 0.60546875 0.14296875 0.04765625 0.04609375
4 0.38203125 0.16015625 0.04140625 0.0390625
4 0.37421875 0.1484375 0.05859375 0.04921875
4 0.49921875 0.21640625 0.08125 0.11796875
4 0.22109375 0.11640625 0.034375 0.03984375
4 0.54375 0.08515625 0.034375 0.0359375
4 0.38359375 0.31171875 0.0765625 0.10625
4 0.53984375 0.32109375 0.084375 0.10859375
4 0.5078125 0.059375 0.03515625 0.0265625
4 0.475 0.03828125 0.03125 0.02265625
4 0.4828125 0.075 0.02890625 0.034375
4 0.3875 0.23984375 0.0671875 0.06953125
4 0.75 0.2625 0.096875 0.09140625
4 0.3859375 0.18359375 0.05390625 0.0390625
4 0.5828125 0.121875 0.04609375 0.04296875
4 0.46328125 0.18984375 0.04921875 0.07109375
4 0.496875 0.1171875 0.03828125 0.03671875
4 0.58984375 0.2234375 0.06953125 0.07890625
4 0.42578125 0.0234375 0.046875 0.02890625
4 0.52421875 0.02578125 0.04140625 0.02578125
4 0.6375 0.16640625 0.0578125 0.0640625
3 0.3046875 0.1734375 0.015625 0.0515625
2 0.41796875 0.06484375 0.02109375 0.03359375