4 0.25078125 0.19609375 0.05234375 0.05625
4 0.7078125 0.30703125 0.08125 0.0765625
4 0.66640625 0.27734375 0.065625 0.0640625
4 0.559375 0.17578125 0.034375 0.0375
4 0.4546875 0.13515625 0.0265625 0.0203125
4 0.4296875 0.41875 0.0953125 0.17578125
4 0.44296875 0.15546875 0.028125 0.03046875
4 0.51484375 0.12734375 0.03203125 0.025
4 0.75234375 0.3515625 0.09765625 0.07578125
4 0.58203125 0.20390625 0.03828125 0.0421875
4 0.58359375 0.11796875 0.034375 0.05625
4 0.4546875 0.20234375 0.03671875 0.04609375
4 0.5515625 0.12109375 0.02109375 0.025
4 0.4265625 0.29375 0.05859375 0.07109375
3 0.8359375 0.32890625 0.02109375 0.075
3 0.92734375 0.37890625 0.02578125 0.0859375
3 0.9046875 0.375 0.021875 0.0875