4 0.53125 0.3734375 0.05390625 0.0625
4 0.0390625 0.2984375 0.040625 0.0375
4 0.4 0.259375 0.040625 0.04296875
4 0.2625 0.2453125 0.0359375 0.034375
4 0.58125 0.403125 0.08984375 0.08515625
4 0.3015625 0.1953125 0.03125 0.02890625
4 0.2703125 0.215625 0.03515625 0.0296875
4 0.3734375 0.2328125 0.03359375 0.0359375
4 0.459375 0.31953125 0.0609375 0.05234375
4 0.296875 0.33984375 0.05703125 0.0625
3 0.53046875 0.31015625 0.015625 0.05390625
3 0.5484375 0.31171875 0.01171875 0.06015625
1 0.42578125 0.2828125 0.01015625 0.03203125