4 0.85859375 0.22890625 0.0234375 0.02578125
4 0.8921875 0.23828125 0.02421875 0.02734375
4 0.67421875 0.33203125 0.053125 0.05234375
4 0.80546875 0.265625 0.0296875 0.0390625
4 0.82421875 0.25390625 0.02578125 0.02578125
4 0.10390625 0.29453125 0.059375 0.0421875
4 0.06953125 0.346875 0.10625 0.06796875
4 0.14609375 0.303125 0.06640625 0.04765625
4 0.33125 0.39375 0.09140625 0.08046875
4 0.42578125 0.45859375 0.2375 0.16640625
4 0.24765625 0.3640625 0.084375 0.0625
4 0.865625 0.33828125 0.05 0.05234375
4 0.86796875 0.2546875 0.03671875 0.0359375
4 0.82890625 0.28359375 0.03828125 0.03671875
4 0.63125 0.3546875 0.0609375 0.05234375
4 0.46484375 0.32578125 0.059375 0.046875
4 0.2734375 0.33203125 0.08828125 0.0578125
4 0.89296875 0.30703125 0.0234375 0.04609375
3 0.7765625 0.33359375 0.015625 0.05
3 0.18203125 0.53984375 0.03203125 0.08671875
3 0.84609375 0.46875 0.0296875 0.09140625
3 0.190625 0.475 0.034375 0.09375