4 0.55859375 0.321875 0.09765625 0.12265625
4 0.59296875 0.13046875 0.04375 0.04296875
4 0.40859375 0.034375 0.04140625 0.02265625
4 0.44921875 0.025 0.03828125 0.02734375
4 0.56953125 0.11328125 0.0375 0.0390625
4 0.7046875 0.22734375 0.06953125 0.08359375
4 0.1234375 0.92890625 0.246875 0.1375
4 0.48984375 0.0140625 0.040625 0.0265625
4 0.434375 0.253125 0.0625 0.08125
4 0.3828125 0.3875 0.10078125 0.125
4 0.128125 0.5375 0.25546875 0.19609375
4 0.75625 0.2671875 0.0953125 0.08984375
4 0.2 0.115625 0.03359375 0.03984375
4 0.2390625 0.11796875 0.0296875 0.03671875
4 0.1234375 0.81796875 0.246875 0.25
2 0.75703125 0.30625 0.03828125 0.11328125