4 0.63984375 0.378125 0.0953125 0.08984375
4 0.1984375 0.20703125 0.03046875 0.0375
4 0.46015625 0.121875 0.0375 0.0265625
4 0.2578125 0.196875 0.040625 0.05703125
4 0.58515625 0.1984375 0.0421875 0.0484375
4 0.59765625 0.1078125 0.01484375 0.0171875
4 0.56015625 0.17578125 0.0359375 0.0359375
4 0.759375 0.35078125 0.0921875 0.07734375
4 0.41171875 0.1109375 0.028125 0.02265625
4 0.2828125 0.55 0.20703125 0.15390625
4 0.4828125 0.11484375 0.02890625 0.0203125
4 0.83828125 0.64609375 0.184375 0.17109375
3 0.15546875 0.89296875 0.06640625 0.19765625
3 0.24296875 0.66328125 0.04296875 0.13984375
3 0.93125 0.41640625 0.03515625 0.09140625
3 0.81796875 0.38203125 0.02265625 0.05234375
3 0.8953125 0.38203125 0.0328125 0.08984375
3 0.87578125 0.3421875 0.015625 0.084375