4 0.56484375 0.30234375 0.06953125 0.0625
4 0.409375 0.196875 0.03671875 0.03984375
4 0.51015625 0.225 0.046875 0.046875
4 0.521875 0.171875 0.02265625 0.0265625
4 0.4828125 0.18515625 0.034375 0.0375
4 0.48984375 0.14609375 0.03203125 0.03984375
4 0.46640625 0.13984375 0.025 0.02109375
4 0.221875 0.20625 0.04375 0.04140625
4 0.40859375 0.1640625 0.03515625 0.034375
4 0.12265625 0.62109375 0.2453125 0.1984375
4 0.4328125 0.39609375 0.10625 0.14609375
4 0.39921875 0.26953125 0.03984375 0.05234375
4 0.5375 0.1796875 0.0296875 0.0328125
4 0.17734375 0.2296875 0.034375 0.05
4 0.54765625 0.25546875 0.0546875 0.046875
4 0.58125 0.221875 0.040625 0.04609375
3 0.3125 0.26640625 0.0140625 0.053125