4 0.57109375 0.17890625 0.03984375 0.03359375
4 0.40546875 0.190625 0.028125 0.01640625
4 0.50390625 0.16953125 0.028125 0.02734375
4 0.409375 0.21640625 0.046875 0.04296875
4 0.4359375 0.1625 0.03203125 0.02734375
4 0.40859375 0.24140625 0.040625 0.03671875
4 0.415625 0.265625 0.0421875 0.05234375
4 0.54453125 0.346875 0.07890625 0.09765625
4 0.53203125 0.125 0.03203125 0.02734375
4 0.2875 0.2203125 0.03125 0.03984375
4 0.45546875 0.10703125 0.03125 0.01796875
4 0.5171875 0.09765625 0.025 0.01796875
4 0.5703125 0.43125 0.0921875 0.11328125
4 0.4375 0.38046875 0.13046875 0.23515625
4 0.4265625 0.27734375 0.03984375 0.02734375
3 0.73203125 0.246875 0.01875 0.05625
3 0.5515625 0.15078125 0.0125 0.03125