4 0.4 0.22265625 0.040625 0.0375
4 0.54921875 0.1671875 0.02890625 0.02578125
4 0.62109375 0.2328125 0.05 0.04765625
4 0.40234375 0.271875 0.05546875 0.0765625
4 0.50703125 0.1015625 0.02578125 0.01953125
4 0.56171875 0.17890625 0.034375 0.0359375
4 0.41328125 0.371875 0.07421875 0.11015625
4 0.56171875 0.41328125 0.09765625 0.13515625
4 0.3515625 0.540625 0.16328125 0.15234375
4 0.93359375 0.72421875 0.13046875 0.20625
4 0.81953125 0.815625 0.30078125 0.36484375
4 0.24609375 0.20078125 0.05 0.04296875
4 0.440625 0.1203125 0.03359375 0.02109375
4 0.44921875 0.15390625 0.0296875 0.025
4 0.50703125 0.13046875 0.03125 0.02734375
4 0.5421875 0.121875 0.0296875 0.02265625
4 0.771875 0.35390625 0.0953125 0.09140625
4 0.60078125 0.21328125 0.040625 0.0390625
4 0.41015625 0.2 0.03359375 0.0390625
4 0.58984375 0.20234375 0.0375 0.0328125
4 0.20078125 0.23984375 0.034375 0.04765625
3 0.834375 0.328125 0.015625 0.07265625