4 0.5609375 0.19765625 0.04296875 0.04140625
4 0.521875 0.14765625 0.02890625 0.0265625
4 0.73984375 0.35546875 0.0859375 0.0828125
4 0.46640625 0.16953125 0.02421875 0.0328125
4 0.2625 0.22265625 0.03515625 0.04140625
4 0.21328125 0.2015625 0.04453125 0.04375
4 0.6328125 0.2625 0.0640625 0.05390625
4 0.40703125 0.396875 0.08125 0.10234375
4 0.41796875 0.096875 0.028125 0.01796875
4 0.521875 0.16953125 0.0234375 0.0265625
4 0.5375 0.1765625 0.03125 0.03359375
4 0.878125 0.39921875 0.240625 0.271875
4 0.465625 0.1453125 0.0484375 0.02734375
3 0.6421875 0.22109375 0.01484375 0.04140625
3 0.6578125 0.2265625 0.015625 0.04921875
3 0.59921875 0.20078125 0.01171875 0.03515625