4 0.6640625 0.371875 0.09140625 0.09375
4 0.53828125 0.2390625 0.04609375 0.05703125
4 0.5140625 0.18359375 0.06328125 0.1
4 0.5609375 0.17734375 0.03515625 0.03984375
4 0.4234375 0.153125 0.0296875 0.034375
4 0.47265625 0.14375 0.0265625 0.03125
4 0.61875 0.74765625 0.2796875 0.22109375
4 0.2546875 0.2078125 0.04140625 0.0421875
4 0.2390625 0.234375 0.04765625 0.0484375
4 0.390625 0.35546875 0.06640625 0.0875
4 0.43671875 0.1734375 0.02421875 0.02734375
4 0.58671875 0.203125 0.05078125 0.05703125
4 0.4140625 0.41875 0.08984375 0.1328125
4 0.7296875 0.46171875 0.10390625 0.13046875
4 0.584375 0.29765625 0.06640625 0.06640625
4 0.54296875 0.41015625 0.0953125 0.125
3 0.3765625 0.15703125 0.01171875 0.02734375
3 0.27421875 0.48671875 0.03125 0.10625
3 0.22734375 0.49453125 0.028125 0.11484375
3 0.190625 0.52734375 0.028125 0.10859375
2 0.35859375 0.321875 0.028125 0.0734375
2 0.2921875 0.35234375 0.02421875 0.07265625
2 0.453125 0.34140625 0.02890625 0.09375