4 0.1796875 0.353125 0.04140625 0.04921875
4 0.8453125 0.26875 0.02734375 0.0265625
4 0.86484375 0.28125 0.03984375 0.028125
4 0.85078125 0.36796875 0.05625 0.05546875
4 0.1125 0.64921875 0.22421875 0.15625
4 0.6453125 0.346875 0.06953125 0.06015625
4 0.46484375 0.33671875 0.0625 0.0328125
4 0.14609375 0.31328125 0.0921875 0.040625
4 0.72890625 0.30390625 0.0484375 0.04140625
4 0.51328125 0.421875 0.08125 0.08984375
4 0.8046875 0.26015625 0.0296875 0.03359375
4 0.73515625 0.48359375 0.08046875 0.10390625
4 0.825 0.39453125 0.0671875 0.0609375
4 0.275 0.3109375 0.07109375 0.04609375
4 0.2765625 0.38828125 0.13046875 0.0953125
4 0.0140625 0.34921875 0.028125 0.04375
4 0.06640625 0.34453125 0.09296875 0.06015625
4 0.1140625 0.34375 0.071875 0.0375
3 0.68671875 0.29765625 0.015625 0.05
3 0.36640625 0.44609375 0.01953125 0.09140625
0 0.8796875 0.2359375 0.05 0.0546875