4 0.890625 0.3109375 0.02265625 0.034375
4 0.7890625 0.2765625 0.09765625 0.11015625
4 0.87265625 0.228125 0.01640625 0.02109375
4 0.86171875 0.2359375 0.01953125 0.0265625
4 0.846875 0.23984375 0.0203125 0.02421875
4 0.153125 0.4625 0.13671875 0.08046875
4 0.13046875 0.30703125 0.05625 0.04453125
4 0.2375 0.3609375 0.0796875 0.06015625
4 0.2796875 0.3109375 0.06796875 0.05546875
4 0.17890625 0.30625 0.05703125 0.040625
4 0.2796875 0.3765625 0.084375 0.0703125
4 0.17734375 0.36171875 0.0703125 0.05078125
4 0.1171875 0.35234375 0.06328125 0.04453125
4 0.06875 0.35078125 0.08671875 0.05390625
4 0.6421875 0.34609375 0.0625 0.0625
4 0.82890625 0.39609375 0.071875 0.07421875
4 0.36484375 0.3859375 0.09921875 0.0765625
4 0.71484375 0.31640625 0.05625 0.04765625
4 0.81796875 0.31015625 0.04609375 0.04453125
3 0.8328125 0.415625 0.015625 0.07265625
3 0.88046875 0.471875 0.01953125 0.08984375
3 0.04140625 0.61484375 0.07109375 0.12890625
3 0.60546875 0.321875 0.00859375 0.05234375