4 0.49765625 0.153125 0.0203125 0.0125
4 0.5296875 0.21796875 0.0421875 0.04765625
4 0.70625 0.30390625 0.07578125 0.0703125
4 0.5125 0.10859375 0.03359375 0.025
4 0.4890625 0.11171875 0.03125 0.025
4 0.50078125 0.17578125 0.0296875 0.0375
4 0.65078125 0.25546875 0.05703125 0.06015625
4 0.5140625 0.18515625 0.03671875 0.0375
4 0.2578125 0.2046875 0.04140625 0.0375
4 0.24296875 0.234375 0.0609375 0.0421875
4 0.68359375 0.66328125 0.1703125 0.21484375
4 0.19140625 0.23046875 0.0359375 0.0578125
3 0.8734375 0.3875 0.02578125 0.0875
3 0.91484375 0.39921875 0.028125 0.09765625
3 0.9953125 0.446875 0.00703125 0.05234375
2 0.346875 0.54375 0.03359375 0.1296875
2 0.33203125 0.5015625 0.03359375 0.12890625