4 0.8984375 0.30625 0.0125 0.03515625
4 0.88125 0.2265625 0.02109375 0.02421875
4 0.1140625 0.30625 0.05390625 0.04296875
4 0.184375 0.36171875 0.08359375 0.05546875
4 0.8640625 0.2375 0.01953125 0.02265625
4 0.23203125 0.3734375 0.040625 0.0375
4 0.68828125 0.33359375 0.05546875 0.05
4 0.75390625 0.35625 0.05859375 0.0625
4 0.36640625 0.5 0.1421875 0.09609375
4 0.8453125 0.24453125 0.02109375 0.0296875
4 0.82734375 0.25703125 0.02734375 0.03203125
4 0.790625 0.27578125 0.040625 0.03515625
4 0.25 0.3203125 0.04375 0.0375
3 0.815625 0.603125 0.0484375 0.12265625