4 0.665625 0.39296875 0.02734375 0.03046875
4 0.046875 0.95859375 0.09375 0.075
4 0.3734375 0.40546875 0.028125 0.03046875
4 0.21640625 0.7515625 0.1109375 0.140625
4 0.63359375 0.3640625 0.01875 0.02265625
4 0.64765625 0.3765625 0.0234375 0.0234375
4 0.80390625 0.4140625 0.11953125 0.06328125
4 0.815625 0.4484375 0.09140625 0.04921875
4 0.88671875 0.4921875 0.10546875 0.053125
4 0.11796875 0.84375 0.1546875 0.19453125
4 0.71171875 0.43125 0.03671875 0.0375
4 0.48671875 0.36484375 0.02578125 0.0265625
4 0.3625 0.41953125 0.02578125 0.02734375
4 0.428125 0.40703125 0.03046875 0.0296875
4 0.559375 0.54375 0.11484375 0.07109375
4 0.39453125 0.38984375 0.02421875 0.02734375
4 0.3 0.94140625 0.15078125 0.10859375
1 0.11875 0.63828125 0.01484375 0.06640625
1 0.13515625 0.63125 0.015625 0.06640625
1 0.33671875 0.43515625 0.0140625 0.04609375
1 0.28125 0.4875 0.0109375 0.04140625
1 0.0671875 0.58515625 0.01875 0.05625
1 0.1078125 0.6421875 0.0171875 0.06484375