4 0.09765625 0.6125 0.059375 0.03203125
4 0.14921875 0.853125 0.12265625 0.11875
4 0.67578125 0.5640625 0.04140625 0.0296875
4 0.7203125 0.5875 0.0453125 0.02890625
4 0.84140625 0.66484375 0.0828125 0.046875
4 0.87890625 0.60390625 0.059375 0.034375
4 0.4625 0.5890625 0.0296875 0.0296875
4 0.44140625 0.5578125 0.02578125 0.02421875
3 0.17578125 0.6984375 0.01484375 0.0578125
3 0.16328125 0.69453125 0.01328125 0.05546875
1 0.165625 0.74140625 0.009375 0.03359375
1 0.1578125 0.7453125 0.0109375 0.0359375
1 0.15 0.74765625 0.01015625 0.04140625