4 0.975 0.33828125 0.04453125 0.04921875
4 0.7015625 0.35390625 0.04375 0.0453125
4 0.63984375 0.23359375 0.0171875 0.0265625
4 0.5859375 0.23984375 0.021875 0.0234375
4 0.8234375 0.3125 0.0578125 0.040625
4 0.7421875 0.33203125 0.0375 0.053125
4 0.96796875 0.4265625 0.0546875 0.04140625
4 0.953125 0.40625 0.0828125 0.05
4 0.3359375 0.66015625 0.13125 0.1953125
4 0.40078125 0.2953125 0.05546875 0.03671875
4 0.81328125 0.49453125 0.09765625 0.1015625
4 0.72578125 0.26171875 0.05234375 0.0234375
4 0.72578125 0.2859375 0.04921875 0.03046875
4 0.89453125 0.36484375 0.08984375 0.059375
4 0.4546875 0.23046875 0.01953125 0.0203125
1 0.19375 0.4203125 0.009375 0.03984375
1 0.17421875 0.425 0.01015625 0.040625
1 0.184375 0.42421875 0.00703125 0.0390625