4 0.86015625 0.35078125 0.046875 0.03359375
4 0.909375 0.365625 0.096875 0.05234375
4 0.3765625 0.3171875 0.03671875 0.040625
4 0.41015625 0.50625 0.04140625 0.09609375
4 0.828125 0.32265625 0.07421875 0.0390625
4 0.45625 0.221875 0.01875 0.0234375
4 0.46796875 0.2515625 0.0296875 0.03203125
4 0.48515625 0.22265625 0.01953125 0.02421875
4 0.9578125 0.4140625 0.07578125 0.05078125
4 0.76953125 0.35 0.05078125 0.05
4 0.503125 0.2609375 0.02734375 0.028125
4 0.928125 0.27890625 0.04609375 0.02578125
4 0.7125 0.24609375 0.06171875 0.0359375
4 0.859375 0.52890625 0.1390625 0.11640625
4 0.41796875 0.8875 0.35234375 0.21640625
4 0.63828125 0.275 0.02421875 0.02890625
1 0.17578125 0.41640625 0.0078125 0.03359375
1 0.19296875 0.40859375 0.0125 0.03359375
1 0.184375 0.4125 0.0078125 0.0328125