4 0.37109375 0.39453125 0.0625 0.07578125
4 0.946875 0.30859375 0.0484375 0.04296875
4 0.3125 0.4765625 0.0828125 0.10078125
4 0.71875 0.25390625 0.05390625 0.0265625
4 0.6265625 0.21484375 0.025 0.0265625
4 0.45859375 0.22265625 0.01875 0.02109375
4 0.1109375 0.28828125 0.05546875 0.03125
4 0.9703125 0.41796875 0.05390625 0.05
4 0.4265625 0.48046875 0.0828125 0.13125
1 0.184375 0.4140625 0.00859375 0.03125
1 0.190625 0.4078125 0.01171875 0.03046875
1 0.1734375 0.4125 0.00859375 0.03671875
1 0.17890625 0.41640625 0.00859375 0.0328125