4 0.190625 0.44609375 0.05703125 0.03359375
4 0.56875 0.39296875 0.01875 0.0171875
4 0.359375 0.45390625 0.06796875 0.0359375
4 0.22265625 0.42578125 0.0515625 0.02421875
4 0.103125 0.41484375 0.0328125 0.0203125
4 0.60078125 0.3890625 0.01875 0.021875
4 0.58046875 0.42890625 0.03046875 0.03359375
4 0.796875 0.40078125 0.0390625 0.0171875
4 0.82265625 0.4203125 0.0578125 0.03125
4 0.98125 0.54140625 0.03046875 0.04140625
4 0.93046875 0.478125 0.07578125 0.04296875
4 0.62109375 0.36015625 0.0171875 0.01640625
1 0.28984375 0.57578125 0.01171875 0.034375
1 0.29765625 0.5734375 0.00859375 0.03125