4 0.7234375 0.2609375 0.0515625 0.0203125
4 0.86171875 0.3453125 0.06953125 0.0453125
4 0.8078125 0.3921875 0.059375 0.06171875
4 0.92578125 0.3765625 0.1296875 0.0703125
4 0.0828125 0.27890625 0.05078125 0.03671875
4 0.9515625 0.409375 0.0796875 0.05078125
4 0.72265625 0.28515625 0.05234375 0.02890625
4 0.81484375 0.31953125 0.08828125 0.05078125
4 0.9796875 0.44296875 0.03125 0.05703125
4 0.94609375 0.31875 0.04609375 0.0359375
4 0.7703125 0.35546875 0.05078125 0.04609375
4 0.48984375 0.234375 0.021875 0.021875
4 0.92421875 0.28984375 0.04609375 0.02734375
4 0.4609375 0.22890625 0.0203125 0.0171875
4 0.64765625 0.2453125 0.02265625 0.02421875
1 0.1890625 0.42109375 0.009375 0.034375
1 0.18203125 0.42578125 0.009375 0.034375
1 0.17265625 0.42421875 0.009375 0.0375