4 0.92578125 0.49140625 0.046875 0.03515625
4 0.6109375 0.3703125 0.01953125 0.01796875
4 0.91484375 0.47265625 0.04765625 0.03046875
4 0.703125 0.38125 0.01953125 0.02109375
4 0.5984375 0.39453125 0.01953125 0.028125
4 0.7359375 0.42890625 0.02265625 0.0265625
4 0.56953125 0.39140625 0.01484375 0.0234375
4 0.18203125 0.44453125 0.0453125 0.0359375
4 0.24296875 0.45 0.059375 0.0328125
4 0.7890625 0.39609375 0.03515625 0.0234375
4 0.96015625 0.50625 0.0453125 0.04296875
4 0.25 0.42734375 0.0421875 0.02421875
4 0.434375 0.4375 0.025 0.03203125
4 0.16953125 0.42109375 0.03984375 0.02265625
4 0.7328125 0.38671875 0.0140625 0.01796875
4 0.82265625 0.41640625 0.053125 0.03203125
4 0.97734375 0.521875 0.0359375 0.05625