4 0.51796875 0.65859375 0.08984375 0.11640625
4 0.96796875 0.5296875 0.0546875 0.05
4 0.2703125 0.4609375 0.0515625 0.03828125
4 0.509375 0.51875 0.04375 0.05703125
4 0.575 0.53359375 0.0453125 0.0578125
4 0.54296875 0.47421875 0.04140625 0.040625
4 0.740625 0.38828125 0.01875 0.01875
4 0.825 0.415625 0.05078125 0.03046875
4 0.10625 0.840625 0.2125 0.159375
4 0.85390625 0.49609375 0.0484375 0.05
4 0.3078125 0.64609375 0.103125 0.11015625
4 0.49296875 0.5546875 0.04921875 0.0671875
4 0.46171875 0.5953125 0.02890625 0.07109375
4 0.4109375 0.65390625 0.09140625 0.1171875
4 0.56875 0.3890625 0.01640625 0.02421875
1 0.93046875 0.5296875 0.01953125 0.0484375