4 0.51484375 0.1828125 0.01015625 0.01328125
4 0.75625 0.5875 0.09765625 0.11640625
4 0.3 0.46953125 0.08046875 0.09765625
4 0.65859375 0.37265625 0.0515625 0.0625
4 0.47265625 0.32890625 0.04453125 0.053125
4 0.9484375 0.3203125 0.03515625 0.0296875
4 0.8078125 0.39140625 0.05859375 0.06328125
4 0.9796875 0.45234375 0.03359375 0.0640625
4 0.76953125 0.35703125 0.04921875 0.05
4 0.721875 0.2625 0.046875 0.0296875
4 0.92421875 0.37734375 0.13203125 0.075
4 0.52421875 0.19765625 0.01328125 0.01484375
4 0.953125 0.41015625 0.084375 0.05
4 0.70234375 0.24921875 0.03984375 0.02109375
4 0.51796875 0.22421875 0.01640625 0.02265625
4 0.92421875 0.290625 0.04609375 0.03046875
4 0.81796875 0.31875 0.0765625 0.04921875
4 0.86484375 0.3484375 0.0671875 0.05078125
1 0.18671875 0.42421875 0.01015625 0.0328125
1 0.17734375 0.428125 0.009375 0.03515625
1 0.19296875 0.41953125 0.00859375 0.0359375