4 0.371875 0.3875 0.0234375 0.03828125
4 0.68671875 0.39453125 0.03046875 0.0359375
4 0.646875 0.3515625 0.021875 0.0296875
4 0.6625 0.36953125 0.0265625 0.03203125
4 0.79921875 0.4171875 0.07734375 0.03671875
4 0.853125 0.44921875 0.0703125 0.034375
4 0.88203125 0.465625 0.1 0.05
4 0.39296875 0.36953125 0.0265625 0.03203125
4 0.96171875 0.64609375 0.07109375 0.10859375
4 0.6125 0.31640625 0.01953125 0.025
4 0.353125 0.40390625 0.03046875 0.034375
3 0.00703125 0.5625 0.0140625 0.07109375
3 0.021875 0.575 0.02109375 0.07578125
1 0.10546875 0.621875 0.0125 0.06484375
1 0.11875 0.6234375 0.0125 0.06484375
1 0.13125 0.6109375 0.0125 0.0546875
1 0.28515625 0.46484375 0.01875 0.04609375
1 0.14765625 0.615625 0.01484375 0.0453125
1 0.8 0.45 0.01640625 0.04296875
1 0.33671875 0.41015625 0.0140625 0.0375