4 0.92734375 0.4859375 0.11171875 0.06015625
4 0.378125 0.3921875 0.025 0.03359375
4 0.71015625 0.4125 0.03984375 0.04140625
4 0.8796875 0.46171875 0.0953125 0.05234375
4 0.8109375 0.42734375 0.08515625 0.04765625
4 0.40234375 0.3640625 0.028125 0.03203125
4 0.3640625 0.4 0.02421875 0.03046875
4 0.34609375 0.41875 0.03359375 0.0375
4 0.65078125 0.36171875 0.028125 0.0265625
4 0.09609375 0.85859375 0.15546875 0.184375
4 0.29375 0.90625 0.14609375 0.17890625
4 0.4234375 0.3375 0.0171875 0.01796875
4 0.41328125 0.3453125 0.01875 0.0171875
4 0.61328125 0.32265625 0.015625 0.0171875
4 0.6234375 0.33203125 0.0171875 0.01796875
4 0.634375 0.34375 0.02421875 0.02265625
4 0.76015625 0.39140625 0.05546875 0.0328125
1 0.11796875 0.625 0.01484375 0.059375
1 0.12890625 0.6078125 0.021875 0.06875
1 0.29375 0.44609375 0.0140625 0.05
1 0.2828125 0.465625 0.01796875 0.0484375
1 0.10703125 0.62109375 0.015625 0.05859375
1 0.065625 0.571875 0.0171875 0.04765625