4 0.8203125 0.415625 0.04375 0.02265625
4 0.6953125 0.4078125 0.021875 0.021875
4 0.20859375 0.42109375 0.07109375 0.034375
4 0.740625 0.42890625 0.025 0.02734375
4 0.5765625 0.37890625 0.0171875 0.025
4 0.83984375 0.475 0.0484375 0.04140625
4 0.71171875 0.43515625 0.02421875 0.0296875
4 0.7578125 0.40546875 0.02265625 0.02578125
4 0.228125 0.446875 0.05078125 0.03125
4 0.403125 0.95625 0.13671875 0.07890625
4 0.91953125 0.484375 0.07421875 0.0359375
4 0.28671875 0.4515625 0.06640625 0.034375
4 0.1140625 0.415625 0.0328125 0.01796875
4 0.928125 0.45078125 0.04921875 0.02421875
4 0.8390625 0.42890625 0.05078125 0.0296875
1 0.2875 0.578125 0.00859375 0.03359375
1 0.2953125 0.57578125 0.00859375 0.03125
1 0.30234375 0.56953125 0.01015625 0.03359375