4 0.4640625 0.5734375 0.025 0.02734375
4 0.76171875 0.90625 0.11328125 0.04609375
4 0.40078125 0.85859375 0.090625 0.13359375
4 0.26328125 0.84375 0.10625 0.12890625
4 0.71640625 0.5921875 0.05546875 0.03046875
4 0.4890625 0.56171875 0.025 0.02578125
4 0.49140625 0.5984375 0.02421875 0.02734375
4 0.440625 0.55859375 0.021875 0.01875
4 0.84765625 0.66484375 0.10234375 0.04765625
4 0.096875 0.60859375 0.0625 0.03359375
4 0.60390625 0.54375 0.015625 0.0171875
1 0.14453125 0.74375 0.00859375 0.03203125
1 0.1609375 0.746875 0.009375 0.03203125
1 0.16875 0.74140625 0.00859375 0.03203125
1 0.15234375 0.7484375 0.00859375 0.0359375