4 0.58828125 0.53515625 0.028125 0.04609375
4 0.346875 0.725 0.06953125 0.0828125
4 0.22890625 0.90234375 0.13359375 0.17109375
4 0.7953125 0.70234375 0.096875 0.09609375
4 0.478125 0.5515625 0.01953125 0.0203125
4 0.39296875 0.66171875 0.04765625 0.0609375
4 0.93125 0.709375 0.0828125 0.071875
4 0.40703125 0.81171875 0.07734375 0.10078125
4 0.421875 0.6296875 0.03046875 0.04375
4 0.83671875 0.66171875 0.07265625 0.03984375
4 0.45078125 0.59453125 0.02578125 0.0296875
4 0.965625 0.74765625 0.05859375 0.05234375
4 0.44375 0.55625 0.01875 0.0171875
4 0.6953125 0.578125 0.05078125 0.03046875
4 0.86328125 0.60390625 0.05703125 0.03359375
1 0.159375 0.7390625 0.0078125 0.03046875
1 0.1515625 0.7453125 0.009375 0.034375