4 0.86171875 0.67578125 0.07890625 0.04140625
4 0.5953125 0.6125 0.04296875 0.075
4 0.578125 0.5734375 0.021875 0.0234375
4 0.621875 0.56484375 0.02109375 0.01796875
4 0.4484375 0.55078125 0.01640625 0.0234375
4 0.96796875 0.74921875 0.04609375 0.046875
4 0.95234375 0.7328125 0.06875 0.0484375
4 0.92265625 0.71015625 0.09453125 0.04765625
4 0.82421875 0.66484375 0.04921875 0.03984375
4 0.69453125 0.5828125 0.046875 0.02734375
4 0.09765625 0.60625 0.065625 0.0375
4 0.34921875 0.61875 0.0625 0.0375
4 0.8609375 0.88984375 0.0453125 0.07109375
4 0.49375 0.53515625 0.0171875 0.0140625
0 0.4484375 0.625 0.065625 0.09140625