4 0.72265625 0.38359375 0.0609375 0.03125
4 0.95859375 0.5390625 0.0734375 0.06328125
4 0.70234375 0.3671875 0.0515625 0.02734375
4 0.87578125 0.4734375 0.08984375 0.04765625
4 0.8953125 0.4875 0.0890625 0.05234375
4 0.91953125 0.50625 0.0859375 0.05703125
4 0.828125 0.44453125 0.05390625 0.03203125
4 0.846875 0.459375 0.05625 0.04453125
4 0.79140625 0.4171875 0.04765625 0.0375
4 0.80703125 0.434375 0.05078125 0.03671875
1 0.084375 0.6359375 0.01875 0.06171875
1 0.4203125 0.37890625 0.0140625 0.028125
1 0.17109375 0.53515625 0.01015625 0.03984375
1 0.809375 0.475 0.0171875 0.03359375
1 0.41015625 0.38359375 0.01015625 0.02734375
1 0.1796875 0.53515625 0.01015625 0.03671875