4 0.70859375 0.2453125 0.05546875 0.03046875
4 0.96953125 0.42421875 0.05390625 0.04609375
4 0.63203125 0.24140625 0.01953125 0.025
4 0.190625 0.28828125 0.06015625 0.0359375
4 0.92109375 0.37734375 0.07109375 0.05234375
4 0.12421875 0.29296875 0.0609375 0.0390625
4 0.88828125 0.35078125 0.084375 0.05
4 0.846875 0.33671875 0.06484375 0.046875
4 0.809375 0.31875 0.046875 0.0453125
4 0.95390625 0.39453125 0.08515625 0.05703125
4 0.61640625 0.21484375 0.0140625 0.015625
4 0.9453125 0.3109375 0.05078125 0.04453125
4 0.45625 0.225 0.02109375 0.02109375
1 0.18515625 0.41875 0.0078125 0.03359375
1 0.19375 0.41171875 0.00859375 0.0328125
1 0.1765625 0.41953125 0.01015625 0.0375