4 0.64609375 0.346875 0.01796875 0.0203125
4 0.1484375 0.8234375 0.14140625 0.1671875
4 0.39140625 0.3609375 0.04296875 0.06875
4 0.6890625 0.3890625 0.03671875 0.0390625
4 0.046875 0.94140625 0.09375 0.10859375
4 0.66328125 0.365625 0.02421875 0.0296875
4 0.75625 0.38359375 0.06640625 0.0296875
4 0.8015625 0.4140625 0.07734375 0.0390625
4 0.88203125 0.45625 0.1109375 0.059375
4 0.43671875 0.3 0.015625 0.01953125
4 0.41640625 0.33203125 0.01796875 0.0203125
4 0.35703125 0.39453125 0.02890625 0.03671875
4 0.34453125 0.40859375 0.0265625 0.03671875
3 0.940625 0.56484375 0.02265625 0.07109375
1 0.2984375 0.4375 0.0109375 0.04140625
1 0.1171875 0.609375 0.0140625 0.059375
1 0.065625 0.56015625 0.0171875 0.04609375
1 0.278125 0.46015625 0.01171875 0.0375
1 0.10703125 0.61640625 0.01484375 0.059375
1 0.303125 0.42265625 0.01484375 0.028125
1 0.02265625 0.56328125 0.0140625 0.040625
1 0.8015625 0.44609375 0.0203125 0.03359375
1 0.33203125 0.41875 0.01171875 0.02890625
1 0.134375 0.6 0.01875 0.0609375