4 0.340625 0.54140625 0.06796875 0.07578125
4 0.628125 0.34375 0.0234375 0.02109375
4 0.88515625 0.39140625 0.03828125 0.02890625
4 0.84765625 0.4703125 0.040625 0.04453125
4 0.84609375 0.44921875 0.08125 0.04453125
4 0.79609375 0.41015625 0.05234375 0.03359375
4 0.89140625 0.48046875 0.09140625 0.05234375
4 0.9390625 0.5125 0.075 0.05234375
4 0.64921875 0.32578125 0.028125 0.02265625
4 0.9640625 0.534375 0.065625 0.065625
4 0.9796875 0.559375 0.03515625 0.05859375
4 0.22109375 0.44765625 0.08125 0.040625
4 0.475 0.42734375 0.04453125 0.04375
4 0.459375 0.48046875 0.05546875 0.06484375
4 0.43828125 0.56171875 0.071875 0.0875
4 0.40078125 0.67421875 0.096875 0.1421875
4 0.26171875 0.66640625 0.11953125 0.13359375
4 0.37421875 0.484375 0.05 0.0625
1 0.36796875 0.42109375 0.01328125 0.0390625
1 0.8109375 0.47734375 0.02578125 0.07109375
1 0.3515625 0.40390625 0.01015625 0.02421875
1 0.08125 0.63125 0.0234375 0.07109375
1 0.37578125 0.41328125 0.01171875 0.03828125