4 0.9265625 0.3890625 0.0703125 0.05
4 0.9453125 0.40546875 0.05546875 0.0375
4 0.98046875 0.44296875 0.02890625 0.0609375
4 0.4234375 0.31015625 0.03125 0.040625
4 0.46171875 0.4 0.0609375 0.08203125
4 0.3953125 0.3609375 0.0609375 0.07890625
4 0.3359375 0.43359375 0.0828125 0.08515625
4 0.74453125 0.325 0.0453125 0.05
4 0.6890625 0.43359375 0.0765625 0.08359375
4 0.85390625 0.53359375 0.10546875 0.1
4 0.83515625 0.7125 0.153125 0.175
4 0.41875 0.51875 0.0765625 0.12109375
4 0.459375 0.22109375 0.015625 0.0171875
4 0.64609375 0.23359375 0.02734375 0.028125
4 0.26015625 0.521875 0.1046875 0.12265625
4 0.246875 0.31484375 0.05859375 0.021875
4 0.70859375 0.24296875 0.04921875 0.02421875
4 0.84375 0.32265625 0.0671875 0.05
4 0.8796875 0.35 0.096875 0.0484375
1 0.19375 0.4078125 0.00859375 0.02890625
1 0.1875 0.41484375 0.00625 0.0328125
1 0.1796875 0.415625 0.009375 0.0328125
1 0.17265625 0.4109375 0.00703125 0.0296875