4 0.20859375 0.44140625 0.0859375 0.04375
4 0.8453125 0.44453125 0.075 0.040625
4 0.965625 0.53671875 0.06015625 0.0765625
4 0.94609375 0.49921875 0.096875 0.04765625
4 0.89296875 0.4796875 0.059375 0.04609375
4 0.81015625 0.4171875 0.0640625 0.04296875
4 0.746875 0.446875 0.04296875 0.04140625
4 0.7703125 0.47109375 0.05 0.05
4 0.1609375 0.46484375 0.08203125 0.04375
4 0.49296875 0.35859375 0.03125 0.06640625
4 0.43046875 0.35234375 0.02578125 0.0625
4 0.6203125 0.33125 0.01796875 0.02109375
4 0.72265625 0.42265625 0.04921875 0.05234375
4 0.4265625 0.62265625 0.084375 0.12734375
4 0.32265625 0.56015625 0.08203125 0.1125
4 0.4203125 0.4375 0.02265625 0.04140625
4 0.84375 0.38515625 0.0625 0.02890625
4 0.60078125 0.34921875 0.021875 0.02578125
4 0.71953125 0.37578125 0.04921875 0.02890625
1 0.18984375 0.36953125 0.0609375 0.0828125
1 0.08359375 0.63125 0.0265625 0.07109375
1 0.18125 0.5203125 0.01015625 0.034375
1 0.171875 0.52734375 0.01015625 0.03671875
1 0.1640625 0.52109375 0.00859375 0.03359375
1 0.37734375 0.41328125 0.0125 0.0328125
1 0.35234375 0.40390625 0.0109375 0.02421875
1 0.81484375 0.475 0.01953125 0.05
1 0.36796875 0.41796875 0.0125 0.04140625