4 0.50546875 0.2 0.01484375 0.01640625
4 0.09453125 0.29921875 0.065625 0.03515625
4 0.4875 0.2234375 0.02265625 0.02421875
4 0.93203125 0.28203125 0.0625 0.0296875
4 0.0484375 0.45625 0.096875 0.0875
4 0.76953125 0.3515625 0.05703125 0.053125
4 0.4296875 0.46484375 0.071875 0.09609375
4 0.1265625 0.26875 0.04375 0.0265625
4 0.7109375 0.24609375 0.03984375 0.0296875
4 0.81328125 0.3125 0.0890625 0.04765625
4 0.978125 0.44453125 0.034375 0.0671875
4 0.87734375 0.35234375 0.084375 0.04609375
1 0.19296875 0.409375 0.009375 0.03125
1 0.171875 0.41015625 0.00625 0.03203125
1 0.17734375 0.41484375 0.00703125 0.03359375
1 0.18515625 0.4125 0.0078125 0.0328125
0 0.44453125 0.228125 0.0546875 0.05625