4 0.29140625 0.42890625 0.0546875 0.0265625
4 0.73203125 0.4296875 0.02578125 0.03203125
4 0.43359375 0.61015625 0.07734375 0.096875
4 0.8234375 0.4171875 0.0515625 0.02578125
4 0.16796875 0.44375 0.0625 0.0375
4 0.48984375 0.54453125 0.05859375 0.0671875
4 0.9359375 0.6625 0.121875 0.15859375
4 0.58359375 0.378125 0.01640625 0.01484375
4 0.62421875 0.34765625 0.0140625 0.01328125
4 0.7140625 0.39453125 0.02578125 0.02109375
4 0.934375 0.484375 0.08125 0.040625
4 0.26640625 0.46640625 0.0484375 0.040625
4 0.9734375 0.53203125 0.04375 0.053125
4 0.59453125 0.3703125 0.01328125 0.0125
1 0.28203125 0.578125 0.00703125 0.03359375
1 0.28984375 0.5796875 0.00703125 0.03359375
1 0.30078125 0.571875 0.00859375 0.0328125
1 0.2953125 0.578125 0.00859375 0.0359375