4 0.76953125 0.35234375 0.05703125 0.05390625
4 0.978125 0.44921875 0.03359375 0.07421875
4 0.9125 0.3640625 0.09921875 0.0625
4 0.3859375 0.375 0.05078125 0.0671875
4 0.93046875 0.28359375 0.0484375 0.03359375
4 0.175 0.73359375 0.16796875 0.21640625
4 0.3265625 0.4515625 0.0796875 0.10546875
4 0.7078125 0.2453125 0.0484375 0.02890625
4 0.59765625 0.2390625 0.021875 0.0234375
4 0.82890625 0.321875 0.07265625 0.046875
4 0.61640625 0.25390625 0.02421875 0.03125
4 0.128125 0.27265625 0.0453125 0.02890625
1 0.19296875 0.41171875 0.009375 0.03203125
1 0.18515625 0.415625 0.00703125 0.02890625
1 0.17109375 0.41484375 0.0078125 0.03203125
1 0.178125 0.42109375 0.00859375 0.03203125
0 0.65 0.23828125 0.03984375 0.05234375