4 0.75546875 0.4015625 0.0203125 0.021875
4 0.965625 0.50859375 0.05859375 0.046875
4 0.571875 0.38046875 0.015625 0.015625
4 0.28671875 0.80234375 0.153125 0.22109375
4 0.86640625 0.58359375 0.06796875 0.06640625
4 0.9453125 0.5 0.0640625 0.040625
4 0.91484375 0.4765625 0.06328125 0.03515625
4 0.82421875 0.41328125 0.0484375 0.02578125
4 0.734375 0.378125 0.01953125 0.02265625
4 0.225 0.44375 0.05234375 0.0296875
4 0.28828125 0.44609375 0.0625 0.03359375
3 0.22578125 0.60546875 0.03125 0.08515625