4 0.634375 0.228125 0.01875 0.02265625
4 0.11171875 0.290625 0.0609375 0.03046875
4 0.70390625 0.25 0.0421875 0.02265625
4 0.61640625 0.21171875 0.01328125 0.0171875
4 0.6859375 0.22890625 0.034375 0.01875
4 0.17109375 0.28984375 0.05546875 0.03671875
4 0.63359375 0.26953125 0.02265625 0.0359375
4 0.45546875 0.22890625 0.01875 0.01796875
4 0.72421875 0.2625 0.059375 0.0375
4 0.96953125 0.4234375 0.05390625 0.05234375
1 0.18671875 0.41328125 0.01171875 0.03984375
1 0.17578125 0.41640625 0.01328125 0.04296875