4 0.6046875 0.2 0.0140625 0.01328125
4 0.6234375 0.221875 0.0125 0.0171875
4 0.57578125 0.21640625 0.02109375 0.025
4 0.9671875 0.42265625 0.05625 0.0578125
4 0.6328125 0.2296875 0.01875 0.0203125
4 0.1703125 0.28671875 0.06171875 0.0359375
4 0.615625 0.2140625 0.0125 0.015625
4 0.1109375 0.2875 0.05625 0.0359375
4 0.45625 0.22734375 0.01796875 0.01796875
4 0.465625 0.2171875 0.01171875 0.01484375
4 0.721875 0.2609375 0.06015625 0.03828125
1 0.17890625 0.41953125 0.009375 0.0359375
1 0.196875 0.409375 0.0109375 0.03359375
1 0.1875 0.41484375 0.0109375 0.03671875