4 0.72421875 0.38671875 0.015625 0.0171875
4 0.378125 0.4609375 0.05703125 0.03671875
4 0.56484375 0.390625 0.02109375 0.02265625
4 0.24296875 0.425 0.04140625 0.03359375
4 0.97265625 0.5078125 0.0421875 0.03359375
4 0.9203125 0.49140625 0.0484375 0.0390625
4 0.846875 0.434375 0.059375 0.0328125
4 0.8046875 0.41328125 0.04296875 0.02734375
4 0.73671875 0.39609375 0.02109375 0.01953125
4 0.9109375 0.46796875 0.04921875 0.02578125
4 0.16796875 0.44453125 0.04296875 0.0296875
4 0.75078125 0.41328125 0.02734375 0.0234375
4 0.22578125 0.44765625 0.05625 0.0328125
1 0.290625 0.578125 0.009375 0.03203125
1 0.2796875 0.57890625 0.015625 0.03671875