4 0.4703125 0.3625 0.05390625 0.075
4 0.909375 0.28515625 0.05703125 0.02890625
4 0.12890625 0.27109375 0.053125 0.0328125
4 0.96796875 0.4203125 0.05703125 0.05703125
4 0.8953125 0.3609375 0.084375 0.0625
4 0.85390625 0.3421875 0.06484375 0.04609375
4 0.78046875 0.2609375 0.028125 0.0296875
4 0.72890625 0.2640625 0.0609375 0.0421875
4 0.70625 0.2484375 0.04921875 0.03359375
4 0.6828125 0.23125 0.0375 0.0203125
4 0.465625 0.21484375 0.01484375 0.015625
4 0.45703125 0.22421875 0.0171875 0.01796875
4 0.32421875 0.42734375 0.07421875 0.0875
3 0.1328125 0.40703125 0.02421875 0.05546875
1 0.19375 0.4109375 0.01171875 0.0296875
1 0.17421875 0.4125 0.0109375 0.03359375
1 0.184375 0.41640625 0.009375 0.03359375