4 0.728125 0.2609375 0.046875 0.03046875
4 0.68046875 0.23125 0.03828125 0.02578125
4 0.62734375 0.25234375 0.03515625 0.0453125
1 0.17265625 0.41484375 0.00703125 0.0328125
4 0.77109375 0.35390625 0.05390625 0.05859375
4 0.3734375 0.60234375 0.10625 0.1875
4 0.93046875 0.28515625 0.05390625 0.0375
4 0.48125 0.24375 0.02578125 0.02890625
4 0.35234375 0.28125 0.05078125 0.0375
4 0.08984375 0.775 0.17890625 0.44140625
4 0.98046875 0.44609375 0.02890625 0.078125
4 0.96640625 0.425 0.0546875 0.059375
1 0.17890625 0.421875 0.00703125 0.0328125
1 0.19296875 0.4109375 0.009375 0.03359375
1 0.1859375 0.4171875 0.0078125 0.0296875
4 0.95234375 0.4078125 0.07109375 0.053125
4 0.86640625 0.34140625 0.08203125 0.04453125
4 0.8171875 0.3125 0.08359375 0.0359375
4 0.77421875 0.2484375 0.02890625 0.03515625