1 0.284375 0.4609375 0.01171875 0.04453125
1 0.11796875 0.61328125 0.015625 0.06015625
4 0.62265625 0.32890625 0.01796875 0.01953125
4 0.61328125 0.31796875 0.01328125 0.01484375
4 0.64921875 0.35703125 0.025 0.02734375
4 0.34453125 0.41015625 0.0328125 0.03828125
4 0.71015625 0.4125 0.034375 0.04140625
4 0.39296875 0.37109375 0.0203125 0.02421875
4 0.87734375 0.4578125 0.09453125 0.05078125
4 0.64453125 0.42109375 0.028125 0.03359375
4 0.40390625 0.36015625 0.0203125 0.03046875
4 0.36171875 0.39375 0.02734375 0.03359375
4 0.33984375 0.53515625 0.065625 0.07109375
4 0.89140625 0.47265625 0.1046875 0.05078125
1 0.07265625 0.56484375 0.01953125 0.05390625
1 0.33203125 0.42265625 0.01171875 0.02109375
1 0.30078125 0.4359375 0.01796875 0.0609375
1 0.10546875 0.61953125 0.02265625 0.06171875
1 0.13125 0.6046875 0.0171875 0.0609375
1 0.02109375 0.56484375 0.0140625 0.03359375