4 0.96875 0.421875 0.05625 0.04765625
4 0.92890625 0.80234375 0.13671875 0.2125
4 0.4640625 0.2203125 0.015625 0.015625
4 0.48046875 0.20390625 0.0140625 0.01328125
4 0.615625 0.2171875 0.0125 0.0171875
4 0.72265625 0.26484375 0.0546875 0.03671875
4 0.60546875 0.23203125 0.01796875 0.01953125
4 0.7046875 0.25 0.0515625 0.02734375
4 0.684375 0.234375 0.03515625 0.0234375
4 0.65546875 0.2171875 0.03046875 0.01640625
4 0.44140625 0.39765625 0.065625 0.0875
4 0.74296875 0.32734375 0.0484375 0.05390625
4 0.91015625 0.28984375 0.05390625 0.02890625
4 0.57421875 0.22109375 0.0171875 0.01953125
3 0.809375 0.59609375 0.03984375 0.1
3 0.7625 0.6125 0.03671875 0.1
1 0.19296875 0.4171875 0.0078125 0.03046875
1 0.1859375 0.4234375 0.00625 0.03203125
1 0.17890625 0.428125 0.00703125 0.03125
1 0.17265625 0.4203125 0.00625 0.028125
4 0.90390625 0.37265625 0.053125 0.040625
4 0.8203125 0.32734375 0.0578125 0.04453125
4 0.45703125 0.2296875 0.01640625 0.01796875
4 0.8828125 0.359375 0.07421875 0.06328125
4 0.9515625 0.4046875 0.08671875 0.0484375