4 0.2234375 0.4453125 0.0484375 0.0328125
4 0.94453125 0.48125 0.0640625 0.0390625
4 0.98125 0.5421875 0.0296875 0.0390625
4 0.82109375 0.4140625 0.046875 0.0234375
4 0.75546875 0.403125 0.02265625 0.0234375
4 0.2859375 0.45 0.06484375 0.03125
4 0.35390625 0.45546875 0.06015625 0.02734375
4 0.7390625 0.3875 0.01640625 0.025
4 0.4171875 0.64921875 0.084375 0.09296875
4 0.4671875 0.5671875 0.06171875 0.06953125
4 0.55 0.62109375 0.0765625 0.1
4 0.17734375 0.43828125 0.05234375 0.03046875
4 0.57265625 0.3796875 0.01796875 0.02578125
4 0.73046875 0.3765625 0.01171875 0.0171875
4 0.8453125 0.48515625 0.04296875 0.04609375
1 0.28359375 0.57265625 0.009375 0.03671875
1 0.30234375 0.56640625 0.01171875 0.0359375
1 0.290625 0.57578125 0.009375 0.0328125