4 0.95078125 0.7296875 0.090625 0.06484375
4 0.6078125 0.5546875 0.0140625 0.01640625
4 0.6203125 0.56328125 0.021875 0.02578125
4 0.16015625 0.63203125 0.0640625 0.03515625
4 0.9203125 0.71171875 0.075 0.0546875
4 0.2515625 0.64609375 0.05625 0.0359375
4 0.71484375 0.590625 0.06015625 0.03046875
1 0.15859375 0.74296875 0.00859375 0.03671875
4 0.89375 0.6421875 0.0578125 0.02890625
1 0.14765625 0.7484375 0.00703125 0.0359375
1 0.13984375 0.746875 0.00859375 0.03515625
3 0.03828125 0.66328125 0.0203125 0.05625
4 0.78515625 0.70625 0.059375 0.05390625
4 0.97890625 0.7640625 0.034375 0.06484375
4 0.88046875 0.70390625 0.03671875 0.03984375