4 0.81484375 0.41484375 0.046875 0.025
4 0.58125 0.378125 0.01484375 0.01796875
4 0.184375 0.43359375 0.06796875 0.04140625
4 0.5703125 0.38984375 0.015625 0.02109375
4 0.59609375 0.3671875 0.01171875 0.01484375
4 0.93125 0.48671875 0.05390625 0.03984375
4 0.746875 0.39765625 0.021875 0.02109375
4 0.96640625 0.51796875 0.0578125 0.059375
1 0.2953125 0.57421875 0.009375 0.03359375
1 0.28359375 0.57265625 0.00625 0.03046875
1 0.303125 0.56875 0.01015625 0.034375
1 0.2875 0.5796875 0.009375 0.03515625
4 0.984375 0.55078125 0.02265625 0.03046875
4 0.784375 0.39296875 0.04609375 0.0234375
4 0.946875 0.4984375 0.065625 0.03984375