4 0.40703125 0.65234375 0.09765625 0.128125
4 0.975 0.5078125 0.0390625 0.02890625
4 0.45625 0.58984375 0.07109375 0.09921875
4 0.1703125 0.42109375 0.04453125 0.02265625
4 0.25078125 0.42734375 0.04140625 0.025
1 0.296875 0.57421875 0.00859375 0.02890625
4 0.57890625 0.3796875 0.01328125 0.01484375
4 0.5046875 0.51875 0.04453125 0.05703125
1 0.30546875 0.56953125 0.01171875 0.02890625
4 0.98046875 0.52734375 0.0328125 0.0390625
4 0.81796875 0.41484375 0.0453125 0.02421875
1 0.28828125 0.578125 0.009375 0.03359375
1 0.28203125 0.5734375 0.00390625 0.028125
4 0.73125 0.38359375 0.01953125 0.02578125
4 0.24296875 0.4515625 0.059375 0.0296875
4 0.434375 0.43984375 0.0171875 0.02109375
4 0.83046875 0.42265625 0.03984375 0.0265625
4 0.70546875 0.3609375 0.0109375 0.01328125
4 0.7140625 0.36640625 0.0125 0.0140625
4 0.78984375 0.39765625 0.03359375 0.0234375
4 0.5703125 0.39140625 0.01640625 0.0171875
4 0.175 0.4453125 0.059375 0.03359375
4 0.55390625 0.45234375 0.034375 0.0375
4 0.92578125 0.4828125 0.05 0.04453125
4 0.94765625 0.49609375 0.05 0.0328125