4 0.6171875 0.5578125 0.0140625 0.015625
4 0.38515625 0.8625 0.10546875 0.14140625
4 0.3578125 0.71484375 0.06796875 0.0625
4 0.44140625 0.6046875 0.02890625 0.03203125
4 0.0828125 0.61328125 0.071875 0.0421875
4 0.4421875 0.56171875 0.0203125 0.0140625
4 0.9640625 0.75234375 0.0609375 0.05859375
4 0.98046875 0.76484375 0.03046875 0.04921875
4 0.9546875 0.72421875 0.08203125 0.04765625
4 0.91328125 0.6984375 0.08984375 0.04609375
4 0.88671875 0.6828125 0.08671875 0.04765625
4 0.84609375 0.6625 0.0828125 0.0453125
4 0.69296875 0.58125 0.05390625 0.03203125
4 0.65234375 0.55 0.03359375 0.01953125
4 0.415625 0.63515625 0.0375 0.040625
4 0.1671875 0.61328125 0.059375 0.03203125
4 0.8625 0.6078125 0.05546875 0.02890625
1 0.15234375 0.75 0.00859375 0.0359375
1 0.14453125 0.7453125 0.00703125 0.0359375
1 0.16015625 0.74609375 0.0109375 0.03515625
1 0.16796875 0.74296875 0.01015625 0.03359375