4 0.59609375 0.2203125 0.01796875 0.01953125
1 0.1921875 0.40859375 0.00859375 0.0296875
1 0.17265625 0.41328125 0.00703125 0.03125
1 0.18125 0.41328125 0.00703125 0.03046875
4 0.93203125 0.28515625 0.05078125 0.02890625
4 0.7078125 0.25 0.0453125 0.025
4 0.46015625 0.2234375 0.01640625 0.01953125
4 0.8890625 0.35625 0.0765625 0.05078125
4 0.9578125 0.40390625 0.0765625 0.0578125
4 0.82421875 0.3109375 0.06875 0.0390625
4 0.1171875 0.28125 0.0578125 0.0375
4 0.49765625 0.25390625 0.02734375 0.02265625
4 0.428125 0.4546875 0.071875 0.09921875
4 0.315625 0.4734375 0.08828125 0.10234375