1 0.08515625 0.63671875 0.01953125 0.06796875
4 0.24140625 0.43515625 0.07265625 0.0375
4 0.221875 0.4484375 0.078125 0.0453125
4 0.8890625 0.38984375 0.05078125 0.02890625
4 0.49140625 0.38203125 0.02734375 0.0359375
4 0.48203125 0.34609375 0.01953125 0.021875
4 0.434375 0.3734375 0.05625 0.06484375
4 0.5046875 0.3515625 0.01796875 0.021875
4 0.50859375 0.3359375 0.01875 0.01875
4 0.61015625 0.36328125 0.0234375 0.021875
4 0.5890625 0.3421875 0.01640625 0.0203125
4 0.8 0.41953125 0.0578125 0.0421875
4 0.84609375 0.459375 0.06171875 0.04921875
4 0.8859375 0.47890625 0.0796875 0.05625
4 0.92109375 0.50234375 0.08671875 0.04921875
4 0.9421875 0.5375 0.04609375 0.05078125
4 0.97734375 0.55625 0.03359375 0.0734375
4 0.95390625 0.434375 0.05703125 0.040625
4 0.6984375 0.365625 0.05 0.03125
4 0.67890625 0.3515625 0.0359375 0.02734375
4 0.6515625 0.328125 0.0390625 0.021875
4 0.7625 0.71640625 0.11171875 0.14140625
4 0.5984375 0.3984375 0.03125 0.02734375
4 0.46796875 0.42265625 0.0328125 0.05390625
1 0.809375 0.4875 0.0171875 0.0578125
1 0.16484375 0.53203125 0.0078125 0.03046875
1 0.17109375 0.53828125 0.00703125 0.0296875
1 0.17734375 0.5328125 0.0078125 0.03125
1 0.184375 0.528125 0.0078125 0.03203125