4 0.96015625 0.5390625 0.06953125 0.05703125
4 0.21875 0.4484375 0.07421875 0.04140625
4 0.7078125 0.371875 0.046875 0.0234375
4 0.9796875 0.56484375 0.034375 0.05625
4 0.846875 0.4609375 0.06171875 0.04765625
4 0.9203125 0.50390625 0.08984375 0.05078125
4 0.88671875 0.478125 0.078125 0.05625
4 0.8515625 0.47109375 0.0453125 0.04375
4 0.80625 0.42421875 0.071875 0.0390625
4 0.50546875 0.3359375 0.01953125 0.01875
4 0.38203125 0.44375 0.08203125 0.1375
4 0.64296875 0.3296875 0.0359375 0.0234375
1 0.16953125 0.53359375 0.00859375 0.0359375
1 0.1765625 0.53125 0.00859375 0.03515625
1 0.184375 0.52578125 0.01015625 0.0359375
1 0.1640625 0.52890625 0.009375 0.0328125
1 0.809375 0.4734375 0.0171875 0.03046875
1 0.08359375 0.6375 0.02109375 0.075
1 0.4453125 0.36953125 0.0078125 0.02109375
1 0.4515625 0.3625 0.0078125 0.021875
1 0.4578125 0.35078125 0.00703125 0.01953125
1 0.35234375 0.40859375 0.01171875 0.03359375