1 0.3 0.44375 0.0140625 0.05390625
1 0.11640625 0.6265625 0.015625 0.053125
1 0.13125 0.6203125 0.01640625 0.0546875
4 0.665625 0.3828125 0.028125 0.0296875
1 0.28125 0.4625 0.0171875 0.05
1 0.10390625 0.6359375 0.01484375 0.0609375
1 0.0703125 0.5765625 0.015625 0.05546875
4 0.34375 0.425 0.02890625 0.0328125
4 0.4015625 0.375 0.02265625 0.02578125
4 0.39296875 0.38203125 0.02109375 0.0265625
4 0.88046875 0.47109375 0.1171875 0.06015625
4 0.71171875 0.42265625 0.02890625 0.03046875
1 0.3265625 0.42890625 0.01171875 0.03359375