4 0.68671875 0.45078125 0.09453125 0.1234375
4 0.734375 0.21953125 0.0484375 0.05
4 0.6984375 0.16484375 0.025 0.0375
4 0.71484375 0.15546875 0.025 0.02890625
4 0.7375 0.14921875 0.02578125 0.03671875
4 0.30625 0.34375 0.1578125 0.12109375
4 0.6765625 0.17578125 0.034375 0.03203125
4 0.3296875 0.59921875 0.221875 0.209375
4 0.575 0.3890625 0.109375 0.11953125
4 0.3953125 0.3 0.10859375 0.09375
4 0.7234375 0.37421875 0.0765625 0.0890625
4 0.7609375 0.3328125 0.0546875 0.07421875
4 0.490625 0.4640625 0.13984375 0.13046875
4 0.47109375 0.2703125 0.084375 0.07265625
4 0.4625 0.18984375 0.07734375 0.0578125
4 0.6328125 0.315625 0.08671875 0.07578125
4 0.7046875 0.27578125 0.0578125 0.06640625