4 0.42578125 0.63359375 0.0796875 0.0796875
4 0.20703125 0.59375 0.08046875 0.0890625
4 0.246875 0.428125 0.0390625 0.04921875
4 0.253125 0.45390625 0.0328125 0.03828125
4 0.28984375 0.4953125 0.03828125 0.0375
4 0.321875 0.46875 0.03515625 0.0359375
4 0.340625 0.48046875 0.04140625 0.0375
4 0.3578125 0.49453125 0.040625 0.03984375
4 0.35390625 0.55078125 0.0609375 0.0578125
4 0.3984375 0.52265625 0.04296875 0.05546875
4 0.43125 0.54140625 0.06171875 0.06328125
4 0.47578125 0.58046875 0.078125 0.071875
4 0.54296875 0.6234375 0.109375 0.090625
4 0.42890625 0.80234375 0.14765625 0.15390625
4 0.62890625 0.68203125 0.12265625 0.109375
4 0.18359375 0.48515625 0.06171875 0.07890625
4 0.221875 0.66875 0.0859375 0.09609375
3 0.67578125 0.71328125 0.02421875 0.09140625
2 0.05859375 0.92109375 0.11640625 0.15