4 0.36953125 0.40546875 0.0515625 0.05625
4 0.44453125 0.4078125 0.0546875 0.040625
4 0.27109375 0.55234375 0.07265625 0.0703125
4 0.2421875 0.53125 0.0421875 0.06171875
4 0.23828125 0.4703125 0.05859375 0.0765625
4 0.22890625 0.4328125 0.046875 0.05234375
4 0.21875 0.4078125 0.04296875 0.04921875
4 0.21484375 0.384375 0.04765625 0.04453125
4 0.20390625 0.35234375 0.040625 0.0359375
4 0.38046875 0.3609375 0.040625 0.0375
4 0.57578125 0.50234375 0.08984375 0.07109375
4 0.51953125 0.459375 0.075 0.06015625
4 0.50078125 0.5359375 0.10390625 0.09453125
1 0.1234375 0.703125 0.03203125 0.1046875
0 0.19765625 0.2875 0.04296875 0.05859375