4 0.37265625 0.33203125 0.103125 0.08203125
4 0.27265625 0.37421875 0.1359375 0.11015625
4 0.41796875 0.23046875 0.06953125 0.04765625
4 0.4015625 0.23984375 0.046875 0.0484375
4 0.57734375 0.23046875 0.05078125 0.03828125
4 0.63203125 0.24765625 0.04921875 0.03984375
4 0.68515625 0.27421875 0.05078125 0.05625
4 0.74453125 0.3234375 0.071875 0.084375
4 0.6578125 0.30390625 0.0359375 0.06640625
4 0.65234375 0.46796875 0.1 0.12421875
4 0.4484375 0.29765625 0.0796875 0.0671875
4 0.2453125 0.6375 0.265625 0.225
4 0.39140625 0.7484375 0.246875 0.22734375
4 0.54921875 0.58046875 0.15 0.14765625
4 0.43515625 0.4984375 0.16796875 0.15234375
4 0.5625 0.3453125 0.18046875 0.21484375