4 0.1765625 0.50546875 0.025 0.02265625
4 0.4828125 0.59375 0.0734375 0.0578125
4 0.396875 0.53046875 0.053125 0.05625
4 0.175 0.53984375 0.040625 0.0484375
4 0.4375 0.553125 0.0765625 0.06796875
4 0.16640625 0.48671875 0.0328125 0.0390625
4 0.5453125 0.63359375 0.09140625 0.0734375
4 0.3234375 0.47734375 0.03671875 0.0375
4 0.27734375 0.4765625 0.0328125 0.0375
4 0.21171875 0.46875 0.03125 0.03828125
4 0.21796875 0.60859375 0.0875 0.15703125
3 0.11484375 0.8625 0.0484375 0.14140625
3 0.13671875 0.60703125 0.021875 0.0859375
3 0.94296875 0.81015625 0.02890625 0.1