4 0.57578125 0.5046875 0.0828125 0.07421875
4 0.52109375 0.4609375 0.0703125 0.06328125
4 0.36171875 0.34609375 0.034375 0.03984375
4 0.23828125 0.471875 0.05859375 0.08203125
4 0.4125 0.378125 0.046875 0.04765625
4 0.2296875 0.42890625 0.0515625 0.05390625
4 0.46875 0.425 0.059375 0.046875
4 0.4390625 0.40078125 0.05 0.04296875
4 0.209375 0.36171875 0.0328125 0.03984375
4 0.26796875 0.55703125 0.0921875 0.078125
4 0.21640625 0.40625 0.046875 0.0546875
1 0.1234375 0.69921875 0.03046875 0.10234375
3 0.1796875 0.52578125 0.02421875 0.09140625