4 0.42109375 0.47734375 0.0984375 0.10859375
4 0.21171875 0.16015625 0.02578125 0.02890625
4 0.509375 0.3328125 0.0734375 0.05625
4 0.74609375 0.67109375 0.19609375 0.18359375
4 0.50625 0.41953125 0.10234375 0.08671875
4 0.23203125 0.275 0.0640625 0.07734375
4 0.1890625 0.20234375 0.03671875 0.0375
4 0.45 0.346875 0.06796875 0.0625
4 0.3703125 0.35859375 0.07109375 0.07109375
4 0.2859375 0.2609375 0.0375 0.0453125
4 0.39140625 0.29140625 0.0515625 0.0484375
4 0.3109375 0.29609375 0.0484375 0.0515625
4 0.25703125 0.4 0.06953125 0.08671875
4 0.24765625 0.334375 0.0609375 0.05625
4 0.35390625 0.2578125 0.0328125 0.0375
4 0.30078125 0.20859375 0.0203125 0.02734375
4 0.31875 0.22734375 0.0265625 0.02890625