4 0.7109375 0.1578125 0.03046875 0.02890625
4 0.73828125 0.2296875 0.02890625 0.04140625
4 0.73046875 0.15078125 0.02578125 0.02890625
4 0.490625 0.2625 0.0828125 0.06640625
4 0.74921875 0.33984375 0.07578125 0.09453125
4 0.62578125 0.2 0.053125 0.04375
4 0.55625 0.38828125 0.11953125 0.11484375
4 0.9828125 0.77734375 0.028125 0.17109375
4 0.790625 0.30625 0.046875 0.078125
4 0.66328125 0.2828125 0.1359375 0.1296875
4 0.6828125 0.17265625 0.03515625 0.03671875
3 0.8671875 0.3375 0.02109375 0.06484375