4 0.2140625 0.2484375 0.03671875 0.04609375
4 0.540625 0.409375 0.11015625 0.0921875
4 0.4 0.30859375 0.0578125 0.059375
4 0.01015625 0.89765625 0.01953125 0.09609375
4 0.38359375 0.77734375 0.30234375 0.22890625
4 0.675 0.45859375 0.0953125 0.0921875
4 0.59296875 0.3921875 0.065625 0.0796875
4 0.37890625 0.2453125 0.03515625 0.0421875
4 0.43984375 0.34765625 0.0578125 0.0625
4 0.35703125 0.265625 0.03671875 0.0359375
4 0.33359375 0.246875 0.0296875 0.03359375
4 0.4703125 0.5875 0.1328125 0.13984375
4 0.425 0.47109375 0.1203125 0.10703125
4 0.371875 0.39453125 0.07578125 0.075
4 0.34921875 0.33828125 0.0765625 0.06328125
4 0.315625 0.28515625 0.0421875 0.05234375
4 0.27421875 0.2375 0.03828125 0.02890625
4 0.253125 0.22421875 0.03046875 0.0375
4 0.26640625 0.40859375 0.078125 0.096875
4 0.2546875 0.3171875 0.0859375 0.12890625
3 0.171875 0.74765625 0.04296875 0.1625
3 0.096875 0.78125 0.03984375 0.17109375