4 0.64453125 0.86015625 0.18125 0.1296875
4 0.3640625 0.4984375 0.040625 0.0421875
4 0.39609375 0.52421875 0.0390625 0.0484375
4 0.428125 0.5484375 0.04296875 0.04375
4 0.25390625 0.44453125 0.02734375 0.03125
4 0.1328125 0.43671875 0.03828125 0.03125
4 0.19140625 0.528125 0.059375 0.06171875
4 0.29140625 0.5578125 0.0546875 0.06015625
4 0.43515625 0.64921875 0.040625 0.0921875
4 0.22578125 0.6734375 0.084375 0.09140625
4 0.20859375 0.59765625 0.078125 0.09140625
4 0.5375 0.62578125 0.096875 0.0875
4 0.4765625 0.5828125 0.07421875 0.06875
4 0.321875 0.4734375 0.03515625 0.0328125
4 0.34765625 0.525 0.0484375 0.05