4 0.83203125 0.87890625 0.3296875 0.1
4 0.6515625 0.4703125 0.1046875 0.12734375
4 0.66640625 0.19453125 0.0328125 0.03359375
4 0.68984375 0.26953125 0.04375 0.046875
4 0.6609375 0.30078125 0.05625 0.0640625
4 0.6125 0.32421875 0.08515625 0.08046875
4 0.70859375 0.36171875 0.05625 0.08359375
4 0.4171875 0.2265625 0.07265625 0.04765625
4 0.44609375 0.2984375 0.078125 0.0734375
4 0.37578125 0.33125 0.08984375 0.084375
4 0.27265625 0.3734375 0.13828125 0.1140625
4 0.57734375 0.23125 0.05078125 0.04609375
4 0.64375 0.20859375 0.03125 0.03359375