4 0.64296875 0.20546875 0.03203125 0.034375
4 0.27265625 0.3734375 0.13828125 0.11328125
4 0.709375 0.3609375 0.0578125 0.08359375
4 0.65234375 0.47265625 0.1109375 0.13828125
4 0.66875 0.19609375 0.02890625 0.0296875
4 0.37578125 0.33125 0.09453125 0.08203125
4 0.4484375 0.29609375 0.075 0.071875
4 0.57890625 0.23359375 0.05078125 0.04609375
4 0.44453125 0.22109375 0.06015625 0.053125
4 0.4171875 0.2265625 0.06640625 0.0484375
4 0.6109375 0.32890625 0.0796875 0.07578125
3 0.15 0.35703125 0.0265625 0.09453125
3 0.1734375 0.35 0.0203125 0.07578125