4 0.5109375 0.33046875 0.0703125 0.05859375
4 0.25859375 0.396875 0.06796875 0.08984375
4 0.38203125 0.39609375 0.0875 0.0984375
4 0.5140625 0.41484375 0.0859375 0.0828125
4 0.234375 0.278125 0.06171875 0.0765625
4 0.3265625 0.27109375 0.0453125 0.06015625
4 0.27109375 0.190625 0.02421875 0.0265625
4 0.609375 0.7484375 0.20078125 0.2015625
4 0.41171875 0.29453125 0.05 0.05625
4 0.31015625 0.22109375 0.03203125 0.03125
4 0.3484375 0.25 0.03359375 0.0359375
4 0.76484375 0.65625 0.18984375 0.159375