4 0.5796875 0.48125 0.01796875 0.0203125
4 0.11796875 0.91171875 0.2359375 0.17265625
4 0.4234375 0.57109375 0.046875 0.04609375
4 0.52890625 0.5609375 0.0328125 0.02421875
4 0.55546875 0.51640625 0.02578125 0.02890625
4 0.61484375 0.5 0.0203125 0.02265625
4 0.48515625 0.52265625 0.03203125 0.02578125
4 0.509375 0.47265625 0.02578125 0.0171875
4 0.453125 0.4953125 0.0328125 0.04453125
4 0.5234375 0.4921875 0.02265625 0.028125
4 0.20859375 0.61640625 0.08671875 0.071875
4 0.14375 0.6546875 0.09765625 0.0796875
4 0.05546875 0.69375 0.1109375 0.10390625
4 0.21171875 0.978125 0.2046875 0.03984375
4 0.4828125 0.95703125 0.1171875 0.08203125
4 0.525 0.87109375 0.10625 0.1234375
4 0.54375 0.7875 0.0765625 0.0875
4 0.5859375 0.6078125 0.02890625 0.0328125
4 0.575 0.5046875 0.01875 0.02109375
4 0.51640625 0.5078125 0.0265625 0.028125
4 0.5515625 0.47265625 0.01640625 0.01640625
4 0.56015625 0.46796875 0.0125 0.0140625
0 0.5578125 0.4453125 0.0203125 0.028125
0 0.5453125 0.453125 0.0203125 0.03125
0 0.47265625 0.48125 0.04609375 0.0578125
0 0.528125 0.45703125 0.0265625 0.0359375
0 0.25625 0.54453125 0.15546875 0.12890625