4 0.4359375 0.52734375 0.0234375 0.02734375
4 0.1765625 0.5140625 0.08203125 0.03828125
4 0.153125 0.5390625 0.09296875 0.0359375
4 0.1375 0.5484375 0.10625 0.0390625
4 0.1265625 0.5734375 0.1046875 0.046875
4 0.05859375 0.6515625 0.1171875 0.109375
4 0.19296875 0.49453125 0.07109375 0.03515625
4 0.0109375 0.515625 0.02109375 0.025
4 0.0234375 0.49765625 0.046875 0.0375
4 0.0328125 0.48515625 0.0546875 0.034375
4 0.078125 0.46953125 0.0453125 0.025
4 0.11796875 0.45546875 0.04296875 0.0203125
4 0.12890625 0.41875 0.03125 0.015625
4 0.1828125 0.434375 0.01796875 0.01875
4 0.16875 0.42734375 0.0203125 0.01796875
4 0.19453125 0.425 0.025 0.01328125
4 0.87265625 0.759375 0.16875 0.13984375
4 0.20859375 0.421875 0.02578125 0.01484375
4 0.22734375 0.41875 0.0171875 0.0140625
4 0.47578125 0.65 0.0734375 0.0921875
4 0.45078125 0.59296875 0.0515625 0.0578125
4 0.4453125 0.5546875 0.04140625 0.0359375
3 0.61796875 0.503125 0.01640625 0.05703125
3 0.3421875 0.74296875 0.028125 0.11796875
3 0.471875 0.79609375 0.025 0.12265625
3 0.67578125 0.47578125 0.0109375 0.03671875
3 0.45234375 0.78359375 0.025 0.11796875
3 0.57265625 0.48515625 0.0140625 0.04140625
3 0.36328125 0.78125 0.0328125 0.12421875