4 0.32421875 0.503125 0.4 0.31484375
4 0.821875 0.25703125 0.03203125 0.03125
4 0.6578125 0.27265625 0.0296875 0.02578125
4 0.61015625 0.3296875 0.09375 0.128125
4 0.559375 0.32578125 0.0234375 0.040625
4 0.540625 0.34921875 0.04453125 0.05
4 0.49375 0.353125 0.05859375 0.034375
4 0.5375 0.41015625 0.0390625 0.071875
4 0.68046875 0.2921875 0.03828125 0.0484375
4 0.66875 0.31640625 0.02421875 0.05390625
4 0.6828125 0.36171875 0.05859375 0.0671875
4 0.56640625 0.4671875 0.103125 0.11953125
4 0.67265625 0.48984375 0.06640625 0.1125
4 0.7984375 0.23046875 0.015625 0.01953125
4 0.78203125 0.2359375 0.02578125 0.0234375
4 0.7859375 0.2578125 0.0296875 0.0328125
4 0.815625 0.2921875 0.04296875 0.03984375
4 0.79921875 0.3140625 0.0390625 0.05390625
4 0.71640625 0.26875 0.03515625 0.03671875
4 0.67421875 0.26015625 0.028125 0.021875
3 0.44140625 0.66875 0.0484375 0.10859375
3 0.5890625 0.2578125 0.00859375 0.03515625
3 0.47265625 0.32578125 0.0109375 0.0390625
0 0.73984375 0.2234375 0.04921875 0.046875