3 0.94609375 0.36796875 0.02109375 0.07109375
4 0.37578125 0.52578125 0.16328125 0.1328125
4 0.80234375 0.2203125 0.03671875 0.034375
4 0.81015625 0.44296875 0.06015625 0.09609375
4 0.45078125 0.42734375 0.0984375 0.08671875
4 0.5421875 0.43515625 0.103125 0.0828125
4 0.52734375 0.37734375 0.07734375 0.07109375
4 0.596875 0.34375 0.0796875 0.065625
4 0.6515625 0.31171875 0.05546875 0.05390625
4 0.69296875 0.28203125 0.05234375 0.05234375
4 0.7296875 0.26328125 0.04140625 0.040625
4 0.7546875 0.24296875 0.04140625 0.04296875
4 0.96484375 0.22109375 0.028125 0.03046875
4 0.95390625 0.24765625 0.034375 0.03828125
4 0.9375 0.2703125 0.0390625 0.0515625
3 0.79609375 0.18515625 0.01015625 0.02890625
3 0.95703125 0.46640625 0.02265625 0.0921875
3 0.67734375 0.60078125 0.03046875 0.10703125
3 0.9671875 0.34375 0.01328125 0.0671875
3 0.67734375 0.621875 0.02578125 0.11953125
0 0.9 0.175 0.04453125 0.04296875