4 0.80390625 0.44921875 0.0828125 0.12265625
4 0.65078125 0.30859375 0.065625 0.0640625
4 0.95859375 0.21953125 0.03203125 0.0265625
4 0.39765625 0.48359375 0.14453125 0.11640625
4 0.69921875 0.2890625 0.0453125 0.046875
4 0.025 0.82265625 0.05 0.14609375
4 0.7546875 0.24296875 0.0421875 0.04296875
4 0.0734375 0.45390625 0.14609375 0.07734375
4 0.78515625 0.23359375 0.03203125 0.034375
4 0.9484375 0.25390625 0.03671875 0.04921875
4 0.7265625 0.26796875 0.0453125 0.04140625
3 0.4 0.61484375 0.03828125 0.10703125
3 0.421875 0.60234375 0.02578125 0.109375
0 0.8796875 0.178125 0.04296875 0.04921875