4 0.8859375 0.23046875 0.0171875 0.01875
4 0.9296875 0.2578125 0.0203125 0.028125
4 0.91484375 0.23515625 0.01015625 0.01796875
4 0.88984375 0.19765625 0.00859375 0.01015625
4 0.87734375 0.2046875 0.01171875 0.01171875
4 0.7140625 0.33515625 0.05078125 0.05
4 0.07890625 0.528125 0.1578125 0.13515625
4 0.76796875 0.7515625 0.17421875 0.26171875
4 0.81640625 0.603125 0.1015625 0.103125
4 0.2296875 0.45390625 0.140625 0.1
4 0.33828125 0.41015625 0.1 0.08359375
4 0.4265625 0.378125 0.0921875 0.0828125
4 0.49296875 0.35 0.0625 0.065625
4 0.54140625 0.3296875 0.0515625 0.05703125
4 0.584375 0.315625 0.0421875 0.04765625
4 0.62265625 0.303125 0.04296875 0.04140625
4 0.65859375 0.28984375 0.03515625 0.03671875
4 0.684375 0.28359375 0.03359375 0.03515625
4 0.715625 0.27734375 0.040625 0.03203125
4 0.740625 0.26953125 0.02578125 0.028125
4 0.9046875 0.36328125 0.03828125 0.0375
4 0.92265625 0.28359375 0.0265625 0.03671875
0 0.76796875 0.24140625 0.053125 0.06171875