4 0.93515625 0.159375 0.021875 0.01875
4 0.9265625 0.1765625 0.034375 0.0375
4 0.92265625 0.2 0.03046875 0.0359375
4 0.91640625 0.1421875 0.02109375 0.025
2 0.2109375 0.46953125 0.05859375 0.10234375
0 0.8203125 0.121875 0.03125 0.03515625
0 0.84921875 0.12890625 0.04375 0.05
4 0.74765625 0.18515625 0.03515625 0.03671875
4 0.72109375 0.2 0.0375 0.0390625
4 0.69140625 0.21640625 0.04609375 0.04375
4 0.66015625 0.2390625 0.05078125 0.04765625
3 0.8203125 0.634375 0.03828125 0.13515625
4 0.63125 0.25390625 0.05 0.03984375
4 0.565625 0.28125 0.0484375 0.06015625
4 0.596875 0.31015625 0.11796875 0.12578125
4 0.50625 0.30859375 0.08671875 0.0875
4 0.4765625 0.390625 0.10703125 0.10078125
4 0.41171875 0.38046875 0.10234375 0.08515625
3 0.71484375 0.61640625 0.0484375 0.11640625
4 0.8359375 0.3234375 0.07265625 0.0875
4 0.778125 0.403125 0.075 0.08984375
4 0.3546875 0.47109375 0.1609375 0.11640625
4 0.90703125 0.221875 0.04375 0.05