3 0.1359375 0.56484375 0.02734375 0.0875
3 0.278125 0.49140625 0.0171875 0.09140625
3 0.7515625 0.27109375 0.00703125 0.02578125
3 0.73046875 0.271875 0.00546875 0.01875
3 0.6328125 0.29609375 0.01015625 0.03359375
4 0.86875 0.3140625 0.03671875 0.03359375
4 0.86328125 0.3296875 0.04296875 0.03203125
4 0.85234375 0.35078125 0.03984375 0.05546875
4 0.703125 0.31640625 0.03203125 0.03359375
4 0.68125 0.32890625 0.03515625 0.03671875
4 0.64921875 0.3421875 0.04609375 0.0484375
4 0.61484375 0.3625 0.04609375 0.04140625
4 0.26171875 0.62109375 0.175 0.12109375
4 0.72734375 0.51015625 0.0796875 0.12109375
4 0.85390625 0.26953125 0.01953125 0.02265625
4 0.57890625 0.390625 0.05546875 0.05234375
4 0.5359375 0.41796875 0.0640625 0.05859375
4 0.4765625 0.44765625 0.07578125 0.07578125
4 0.396875 0.496875 0.09140625 0.08203125
4 0.6140625 0.40859375 0.0671875 0.05859375
3 0.64375 0.29609375 0.0078125 0.03125
1 0.4515625 0.409375 0.01875 0.053125
3 0.7796875 0.26171875 0.00390625 0.01875
3 0.73828125 0.27109375 0.00703125 0.02265625
4 0.55546875 0.46171875 0.0828125 0.0734375
4 0.43515625 0.53515625 0.121875 0.09609375
4 0.6265625 0.49921875 0.0921875 0.0984375
4 0.5234375 0.58984375 0.12109375 0.12109375
4 0.88203125 0.296875 0.01796875 0.03515625
3 0.8234375 0.6 0.02421875 0.1