4 0.15859375 0.38125 0.12578125 0.04453125
4 0.21171875 0.35625 0.07578125 0.034375
4 0.2109375 0.33046875 0.090625 0.06015625
4 0.24609375 0.30546875 0.02421875 0.02578125
4 0.1953125 0.28828125 0.0140625 0.01640625
4 0.01171875 0.3828125 0.0234375 0.03125
4 0.02109375 0.375 0.0421875 0.03125
4 0.03046875 0.3625 0.059375 0.0390625
4 0.0640625 0.35 0.0421875 0.0328125
4 0.03671875 0.32734375 0.03671875 0.025
4 0.09140625 0.3453125 0.021875 0.0203125
4 0.1046875 0.334375 0.05 0.025
4 0.1296875 0.32578125 0.04375 0.01875
4 0.1390625 0.31796875 0.0390625 0.015625
4 0.15859375 0.31171875 0.034375 0.0171875
4 0.18203125 0.3046875 0.01953125 0.01875
4 0.0171875 0.33984375 0.034375 0.01640625
4 0.078125 0.31953125 0.02578125 0.0140625
4 0.090625 0.31796875 0.03046875 0.01640625
4 0.10546875 0.3078125 0.0265625 0.01328125
4 0.1265625 0.30234375 0.0203125 0.01328125
4 0.14296875 0.2984375 0.025 0.01328125
4 0.15625 0.29296875 0.01953125 0.00859375
4 0.02265625 0.31015625 0.0453125 0.02265625
4 0.16015625 0.28046875 0.0265625 0.01171875
4 0.0703125 0.30078125 0.0140625 0.01015625
4 0.071875 0.29453125 0.01640625 0.0078125
4 0.08515625 0.3 0.0125 0.01171875
4 0.08828125 0.29609375 0.01328125 0.01171875
4 0.096875 0.29375 0.03125 0.0171875
4 0.11796875 0.2890625 0.01875 0.0140625
4 0.49140625 0.30234375 0.0203125 0.01953125
4 0.52734375 0.32109375 0.0234375 0.0265625
4 0.59375 0.353125 0.04375 0.04296875
4 0.43828125 0.4046875 0.02578125 0.01875
4 0.50625 0.56328125 0.09375 0.1140625
4 0.4734375 0.5140625 0.0625 0.08515625
4 0.45546875 0.465625 0.05546875 0.05078125
4 0.446875 0.434375 0.040625 0.0484375
4 0.54453125 0.3296875 0.0296875 0.028125
4 0.0625 0.5078125 0.10625 0.059375
4 0.08984375 0.45546875 0.17890625 0.11484375
4 0.18125 0.42890625 0.02578125 0.0390625
4 0.1625 0.40390625 0.08828125 0.04140625
4 0.20078125 0.3703125 0.06640625 0.03203125
4 0.0359375 0.540625 0.071875 0.075
3 0.3625 0.62890625 0.02578125 0.1
3 0.01875 0.66328125 0.03671875 0.09765625
3 0.0875 0.6734375 0.03828125 0.0953125
3 0.984375 0.46640625 0.02109375 0.078125
3 0.18828125 0.46953125 0.01796875 0.0515625
3 0.12265625 0.6578125 0.0296875 0.1109375
3 0.9671875 0.46875 0.01953125 0.078125
3 0.60078125 0.325 0.0109375 0.01640625
3 0.7890625 0.38984375 0.01875 0.05
3 0.5453125 0.30390625 0.00546875 0.02109375
3 0.515625 0.325 0.009375 0.025
3 0.7578125 0.36484375 0.0109375 0.0421875
3 0.77265625 0.3890625 0.0171875 0.05
3 0.83203125 0.3828125 0.01328125 0.0375
3 0.84453125 0.38203125 0.01328125 0.04140625
3 0.9453125 0.475 0.03125 0.0765625
3 0.93203125 0.55859375 0.03203125 0.096875
3 0.1453125 0.64921875 0.03046875 0.1109375
3 0.68359375 0.67421875 0.05546875 0.11484375