4 0.08359375 0.515625 0.1671875 0.171875
4 0.8296875 0.61015625 0.11171875 0.1484375
4 0.890625 0.23203125 0.0171875 0.0171875
4 0.23203125 0.4578125 0.134375 0.10078125
4 0.3515625 0.4078125 0.10703125 0.08046875
4 0.43984375 0.371875 0.07578125 0.0703125
4 0.89453125 0.24609375 0.01484375 0.01796875
4 0.78203125 0.77109375 0.15859375 0.1984375
4 0.8265625 0.340625 0.0453125 0.05625
4 0.6921875 0.3484375 0.0671875 0.0734375
4 0.85078125 0.290625 0.025 0.025
4 0.853125 0.2625 0.0265625 0.02421875
4 0.88671875 0.2578125 0.02109375 0.021875
4 0.71484375 0.96640625 0.14609375 0.0625
4 0.83984375 0.2109375 0.0328125 0.04296875
4 0.878125 0.221875 0.015625 0.01640625
4 0.86875 0.23125 0.0171875 0.01875
4 0.4359375 0.79765625 0.22421875 0.28359375
4 0.0640625 0.8625 0.128125 0.27109375
3 0.08828125 0.41796875 0.02265625 0.03984375
2 0.4765625 0.421875 0.025 0.08359375
2 0.7203125 0.28984375 0.01171875 0.04609375
0 0.79765625 0.23125 0.0453125 0.05390625