4 0.03515625 0.53671875 0.0703125 0.0859375
4 0.09453125 0.4671875 0.12109375 0.04921875
4 0.1234375 0.4484375 0.096875 0.046875
4 0.128125 0.415625 0.10625 0.0484375
4 0.0234375 0.36875 0.046875 0.03515625
4 0.0390625 0.3625 0.04140625 0.03046875
4 0.09609375 0.334375 0.05546875 0.0265625
4 0.184375 0.30625 0.0203125 0.021875
4 0.20546875 0.3078125 0.01953125 0.01953125
4 0.228125 0.30625 0.015625 0.01640625
4 0.509375 0.57578125 0.09453125 0.1125
4 0.48046875 0.515625 0.0671875 0.08359375
4 0.45859375 0.46640625 0.05703125 0.06640625
4 0.44296875 0.43828125 0.034375 0.05078125
4 0.20859375 0.36640625 0.0765625 0.0375
4 0.44140625 0.4046875 0.02578125 0.02734375
3 0.55546875 0.64765625 0.028125 0.11015625
3 0.61328125 0.3296875 0.01015625 0.03671875
3 0.571875 0.33125 0.01015625 0.0375
3 0.540625 0.6375 0.01875 0.1078125
3 0.13203125 0.66015625 0.028125 0.09609375
3 0.41171875 0.640625 0.034375 0.10625