4 0.34921875 0.53828125 0.04140625 0.046875
4 0.321875 0.5515625 0.04375 0.040625
4 0.2921875 0.56484375 0.040625 0.04453125
4 0.20859375 0.5953125 0.0578125 0.06015625
3 0.39921875 0.54140625 0.00859375 0.0328125
4 0.0265625 0.67734375 0.05234375 0.09375
4 0.53125 0.8796875 0.1078125 0.140625
4 0.55078125 0.77578125 0.08359375 0.1015625
4 0.59453125 0.609375 0.03828125 0.0359375
4 0.6140625 0.5296875 0.028125 0.0359375
4 0.2640625 0.57265625 0.05390625 0.05546875
4 0.1515625 0.61484375 0.07421875 0.06640625
4 0.38515625 0.5328125 0.03046875 0.0328125
4 0.4140625 0.5234375 0.04296875 0.040625
4 0.5296875 0.5703125 0.04140625 0.040625
4 0.096875 0.7984375 0.16953125 0.1578125
4 0.0859375 0.6515625 0.0890625 0.07578125
4 0.5109375 0.96328125 0.0984375 0.06953125
4 0.35546875 0.81328125 0.11484375 0.13828125
2 0.43828125 0.5296875 0.015625 0.034375