4 0.6828125 0.43671875 0.03671875 0.03359375
4 0.8390625 0.465625 0.03125 0.0359375
4 0.35 0.56171875 0.10546875 0.07734375
4 0.4375 0.52578125 0.078125 0.07109375
4 0.49765625 0.50078125 0.06171875 0.06484375
4 0.55 0.484375 0.05625 0.05078125
4 0.5921875 0.46875 0.040625 0.04140625
4 0.625 0.4578125 0.0390625 0.03828125
4 0.64921875 0.44765625 0.03515625 0.0359375
4 0.71328125 0.43046875 0.03203125 0.0375
4 0.7390625 0.425 0.0265625 0.02890625
4 0.75546875 0.4609375 0.04140625 0.04609375
4 0.85625 0.434375 0.028125 0.0328125
4 0.87421875 0.41484375 0.02421875 0.0296875
4 0.83046875 0.38046875 0.01796875 0.01796875
4 0.45625 0.896875 0.21875 0.20234375
4 0.534375 0.60859375 0.11015625 0.11171875
4 0.771875 0.91171875 0.13671875 0.17265625
4 0.83671875 0.76484375 0.11328125 0.14375
4 0.85390625 0.6484375 0.09375 0.13359375
4 0.9 0.515625 0.040625 0.04453125
4 0.08125 0.66796875 0.16171875 0.16640625
4 0.228125 0.61484375 0.1359375 0.10390625
3 0.14765625 0.5765625 0.0125 0.03828125
3 0.14140625 0.5640625 0.0125 0.04921875
0 0.796875 0.3890625 0.04140625 0.0484375