0 0.796875 0.23046875 0.04375 0.0515625
4 0.8234375 0.61953125 0.115625 0.153125
4 0.0984375 0.8265625 0.196875 0.309375
4 0.865625 0.21484375 0.0515625 0.0359375
4 0.85546875 0.53046875 0.09609375 0.1046875
4 0.75234375 0.809375 0.18125 0.27421875
4 0.6859375 0.9734375 0.1 0.04921875
3 0.82109375 0.32734375 0.0140625 0.04921875
3 0.60390625 0.28046875 0.00859375 0.03515625
3 0.3125 0.3703125 0.0171875 0.07109375
3 0.63359375 0.26796875 0.0078125 0.03515625
3 0.784375 0.36640625 0.02109375 0.05625
3 0.68515625 0.36328125 0.01484375 0.06171875
1 0.29375 0.41953125 0.0421875 0.03203125
0 0.76328125 0.24296875 0.0640625 0.06484375