3 0.31875 0.52578125 0.00859375 0.040625
3 0.475 0.49453125 0.0046875 0.0203125
3 0.484375 0.47265625 0.00390625 0.01640625
4 0.6140625 0.5 0.01875 0.0265625
4 0.54375 0.54765625 0.0328125 0.0390625
4 0.59453125 0.60625 0.040625 0.03984375
4 0.56171875 0.46484375 0.015625 0.01484375
4 0.56484375 0.4515625 0.0203125 0.028125
4 0.57421875 0.47265625 0.015625 0.015625
4 0.60546875 0.4765625 0.01640625 0.01875
4 0.54765625 0.47421875 0.01171875 0.01640625
4 0.5359375 0.48515625 0.0171875 0.01875
4 0.52265625 0.5 0.02421875 0.02578125
4 0.503125 0.52109375 0.0296875 0.03203125
4 0.4578125 0.70390625 0.0734375 0.0890625
4 0.41640625 0.76640625 0.09609375 0.125
4 0.31796875 0.90625 0.16328125 0.18359375
4 0.48984375 0.97265625 0.09921875 0.05
4 0.5703125 0.503125 0.021875 0.02890625
3 0.471875 0.49765625 0.0046875 0.0203125
4 0.0640625 0.84765625 0.128125 0.22890625
3 0.3078125 0.52578125 0.00859375 0.040625
3 0.2484375 0.54375 0.0125 0.0421875
3 0.26875 0.54921875 0.0109375 0.04375
3 0.36015625 0.509375 0.0078125 0.03203125
3 0.3828125 0.4984375 0.0078125 0.03203125
3 0.328125 0.5171875 0.009375 0.03671875