4 0.0375 0.4 0.075 0.05
4 0.0359375 0.37421875 0.071875 0.0296875
4 0.0421875 0.36640625 0.08359375 0.04140625
4 0.53515625 0.425 0.11484375 0.09609375
4 0.046875 0.34140625 0.09375 0.04140625
4 0.07578125 0.3296875 0.075 0.0359375
4 0.08046875 0.31796875 0.08203125 0.0375
4 0.0859375 0.30078125 0.090625 0.03671875
4 0.003125 0.27421875 0.00546875 0.01875
4 0.015625 0.265625 0.03125 0.02265625
4 0.02578125 0.25390625 0.05078125 0.02265625
4 0.1421875 0.21640625 0.025 0.0125
4 0.15546875 0.24375 0.028125 0.0171875
4 0.128125 0.2390625 0.01875 0.01640625
4 0.10703125 0.22734375 0.01796875 0.0171875
4 0.0890625 0.23203125 0.03046875 0.01640625
4 0.43671875 0.34765625 0.0578125 0.06484375
4 0.38984375 0.44765625 0.0796875 0.1
0 0.43515625 0.27109375 0.08046875 0.08046875
3 0.01171875 0.4640625 0.0171875 0.0734375
3 0.87109375 0.3875 0.01953125 0.0734375
3 0.5640625 0.2796875 0.01171875 0.04375
3 0.57890625 0.27109375 0.00859375 0.03359375
3 0.57109375 0.2734375 0.00859375 0.03359375
3 0.55546875 0.2734375 0.009375 0.0390625
1 0.43671875 0.20390625 0.015625 0.02109375
3 0.84765625 0.3921875 0.02109375 0.0734375
3 0.09453125 0.559375 0.0609375 0.09296875
4 0.3671875 0.40234375 0.0578125 0.05546875
4 0.3578125 0.37265625 0.0453125 0.0671875
4 0.34921875 0.33203125 0.03515625 0.04375
4 0.85234375 0.51640625 0.21015625 0.11640625
4 0.0078125 0.45546875 0.015625 0.04375