4 0.8796875 0.1390625 0.021875 0.025
4 0.6234375 0.2515625 0.0625 0.0515625
4 0.89765625 0.1265625 0.0234375 0.03984375
4 0.91171875 0.146875 0.02890625 0.02890625
4 0.8671875 0.146875 0.025 0.025
4 0.85 0.15390625 0.0265625 0.028125
4 0.8390625 0.16484375 0.02421875 0.0328125
4 0.81171875 0.17265625 0.02265625 0.0359375
4 0.7984375 0.18828125 0.0390625 0.04140625
4 0.753125 0.17890625 0.03203125 0.03203125
4 0.76171875 0.2109375 0.03828125 0.04375
4 0.73359375 0.1875 0.0390625 0.03515625
4 0.70078125 0.21484375 0.04453125 0.04140625
4 0.66328125 0.23671875 0.04453125 0.0484375
4 0.5015625 0.36015625 0.20078125 0.20546875
4 0.40390625 0.371875 0.0296875 0.08203125
4 0.73671875 0.23671875 0.06640625 0.0625
4 0.68828125 0.275 0.05390625 0.05390625
4 0.6375 0.31328125 0.0703125 0.0890625
4 0.9328125 0.184375 0.02734375 0.0390625
4 0.921875 0.19375 0.04140625 0.03984375
4 0.90546875 0.21953125 0.04296875 0.05234375
4 0.28515625 0.48984375 0.20234375 0.1515625
3 0.50390625 0.959375 0.05859375 0.07734375
3 0.725 0.80234375 0.05546875 0.18359375
3 0.79765625 0.796875 0.05 0.17734375
3 0.96015625 0.74375 0.05703125 0.17109375
3 0.88671875 0.38515625 0.02265625 0.09140625
3 0.865625 0.5234375 0.0375 0.11796875
3 0.15625 0.4515625 0.0328125 0.09765625
3 0.03203125 0.4875 0.02578125 0.08984375
3 0.8328125 0.50859375 0.03515625 0.11328125
3 0.02265625 0.478125 0.01953125 0.1015625
3 0.1578125 0.46484375 0.0234375 0.09453125
2 0.93828125 0.84296875 0.12109375 0.14375
0 0.85703125 0.125 0.05703125 0.0421875