4 0.60859375 0.546875 0.03046875 0.025
4 0.290625 0.56484375 0.04140625 0.04609375
4 0.59375 0.6046875 0.040625 0.05078125
4 0.2578125 0.571875 0.05390625 0.05390625
4 0.20859375 0.5953125 0.0609375 0.05859375
4 0.15078125 0.615625 0.07421875 0.065625
4 0.084375 0.6515625 0.090625 0.0765625
4 0.02578125 0.67265625 0.05078125 0.08359375
4 0.51953125 0.878125 0.1125 0.153125
4 0.61328125 0.528125 0.03046875 0.03671875
4 0.3515625 0.54140625 0.0390625 0.03984375
4 0.32109375 0.5484375 0.0390625 0.04453125
4 0.38515625 0.53203125 0.034375 0.03359375
4 0.62109375 0.50078125 0.0203125 0.0234375
4 0.4359375 0.50703125 0.0265625 0.02265625
4 0.51328125 0.9640625 0.109375 0.0671875
4 0.553125 0.7796875 0.08671875 0.10859375
4 0.41796875 0.52109375 0.05234375 0.03671875