4 0.88984375 0.37890625 0.046875 0.0625
4 0.6046875 0.309375 0.05625 0.0453125
4 0.8765625 0.221875 0.01328125 0.01796875
4 0.871875 0.19765625 0.02265625 0.02421875
4 0.859375 0.21015625 0.01875 0.0234375
4 0.84765625 0.29765625 0.03203125 0.0328125
4 0.86875 0.2265625 0.0140625 0.0140625
4 0.8578125 0.23515625 0.0140625 0.01796875
4 0.8375 0.2484375 0.02109375 0.0265625
4 0.81171875 0.26640625 0.03046875 0.03203125
4 0.896875 0.23203125 0.0125 0.0140625
4 0.89375 0.23828125 0.01171875 0.0171875
4 0.884375 0.2484375 0.0171875 0.02109375
4 0.878125 0.26171875 0.01875 0.02578125
4 0.86953125 0.27578125 0.02578125 0.03828125
4 0.92890625 0.2578125 0.021875 0.0265625
4 0.92265625 0.26953125 0.021875 0.01953125
4 0.8328125 0.5953125 0.11875 0.153125
4 0.84140625 0.49765625 0.08359375 0.11875
4 0.68671875 0.96640625 0.11796875 0.06328125
4 0.75859375 0.77734375 0.18125 0.2578125
4 0.6078125 0.56953125 0.13515625 0.1484375
4 0.06171875 0.55234375 0.1234375 0.17109375
4 0.22421875 0.46875 0.15703125 0.1125
4 0.7421875 0.415625 0.075 0.07734375
4 0.7203125 0.33046875 0.05 0.05078125
3 0.75625 0.23828125 0.00703125 0.02109375
3 0.68046875 0.29453125 0.0125 0.04453125
1 0.29765625 0.41640625 0.03515625 0.0296875