1 0.4984375 0.27421875 0.0171875 0.02734375
0 0.871875 0.12578125 0.0453125 0.04140625
4 0.9203125 0.2046875 0.0359375 0.05859375
4 0.903125 0.22265625 0.04609375 0.046875
4 0.91875 0.14296875 0.01796875 0.021875
4 0.778125 0.1546875 0.04453125 0.05859375
4 0.7484375 0.18671875 0.03046875 0.03203125
4 0.728125 0.19609375 0.040625 0.034375
4 0.69453125 0.21328125 0.04453125 0.0421875
4 0.66875 0.2375 0.04921875 0.0515625
4 0.6234375 0.25390625 0.059375 0.0515625
4 0.99140625 0.75 0.0140625 0.05390625
4 0.50859375 0.32109375 0.08515625 0.08515625
4 0.43359375 0.36875 0.10078125 0.07890625
4 0.41953125 0.4296875 0.13828125 0.1140625
4 0.2984375 0.5125 0.178125 0.12265625
4 0.84375 0.15390625 0.0296875 0.02890625
4 0.83203125 0.1671875 0.02890625 0.028125
4 0.79609375 0.18046875 0.046875 0.0515625
4 0.775 0.2171875 0.0453125 0.0453125
4 0.7328125 0.2375 0.06015625 0.0640625
4 0.6796875 0.27265625 0.06796875 0.06484375
4 0.609375 0.31328125 0.08125 0.08203125
4 0.54609375 0.378125 0.1 0.071875
4 0.665625 0.36328125 0.090625 0.09765625
4 0.575 0.45703125 0.1328125 0.1375
4 0.93359375 0.18125 0.028125 0.0359375
4 0.94140625 0.16015625 0.01875 0.02890625
4 0.76640625 0.403125 0.07265625 0.10234375
4 0.57578125 0.29375 0.0609375 0.06171875
3 0.3015625 0.37421875 0.01796875 0.07109375
3 0.1359375 0.41328125 0.01640625 0.06796875
3 0.2828125 0.39375 0.025 0.09140625
3 0.290625 0.3484375 0.0171875 0.03515625
3 0.3171875 0.38359375 0.01796875 0.07109375
3 0.31484375 0.325 0.01484375 0.06875
3 0.84921875 0.60390625 0.03359375 0.1375
3 0.1578125 0.39453125 0.01640625 0.06796875
3 0.2640625 0.39609375 0.02265625 0.0890625
3 0.01640625 0.515625 0.0328125 0.10625
3 0.33984375 0.32890625 0.0171875 0.0625
3 0.87265625 0.6203125 0.02890625 0.13984375