4 0.82578125 0.32890625 0.04765625 0.0421875
4 0.6328125 0.44765625 0.09453125 0.0921875
4 0.67890625 0.95625 0.10859375 0.08359375
4 0.90078125 0.38203125 0.0484375 0.06015625
4 0.9328125 0.259375 0.01953125 0.01953125
4 0.83515625 0.303125 0.03828125 0.0328125
4 0.87265625 0.28671875 0.02734375 0.0296875
4 0.74296875 0.3015625 0.084375 0.103125
4 0.7859375 0.3078125 0.015625 0.0390625
4 0.80234375 0.2859375 0.03203125 0.03203125
4 0.83046875 0.2625 0.02265625 0.028125
4 0.84140625 0.2546875 0.01953125 0.0234375
4 0.84765625 0.2453125 0.01796875 0.02265625
4 0.878125 0.2625 0.021875 0.02578125
4 0.88984375 0.2453125 0.0265625 0.028125
4 0.92265625 0.23359375 0.01015625 0.0171875
4 0.903125 0.228125 0.015625 0.015625
4 0.88984375 0.21171875 0.0203125 0.0296875
4 0.76796875 0.4265625 0.14921875 0.17734375
4 0.8546875 0.496875 0.06328125 0.1
4 0.82265625 0.59921875 0.115625 0.15859375
4 0.78359375 0.76328125 0.14609375 0.2140625
4 0.4234375 0.409375 0.10703125 0.08984375
4 0.29609375 0.4546875 0.14296875 0.11171875
4 0.1328125 0.5359375 0.20859375 0.13671875
4 0.0203125 0.59921875 0.040625 0.1078125
4 0.44140625 0.73203125 0.22265625 0.30234375
4 0.8171875 0.275 0.025 0.03125
3 0.41953125 0.43203125 0.02109375 0.08125
3 0.62421875 0.28125 0.01015625 0.0375
3 0.63671875 0.28125 0.01015625 0.0375
3 0.10234375 0.43828125 0.02578125 0.08984375
1 0.14765625 0.40625 0.028125 0.09140625
0 0.8515625 0.21484375 0.02578125 0.03359375