3 0.54921875 0.27265625 0.01015625 0.040625
4 0.35859375 0.36484375 0.04375 0.05546875
4 0.3640625 0.40546875 0.05546875 0.075
4 0.3859375 0.4453125 0.0671875 0.07265625
4 0.40703125 0.50390625 0.09140625 0.1
4 0.45234375 0.2609375 0.03046875 0.02734375
4 0.803125 0.3046875 0.09765625 0.05078125
4 0.80625 0.33046875 0.0953125 0.0515625
4 0.903125 0.31640625 0.1 0.04921875
4 0.1140625 0.228125 0.0265625 0.0140625
4 0.115625 0.21875 0.01953125 0.0109375
4 0.07109375 0.22265625 0.0609375 0.0390625
4 0.04765625 0.25234375 0.0296875 0.021875
4 0.0421875 0.25546875 0.0234375 0.02421875
4 0.01640625 0.2625 0.0328125 0.03984375
4 0.003125 0.28828125 0.00546875 0.02109375
4 0.12578125 0.27265625 0.0609375 0.021875
4 0.115625 0.28515625 0.0640625 0.0296875
4 0.05859375 0.359375 0.1171875 0.115625
4 0.034375 0.42421875 0.06796875 0.0625
4 0.00859375 0.46015625 0.0171875 0.06875
4 0.33515625 0.34453125 0.040625 0.040625
4 0.43046875 0.2515625 0.02421875 0.02578125
4 0.13125 0.87890625 0.2625 0.21640625
4 0.46875 0.33984375 0.05703125 0.0625
3 0.2421875 0.3875 0.01640625 0.0625
3 0.22265625 0.38984375 0.01640625 0.0625
3 0.4296875 0.534375 0.02109375 0.10234375
3 0.26171875 0.390625 0.015625 0.05625
3 0.38203125 0.54921875 0.01953125 0.10234375
3 0.4078125 0.2171875 0.00390625 0.01484375
3 0.65625 0.3 0.01171875 0.05078125
3 0.6484375 0.30625 0.0125 0.04453125
1 0.43671875 0.20390625 0.015625 0.02109375