4 0.5671875 0.3265625 0.0421875 0.03984375
4 0.48828125 0.36640625 0.06953125 0.0609375
4 0.53515625 0.346875 0.04921875 0.05859375
4 0.33125 0.46015625 0.109375 0.103125
4 0.0859375 0.62265625 0.171875 0.15390625
4 0.671875 0.49296875 0.06796875 0.11015625
4 0.346875 0.50625 0.12734375 0.1109375
4 0.40859375 0.57890625 0.15625 0.18125
4 0.8203125 0.27578125 0.03125 0.0375
4 0.8109375 0.29375 0.03203125 0.04375
4 0.796875 0.3140625 0.040625 0.046875
4 0.7734375 0.23671875 0.021875 0.02265625
4 0.784375 0.2328125 0.01953125 0.02421875
4 0.70703125 0.26953125 0.02421875 0.0359375
4 0.6671875 0.2953125 0.075 0.08203125
4 0.65 0.275 0.02421875 0.0234375
4 0.63359375 0.2921875 0.0390625 0.04453125
4 0.5984375 0.30703125 0.040625 0.0453125
4 0.6140625 0.34375 0.05703125 0.06015625
4 0.56484375 0.3796875 0.06953125 0.07109375
4 0.465625 0.4265625 0.096875 0.1046875
4 0.83203125 0.25 0.0171875 0.025
4 0.78359375 0.2765625 0.03203125 0.040625
4 0.73359375 0.2375 0.0546875 0.07421875
4 0.66015625 0.37421875 0.07578125 0.08203125