4 0.54609375 0.853125 0.1109375 0.175
4 0.584375 0.47109375 0.02109375 0.021875
4 0.55625 0.4703125 0.01640625 0.02109375
4 0.56484375 0.45625 0.02421875 0.03828125
4 0.55703125 0.7296875 0.0890625 0.11015625
4 0.58671875 0.60703125 0.02578125 0.03984375
4 0.5765625 0.5015625 0.0234375 0.0234375
4 0.06484375 0.69375 0.12890625 0.10390625
4 0.62109375 0.49765625 0.0234375 0.03203125
4 0.17734375 0.64765625 0.10390625 0.08359375
4 0.31953125 0.54921875 0.0421875 0.05234375
4 0.51015625 0.52109375 0.028125 0.03046875
4 0.6046875 0.4734375 0.015625 0.01953125
4 0.48984375 0.96484375 0.1125 0.06640625
4 0.54609375 0.53671875 0.0359375 0.03828125
3 0.596875 0.47734375 0.00625 0.025
3 0.09453125 0.69609375 0.0328125 0.0734375
0 0.40078125 0.509375 0.0875 0.0796875
0 0.55546875 0.446875 0.03125 0.03515625
0 0.21484375 0.5625 0.16875 0.14375
0 0.4984375 0.471875 0.040625 0.05078125
0 0.453125 0.490625 0.05546875 0.0671875