1 0.60625 0.33828125 0.00546875 0.02265625
4 0.71953125 0.54609375 0.07734375 0.0984375
4 0.703125 0.396875 0.0484375 0.059375
4 0.7671875 0.40546875 0.0375 0.04609375
4 0.71875 0.36640625 0.03671875 0.04375
4 0.72109375 0.29609375 0.01484375 0.02109375
4 0.71484375 0.2984375 0.01796875 0.02109375
4 0.69609375 0.3109375 0.0328125 0.03515625
4 0.74609375 0.3109375 0.02109375 0.028125
4 0.73671875 0.31953125 0.01953125 0.0234375
4 0.75546875 0.2859375 0.0265625 0.06015625
4 0.6265625 0.30625 0.0453125 0.0546875
4 0.59375 0.5125 0.08515625 0.10859375
4 0.509375 0.96875 0.1890625 0.05859375
4 0.48515625 0.67578125 0.140625 0.15703125
4 0.2765625 0.6140625 0.17578125 0.1921875
4 0.703125 0.63671875 0.10390625 0.14609375
4 0.584375 0.40859375 0.0546875 0.0578125
4 0.65234375 0.43671875 0.0578125 0.0640625
4 0.66328125 0.34765625 0.03671875 0.03828125
1 0.57421875 0.353125 0.00625 0.0328125
1 0.05234375 0.45859375 0.034375 0.05390625
1 0.453125 0.35234375 0.05 0.05859375
1 0.60078125 0.340625 0.00625 0.0234375
1 0.5875 0.34921875 0.0078125 0.028125
1 0.58046875 0.3515625 0.0078125 0.028125
1 0.5953125 0.34453125 0.0078125 0.0265625
1 0.49296875 0.35625 0.03046875 0.05
1 0.49921875 0.3703125 0.0125 0.0328125
1 0.5109375 0.365625 0.009375 0.0328125
1 0.5265625 0.375 0.01171875 0.03359375
1 0.53671875 0.3703125 0.0109375 0.03359375
1 0.56484375 0.3578125 0.00859375 0.03046875
2 0.5703125 0.3609375 0.01015625 0.04453125
2 0.63125 0.32890625 0.00625 0.028125
2 0.60546875 0.37109375 0.0140625 0.034375