3 0.75234375 0.57578125 0.0296875 0.1140625
4 0.91796875 0.20703125 0.04296875 0.04375
4 0.75234375 0.18046875 0.0359375 0.0375
4 0.72734375 0.196875 0.03984375 0.040625
4 0.5125 0.31953125 0.078125 0.0796875
4 0.925 0.1765625 0.0375 0.04140625
4 0.5796875 0.28515625 0.0765625 0.065625
4 0.13046875 0.65234375 0.24453125 0.1875
4 0.66953125 0.23671875 0.04453125 0.04765625
4 0.70234375 0.2140625 0.04453125 0.04765625
4 0.628125 0.25234375 0.05625 0.0609375
4 0.87421875 0.140625 0.0296875 0.028125
4 0.8109375 0.16328125 0.07109375 0.09296875
4 0.00703125 0.61875 0.0140625 0.1
3 0.92421875 0.578125 0.05390625 0.13125
3 0.78046875 0.54453125 0.0296875 0.1140625
3 0.04296875 0.49765625 0.028125 0.10390625
1 0.4984375 0.278125 0.01953125 0.03515625
0 0.84921875 0.12890625 0.0421875 0.0484375