3 0.5578125 0.4828125 0.00546875 0.01953125
3 0.5328125 0.48125 0.00546875 0.01953125
0 0.45390625 0.48828125 0.0671875 0.06484375
0 0.5609375 0.44375 0.025 0.02890625
0 0.48671875 0.47578125 0.0484375 0.05390625
4 0.390625 0.52734375 0.040625 0.03359375
4 0.24765625 0.57265625 0.06484375 0.06015625
4 0.59453125 0.4765625 0.0140625 0.01484375
4 0.58203125 0.46328125 0.01328125 0.01328125
4 0.0859375 0.64921875 0.11328125 0.096875
4 0.56015625 0.46953125 0.0140625 0.01640625
4 0.58046875 0.47265625 0.0140625 0.0140625