3 0.89296875 0.58046875 0.0171875 0.059375
3 0.875 0.5859375 0.01953125 0.0625
4 0.17421875 0.59375 0.03125 0.02109375
4 0.41015625 0.5703125 0.06171875 0.06015625
4 0.23984375 0.778125 0.09609375 0.1125
4 0.20859375 0.71171875 0.0640625 0.0875
4 0.190625 0.66171875 0.0546875 0.053125
4 0.18515625 0.62734375 0.0453125 0.0546875
4 0.6453125 0.53515625 0.1921875 0.1203125
3 0.3734375 0.51640625 0.009375 0.03046875
3 0.7859375 0.75625 0.03203125 0.115625
3 0.7109375 0.69921875 0.025 0.08984375
3 0.34921875 0.52109375 0.0078125 0.0296875
3 0.39140625 0.53203125 0.01015625 0.02421875
3 0.2515625 0.49921875 0.0109375 0.028125
3 0.77421875 0.75078125 0.02578125 0.10234375
3 0.3578125 0.5203125 0.0078125 0.02734375
3 0.6390625 0.56796875 0.01328125 0.053125