3 0.80859375 0.65859375 0.0328125 0.12265625
2 0.60390625 0.39296875 0.0203125 0.05078125
4 0.8671875 0.33125 0.0375 0.04453125
4 0.67421875 0.3234375 0.040625 0.03359375
4 0.69921875 0.31640625 0.03125 0.03515625
4 0.7234375 0.33671875 0.0453125 0.04140625
4 0.390625 0.4984375 0.09609375 0.078125
4 0.49765625 0.48203125 0.0953125 0.10234375
4 0.859375 0.27265625 0.01328125 0.02421875
4 0.34765625 0.5875 0.15546875 0.1125
4 0.875 0.30859375 0.03359375 0.03515625
4 0.834375 0.2640625 0.02265625 0.01953125
4 0.846875 0.3515625 0.04765625 0.0546875
4 0.646875 0.39296875 0.05546875 0.05078125
4 0.7515625 0.3078125 0.0375 0.040625
4 0.73515625 0.521875 0.06640625 0.09765625
4 0.678125 0.3609375 0.0515625 0.05546875
4 0.58125 0.384375 0.06171875 0.0578125
4 0.615625 0.36796875 0.04140625 0.0453125
4 0.64296875 0.34765625 0.04375 0.0390625
3 0.22421875 0.4875 0.02265625 0.07890625
3 0.71953125 0.303125 0.0125 0.02734375
3 0.76328125 0.27109375 0.00703125 0.02109375
3 0.3765625 0.45 0.01796875 0.04296875
3 0.54921875 0.37109375 0.015625 0.05078125
3 0.5328125 0.3796875 0.01015625 0.03359375
3 0.521875 0.37421875 0.01328125 0.046875
3 0.778125 0.6515625 0.03359375 0.1109375
3 0.359375 0.46171875 0.01640625 0.06484375