4 0.58671875 0.47578125 0.0140625 0.01484375
3 0.5640625 0.47421875 0.00546875 0.0171875
4 0.53671875 0.46953125 0.01875 0.0125
4 0.253125 0.92578125 0.18203125 0.14453125
4 0.61875 0.5 0.01953125 0.0203125
4 0.440625 0.7046875 0.10625 0.13203125
3 0.58125 0.47734375 0.00546875 0.0171875
4 0.5390625 0.4546875 0.01953125 0.02265625
0 0.471875 0.48203125 0.04375 0.06484375
4 0.0390625 0.67265625 0.078125 0.1
4 0.11640625 0.64140625 0.08125 0.07890625
4 0.5265625 0.95234375 0.13203125 0.09140625
4 0.078125 0.840625 0.15625 0.18515625
3 0.55703125 0.46953125 0.00546875 0.0203125
4 0.30234375 0.55625 0.04453125 0.0484375
4 0.2546875 0.69609375 0.1265625 0.125
4 0.18125 0.61171875 0.0640625 0.06171875
4 0.23046875 0.5859375 0.0578125 0.0640625
4 0.5640625 0.46875 0.0125 0.0125
4 0.54375 0.86328125 0.11015625 0.15546875
4 0.59375 0.61328125 0.03359375 0.0328125
4 0.43359375 0.51484375 0.02890625 0.03203125
4 0.4125 0.52265625 0.0328125 0.03046875
4 0.37421875 0.52890625 0.0546875 0.04140625
4 0.55703125 0.471875 0.01328125 0.0125
4 0.3390625 0.5453125 0.0375 0.04140625
3 0.5859375 0.47890625 0.00546875 0.0171875
4 0.26875 0.5703125 0.04453125 0.04921875