4 0.5875 0.5171875 0.05859375 0.0265625
4 0.56171875 0.46328125 0.0140625 0.02109375
0 0.45703125 0.48671875 0.05390625 0.06640625
0 0.54765625 0.4515625 0.03046875 0.03359375
4 0.2734375 0.946875 0.17734375 0.10234375
4 0.3890625 0.75 0.109375 0.14140625
4 0.60234375 0.478125 0.0125 0.01484375
4 0.50546875 0.95078125 0.13671875 0.0953125
4 0.55390625 0.47109375 0.0171875 0.01875
4 0.553125 0.775 0.090625 0.0921875
4 0.53984375 0.88359375 0.109375 0.184375
4 0.59296875 0.6109375 0.0375 0.03671875