4 0.17890625 0.61015625 0.065625 0.06328125
4 0.2296875 0.5859375 0.06015625 0.06015625
4 0.43125 0.51484375 0.03203125 0.034375
4 0.44765625 0.5109375 0.0140625 0.0265625
4 0.5984375 0.59609375 0.0375 0.0328125
4 0.61171875 0.55546875 0.028125 0.03203125
4 0.61796875 0.50078125 0.01953125 0.01875
4 0.30234375 0.5546875 0.04296875 0.05
4 0.3375 0.54375 0.0359375 0.03984375
4 0.0390625 0.67265625 0.078125 0.10234375
4 0.1125 0.64140625 0.0859375 0.0734375
4 0.61796875 0.5140625 0.02109375 0.021875
4 0.2703125 0.57109375 0.04375 0.0515625
4 0.37578125 0.528125 0.05 0.04296875
4 0.4125 0.525 0.03046875 0.03125