4 0.86640625 0.22734375 0.015625 0.01640625
4 0.89453125 0.35546875 0.03203125 0.0328125
4 0.85078125 0.52578125 0.0796875 0.115625
4 0.8234375 0.63984375 0.1203125 0.17265625
4 0.759375 0.79921875 0.14765625 0.20859375
4 0.82890625 0.33125 0.04375 0.04609375
4 0.68671875 0.5 0.09453125 0.10859375
4 0.77421875 0.39765625 0.0640625 0.0703125
4 0.890625 0.22890625 0.01640625 0.015625
4 0.88046875 0.2109375 0.0171875 0.02265625
3 0.58515625 0.28203125 0.0140625 0.03984375
4 0.87578125 0.2203125 0.0140625 0.01796875
1 0.2125 0.4421875 0.0421875 0.03671875
4 0.56640625 0.659375 0.1703125 0.19375
4 0.4078125 0.859375 0.19609375 0.26875
4 0.66796875 0.953125 0.08125 0.08984375
4 0.44140625 0.37109375 0.090625 0.06640625
0 0.80703125 0.228125 0.04140625 0.05234375
0 0.778125 0.23671875 0.04609375 0.059375
0 0.74453125 0.253125 0.0609375 0.06484375