4 0.49453125 0.34921875 0.059375 0.065625
4 0.54296875 0.3296875 0.04921875 0.05625
4 0.584375 0.31640625 0.040625 0.04453125
4 0.62265625 0.30234375 0.04375 0.040625
4 0.6578125 0.28984375 0.03515625 0.034375
4 0.65859375 0.91171875 0.21953125 0.171875
4 0.76953125 0.7328125 0.17265625 0.2296875
3 0.31953125 0.36015625 0.02265625 0.04609375
3 0.2859375 0.37890625 0.0203125 0.0625
3 0.8 0.22890625 0.00546875 0.02890625
3 0.27109375 0.3875 0.0125 0.0453125
2 0.66328125 0.30546875 0.02265625 0.0515625
2 0.8265625 0.2375 0.00703125 0.01796875
0 0.76953125 0.24140625 0.05546875 0.0609375
2 0.5390625 0.3765625 0.03046875 0.07109375
4 0.821875 0.58359375 0.12109375 0.14140625
4 0.8078125 0.3171875 0.065625 0.096875
4 0.93125 0.25703125 0.021875 0.025
4 0.88828125 0.2375 0.0171875 0.01796875
4 0.87421875 0.26484375 0.02421875 0.0265625
4 0.8328125 0.25625 0.021875 0.02421875
4 0.784375 0.28515625 0.01484375 0.03359375
4 0.85234375 0.50859375 0.07109375 0.07109375
4 0.26328125 0.81875 0.5265625 0.35625
4 0.703125 0.4859375 0.1015625 0.13203125
4 0.07890625 0.52421875 0.1578125 0.13125
4 0.22890625 0.45390625 0.14296875 0.09453125
4 0.34140625 0.4109375 0.0953125 0.08046875
4 0.42734375 0.37734375 0.0921875 0.08125