3 0.2796875 0.57109375 0.0390625 0.0671875
4 0.36796875 0.92890625 0.41171875 0.1375
4 0.45390625 0.2609375 0.03203125 0.028125
4 0.00859375 0.46328125 0.0171875 0.08515625
4 0.05859375 0.3625 0.1171875 0.11875
4 0.1125 0.328125 0.00625 0.01875
4 0.0859375 0.2984375 0.084375 0.04453125
4 0.11875 0.2828125 0.0578125 0.025
4 0.121875 0.27265625 0.06953125 0.02265625
4 0.003125 0.28984375 0.00546875 0.02109375
4 0.01640625 0.26328125 0.0328125 0.0375
4 0.04296875 0.25625 0.02265625 0.0265625
4 0.04765625 0.2515625 0.02890625 0.02265625
4 0.0671875 0.221875 0.06796875 0.04140625
4 0.11484375 0.22734375 0.0265625 0.0140625
4 0.115625 0.21796875 0.02734375 0.01171875
4 0.40703125 0.503125 0.08984375 0.0953125
4 0.37734375 0.44453125 0.06484375 0.090625
4 0.371875 0.396875 0.06953125 0.05078125
4 0.35625 0.3640625 0.0421875 0.05078125
4 0.35078125 0.3328125 0.02890625 0.01796875
4 0.43046875 0.25234375 0.02421875 0.025
4 0.803125 0.303125 0.09609375 0.046875
4 0.80625 0.33125 0.0984375 0.05078125
4 0.903125 0.315625 0.09921875 0.04921875
3 0.2828125 0.396875 0.0109375 0.0515625
3 0.803125 0.38125 0.015625 0.05859375
3 0.39453125 0.3875 0.028125 0.04609375
3 0.34375 0.54140625 0.01953125 0.08984375
3 0.09296875 0.26640625 0.00625 0.02421875
3 0.64609375 0.29375 0.0109375 0.04609375
3 0.29375 0.4015625 0.0109375 0.03203125
3 0.26171875 0.49375 0.01484375 0.02890625
3 0.25 0.53046875 0.01484375 0.0875
3 0.25625 0.54765625 0.01875 0.09921875
3 0.27109375 0.54375 0.01484375 0.090625
3 0.290625 0.540625 0.02421875 0.09609375
3 0.6609375 0.55234375 0.02265625 0.1078125
3 0.76328125 0.54609375 0.03984375 0.10703125
3 0.85546875 0.38046875 0.01796875 0.06953125
3 0.84453125 0.37578125 0.01640625 0.0625
3 0.828125 0.3765625 0.01640625 0.0703125
3 0.81171875 0.38984375 0.015625 0.06796875
3 0.65703125 0.49609375 0.034375 0.10234375
3 0.6796875 0.50546875 0.02265625 0.0921875
3 0.6921875 0.51953125 0.02890625 0.1078125
3 0.7859375 0.525 0.02109375 0.11328125
1 0.43671875 0.20390625 0.01171875 0.01640625
0 0.384375 0.21875 0.03203125 0.0421875