1 0.43203125 0.203125 0.01171875 0.01640625
4 0.3546875 0.40234375 0.0515625 0.05234375
4 0.0921875 0.303125 0.06484375 0.03515625
4 0.06875 0.315625 0.09453125 0.0453125
4 0.67421875 0.4703125 0.17734375 0.12109375
4 0.41875 0.51328125 0.1 0.125
4 0.4984375 0.33671875 0.059375 0.05625
4 0.3375 0.3484375 0.0328125 0.05859375
4 0.0609375 0.21640625 0.01328125 0.009375
4 0.109375 0.22578125 0.0296875 0.01484375
4 0.04609375 0.21796875 0.01640625 0.0109375
4 0.3796875 0.45234375 0.06796875 0.0921875
4 0.03984375 0.22109375 0.01640625 0.01015625
3 0.98203125 0.475 0.0328125 0.14609375
4 0.12265625 0.2390625 0.0203125 0.0171875