4 0.82890625 0.26640625 0.0125 0.0171875
4 0.8734375 0.31484375 0.025 0.03125
4 0.39375 0.490625 0.10234375 0.0953125
4 0.471875 0.45234375 0.07734375 0.07578125
4 0.5296875 0.4203125 0.0625 0.059375
4 0.57109375 0.38828125 0.06640625 0.06484375
4 0.6734375 0.38828125 0.07890625 0.0703125
4 0.63203125 0.378125 0.0453125 0.05078125
4 0.6484375 0.34140625 0.05234375 0.04296875
4 0.67890625 0.33203125 0.03515625 0.04140625
4 0.72421875 0.53046875 0.0796875 0.11015625
4 0.27734375 0.628125 0.1859375 0.12734375
4 0.8578125 0.2734375 0.01640625 0.02265625
4 0.8640625 0.33671875 0.03046875 0.0421875
4 0.84375 0.35078125 0.04921875 0.0546875
4 0.8171875 0.31015625 0.0359375 0.034375
4 0.70234375 0.315625 0.03203125 0.03515625
4 0.846875 0.2625 0.02265625 0.03359375
3 0.5828125 0.32578125 0.0125 0.0453125
3 0.3625 0.459375 0.01953125 0.03984375