4 0.60625 0.54609375 0.028125 0.02890625
4 0.4546875 0.67109375 0.06796875 0.075
4 0.49609375 0.978125 0.0859375 0.03984375
4 0.03671875 0.678125 0.0734375 0.084375
4 0.1109375 0.64296875 0.09296875 0.075
4 0.16796875 0.60546875 0.08046875 0.07421875
4 0.2234375 0.590625 0.05078125 0.05390625
4 0.2609375 0.571875 0.05546875 0.05078125
4 0.296875 0.55546875 0.04453125 0.0484375
4 0.3359375 0.54375 0.040625 0.040625
4 0.37421875 0.528125 0.04453125 0.0453125
4 0.40703125 0.521875 0.02734375 0.03671875
4 0.43046875 0.51796875 0.0234375 0.02890625
4 0.440625 0.5125 0.02109375 0.02734375
4 0.51640625 0.57109375 0.03984375 0.040625
4 0.59140625 0.60234375 0.03828125 0.04375
4 0.2640625 0.825 0.13046875 0.1546875
4 0.54296875 0.5515625 0.0328125 0.03046875
4 0.47890625 0.53515625 0.0328125 0.0296875
4 0.50078125 0.515625 0.02734375 0.0296875
4 0.6203125 0.50234375 0.02421875 0.021875
4 0.56484375 0.5015625 0.02265625 0.021875
4 0.52578125 0.46953125 0.0203125 0.01953125
4 0.5859375 0.4828125 0.01640625 0.0203125
4 0.58046875 0.471875 0.01484375 0.01640625
4 0.5890625 0.4671875 0.00859375 0.01015625
4 0.57265625 0.4578125 0.0125 0.01171875
4 0.55234375 0.4484375 0.01875 0.021875
4 0.5375 0.84296875 0.1046875 0.17265625
4 0.55078125 0.75625 0.08125 0.07578125
4 0.6078125 0.51640625 0.02734375 0.0234375
0 0.46328125 0.4859375 0.05234375 0.06328125
0 0.4890625 0.475 0.03984375 0.05234375