4 0.5109375 0.95625 0.1296875 0.0828125
4 0.53671875 0.54765625 0.04296875 0.03984375
4 0.3390625 0.5375 0.046875 0.04140625
4 0.6140625 0.5015625 0.01953125 0.0234375
4 0.56171875 0.49140625 0.0328125 0.05859375
4 0.5390625 0.8640625 0.10703125 0.13671875
4 0.55234375 0.7640625 0.07578125 0.08515625
4 0.11953125 0.66015625 0.1109375 0.0875
4 0.221875 0.6359375 0.06640625 0.0828125
4 0.2109375 0.60078125 0.078125 0.06015625
4 0.28671875 0.6859375 0.09921875 0.1015625
4 0.4546875 0.5390625 0.04921875 0.06015625
4 0.5453125 0.47265625 0.00859375 0.0171875
4 0.58984375 0.59609375 0.04453125 0.06484375
4 0.6109375 0.51640625 0.02109375 0.021875
4 0.59765625 0.49375 0.02421875 0.01953125
3 0.18984375 0.559375 0.015625 0.04375
3 0.20625 0.5546875 0.015625 0.03671875
0 0.48046875 0.478125 0.04453125 0.053125
0 0.521875 0.4796875 0.03359375 0.05
4 0.60546875 0.53671875 0.02890625 0.03203125
4 0.42265625 0.71640625 0.09609375 0.121875