3 0.8171875 0.50625 0.02109375 0.07890625
4 0.96640625 0.86796875 0.0640625 0.08984375
4 0.55546875 0.4515625 0.078125 0.07890625
4 0.51953125 0.42578125 0.0703125 0.05625
4 0.6140625 0.40703125 0.06640625 0.06875
4 0.5796875 0.38125 0.0609375 0.0625
4 0.6203125 0.3578125 0.04375 0.03515625
4 0.65 0.34765625 0.03828125 0.0390625
4 0.6734375 0.3703125 0.06015625 0.0578125
4 0.675 0.3265625 0.03984375 0.0296875
4 0.71484375 0.3421875 0.0421875 0.0484375
4 0.7546875 0.37265625 0.10078125 0.0703125
3 0.20546875 0.490625 0.025 0.07265625
3 0.73046875 0.696875 0.0296875 0.10625
3 0.721875 0.27890625 0.0046875 0.0234375
3 0.73671875 0.28125 0.0046875 0.0234375
3 0.53671875 0.37265625 0.01015625 0.04765625
3 0.5015625 0.396875 0.01640625 0.03984375
3 0.27421875 0.496875 0.0171875 0.06484375
3 0.04296875 0.559375 0.01953125 0.08515625
3 0.0109375 0.55703125 0.02109375 0.07734375
3 0.83671875 0.59921875 0.04296875 0.09765625
3 0.796875 0.71328125 0.03984375 0.12265625
3 0.84296875 0.72890625 0.0328125 0.13359375
3 0.52421875 0.36796875 0.01015625 0.04765625
3 0.71171875 0.2875 0.00625 0.0265625
3 0.7171875 0.28828125 0.0046875 0.0234375
1 0.45078125 0.4078125 0.01796875 0.04765625
1 0.46953125 0.41015625 0.01484375 0.04140625
0 0.8453125 0.2578125 0.07265625 0.03671875
4 0.8203125 0.3234375 0.01640625 0.04453125
4 0.7859375 0.3203125 0.0640625 0.10234375
4 0.74453125 0.321875 0.01875 0.0375
4 0.884375 0.2984375 0.0140625 0.028125
4 0.86875 0.3078125 0.03515625 0.02265625
4 0.484375 0.50234375 0.10625 0.0984375
4 0.45078125 0.46640625 0.07421875 0.07265625
4 0.734375 0.515625 0.065625 0.10625
4 0.5609375 0.571875 0.11640625 0.12265625
4 0.74609375 0.2875 0.01796875 0.0125
4 0.7421875 0.30859375 0.02109375 0.0328125
4 0.86640625 0.32421875 0.0390625 0.03984375
4 0.85 0.3546875 0.04375 0.0484375
4 0.84453125 0.28359375 0.0296875 0.0265625
4 0.375 0.5609375 0.125 0.1140625
4 0.38515625 0.509375 0.09140625 0.06640625