4 0.0109375 0.38671875 0.02109375 0.03515625
4 0.090625 0.34765625 0.046875 0.02265625
4 0.22734375 0.290625 0.02578125 0.01484375
4 0.4734375 0.325 0.02109375 0.02890625
4 0.4625 0.36171875 0.03046875 0.04140625
4 0.69140625 0.3375 0.04296875 0.040625
4 0.0609375 0.3296875 0.0328125 0.025
4 0.03125 0.31015625 0.03046875 0.01953125
4 0.10546875 0.29453125 0.03203125 0.0171875
4 0.1203125 0.290625 0.01640625 0.01328125
4 0.18125 0.3078125 0.021875 0.0203125
4 0.20625 0.30703125 0.01875 0.01953125
4 0.18203125 0.30078125 0.03125 0.0171875
4 0.23671875 0.33203125 0.03515625 0.0171875
4 0.25078125 0.3078125 0.01484375 0.01640625
4 0.02421875 0.37578125 0.0484375 0.02890625
4 0.184375 0.29140625 0.028125 0.009375
4 0.096875 0.33515625 0.0578125 0.025
4 0.51484375 0.42578125 0.05859375 0.06484375
4 0.21796875 0.33671875 0.0578125 0.0234375
4 0.678125 0.69140625 0.14375 0.14140625
4 0.20859375 0.3546875 0.071875 0.03359375
4 0.18203125 0.38046875 0.0796875 0.03515625
4 0.1671875 0.403125 0.08359375 0.0375
4 0.13125 0.42109375 0.11015625 0.0390625
4 0.178125 0.44375 0.01640625 0.03203125
4 0.1375 0.45390625 0.07265625 0.06015625
4 0.08828125 0.4671875 0.12421875 0.0375
4 0.0609375 0.48828125 0.10390625 0.06484375
4 0.03515625 0.5375 0.0703125 0.0875
4 0.9125 0.66953125 0.171875 0.1375
4 0.60390625 0.415625 0.0609375 0.05625
4 0.4953125 0.34609375 0.01484375 0.03359375
4 0.88984375 0.41640625 0.12265625 0.06484375
3 0.415625 0.62109375 0.02421875 0.1125
3 0.503125 0.28984375 0.00703125 0.02109375
0 0.4765625 0.28671875 0.02734375 0.046875