3 0.35 0.353125 0.01875 0.06484375
3 0.52734375 0.3125 0.01171875 0.04140625
3 0.5078125 0.30703125 0.0125 0.04765625
1 0.14921875 0.403125 0.02890625 0.09453125
4 0.9125 0.25390625 0.03046875 0.01953125
4 0.93515625 0.259375 0.01953125 0.0234375
4 0.934375 0.27421875 0.01875 0.01875
0 0.79453125 0.2359375 0.0421875 0.05625
0 0.81484375 0.228125 0.0375 0.04921875
0 0.86484375 0.2078125 0.02265625 0.03046875
0 0.878125 0.20234375 0.01953125 0.0296875
0 0.76015625 0.2484375 0.06328125 0.06953125
4 0.6703125 0.28984375 0.0375 0.0375
4 0.91953125 0.23515625 0.01484375 0.0140625
4 0.85390625 0.50625 0.0734375 0.06796875
4 0.846875 0.22578125 0.02109375 0.015625
4 0.85703125 0.2203125 0.0125 0.015625
4 0.859375 0.23671875 0.0359375 0.01953125
4 0.8890625 0.2359375 0.0203125 0.01875
4 0.903125 0.36953125 0.0421875 0.03125
4 0.79375 0.7328125 0.12734375 0.18984375
4 0.83046875 0.5859375 0.12109375 0.14375
3 0.86640625 0.21953125 0.00546875 0.01328125
3 0.8671875 0.35859375 0.01875 0.0453125
3 0.37109375 0.36171875 0.01875 0.06015625