4 0.725 0.19453125 0.03828125 0.0328125
4 0.6984375 0.2078125 0.03515625 0.0265625
4 0.41328125 0.38203125 0.10546875 0.0859375
4 0.50625 0.3171875 0.0875 0.09609375
4 0.92421875 0.1984375 0.03359375 0.0390625
4 0.9046875 0.22265625 0.040625 0.05078125
4 0.8953125 0.15546875 0.03359375 0.03828125
4 0.8859375 0.1359375 0.02109375 0.02265625
4 0.8734375 0.14296875 0.0234375 0.025
4 0.85 0.14921875 0.028125 0.0359375
4 0.8375 0.1609375 0.0203125 0.0328125
4 0.8171875 0.17421875 0.0359375 0.0390625
4 0.784375 0.19453125 0.03359375 0.03984375
4 0.76953125 0.15859375 0.0390625 0.04140625
4 0.74609375 0.18203125 0.03203125 0.0296875
4 0.75 0.215625 0.046875 0.05390625
4 0.7203125 0.23828125 0.053125 0.05390625
4 0.66796875 0.22734375 0.0546875 0.04296875
4 0.66875 0.27734375 0.0640625 0.06484375
4 0.63046875 0.253125 0.05859375 0.05390625
4 0.61484375 0.3203125 0.08125 0.08125
4 0.54765625 0.36796875 0.09296875 0.08515625
4 0.578125 0.2875 0.07421875 0.07578125
4 0.77265625 0.403125 0.065625 0.09375
4 0.590625 0.47109375 0.121875 0.11640625
4 0.92734375 0.1734375 0.0359375 0.03203125
4 0.8578125 0.29453125 0.06640625 0.07734375
4 0.8296875 0.2171875 0.05 0.065625
4 0.41484375 0.43984375 0.14375 0.1203125
3 0.83984375 0.5765625 0.03359375 0.128125
3 0.32578125 0.315625 0.02109375 0.07265625
3 0.91953125 0.34296875 0.02734375 0.08125
3 0.028125 0.51796875 0.028125 0.10234375
3 0.00390625 0.52734375 0.00703125 0.08515625
3 0.8171875 0.53359375 0.03515625 0.1203125
0 0.85859375 0.1265625 0.08984375 0.046875