3 0.5640625 0.4796875 0.00625 0.02265625
4 0.55625 0.4703125 0.01328125 0.01875
4 0.5671875 0.465625 0.0140625 0.01484375
4 0.58203125 0.47265625 0.0140625 0.01640625
4 0.59296875 0.46953125 0.01015625 0.0109375
4 0.5046875 0.9484375 0.14765625 0.0984375
4 0.59375 0.6078125 0.03828125 0.04140625
4 0.5484375 0.846875 0.10234375 0.1578125
4 0.55859375 0.73125 0.0890625 0.115625
4 0.4890625 0.49765625 0.02109375 0.025
4 0.61015625 0.5328125 0.03046875 0.0359375
4 0.61953125 0.51171875 0.02734375 0.03828125
3 0.54921875 0.47734375 0.00625 0.02109375
3 0.31328125 0.525 0.0125 0.0375
3 0.36328125 0.503125 0.01171875 0.03125
3 0.52890625 0.47421875 0.00546875 0.01875
3 0.60078125 0.48125 0.00625 0.02421875
3 0.3484375 0.525 0.01015625 0.03359375
3 0.27578125 0.53359375 0.0140625 0.04140625
3 0.475 0.89140625 0.04140625 0.12109375
0 0.44296875 0.49140625 0.07265625 0.07109375
0 0.48984375 0.47578125 0.0421875 0.05
0 0.5453125 0.453125 0.02421875 0.0296875