4 0.88671875 0.38203125 0.015625 0.0125
4 0.65625 0.4453125 0.03359375 0.0328125
4 0.684375 0.4375 0.03203125 0.03203125
4 0.703125 0.553125 0.1421875 0.08125
4 0.71328125 0.428125 0.03359375 0.03671875
4 0.73515625 0.42578125 0.01875 0.02890625
4 0.74375 0.4203125 0.02421875 0.03046875
4 0.89140625 0.39453125 0.0375 0.01875
4 0.8375 0.38125 0.0171875 0.01484375
4 0.38671875 0.55234375 0.10390625 0.075
4 0.25859375 0.5984375 0.1265625 0.09375
4 0.459375 0.515625 0.08671875 0.0796875
4 0.8640625 0.66640625 0.08515625 0.103125
4 0.8265625 0.753125 0.10703125 0.1296875
4 0.78203125 0.89609375 0.1546875 0.2015625
4 0.11171875 0.6578125 0.18125 0.121875
4 0.89609375 0.5125 0.0484375 0.06015625
4 0.52109375 0.49765625 0.0484375 0.0515625
4 0.55234375 0.47890625 0.05078125 0.05078125
4 0.59140625 0.46484375 0.04609375 0.04921875
4 0.628125 0.45390625 0.034375 0.03828125
1 0.925 0.41328125 0.03125 0.02265625
1 0.2265625 0.540625 0.0328125 0.05234375
0 0.76796875 0.39765625 0.053125 0.06171875