4 0.80859375 0.2890625 0.03203125 0.0328125
4 0.62734375 0.29375 0.040625 0.03828125
4 0.64921875 0.27578125 0.0375 0.04296875
0 0.465625 0.47109375 0.28359375 0.2625
3 0.63125 0.25390625 0.00703125 0.02265625
3 0.60703125 0.2515625 0.00703125 0.03046875
4 0.409375 0.403125 0.078125 0.0609375
0 0.7453125 0.22109375 0.03828125 0.04609375
4 0.74140625 0.371875 0.07890625 0.12421875
4 0.71484375 0.325 0.0453125 0.05859375
4 0.6546875 0.38203125 0.059375 0.0703125
4 0.00546875 0.7390625 0.0109375 0.053125
3 0.6140625 0.253125 0.00703125 0.03046875
4 0.67265625 0.49140625 0.06640625 0.1125
4 0.75703125 0.25234375 0.03359375 0.03984375
4 0.4921875 0.3546875 0.0515625 0.03359375
4 0.53515625 0.33359375 0.05078125 0.03359375
4 0.796875 0.3140625 0.03671875 0.04765625
4 0.63359375 0.32734375 0.0484375 0.04765625
4 0.315625 0.4734375 0.08671875 0.0828125
4 0.821875 0.27734375 0.03203125 0.0390625
4 0.56953125 0.32265625 0.03984375 0.03359375
4 0.82734375 0.253125 0.02265625 0.025