4 0.6765625 0.37421875 0.053125 0.046875
4 0.70234375 0.31640625 0.03359375 0.03515625
4 0.52109375 0.4171875 0.06796875 0.06796875
4 0.47734375 0.4546875 0.06875 0.06640625
4 0.58125 0.4265625 0.08984375 0.09609375
4 0.5265625 0.5 0.0953125 0.0734375
4 0.53203125 0.5765625 0.1234375 0.1515625
4 0.61484375 0.50390625 0.08671875 0.11328125
4 0.68515625 0.3296875 0.03203125 0.034375
4 0.33515625 0.5515625 0.2375 0.228125
4 0.8359375 0.2703125 0.02421875 0.02578125
4 0.87421875 0.309375 0.034375 0.0390625
4 0.8484375 0.34921875 0.04765625 0.05625
4 0.65859375 0.3421875 0.0390625 0.04453125
4 0.621875 0.359375 0.046875 0.05234375
4 0.5703125 0.3796875 0.06171875 0.04609375
4 0.740625 0.51875 0.07734375 0.1
4 0.79609375 0.27578125 0.04140625 0.0484375
4 0.74140625 0.31953125 0.03984375 0.03984375
3 0.89375 0.70234375 0.03359375 0.1328125
3 0.60625 0.33515625 0.00859375 0.0203125
3 0.6875 0.29453125 0.00703125 0.02265625
3 0.8828125 0.39453125 0.01015625 0.04296875
3 0.8171875 0.63203125 0.0296875 0.11015625
3 0.678125 0.29609375 0.01015625 0.02890625
3 0.871875 0.746875 0.04453125 0.1515625
3 0.59453125 0.3390625 0.0109375 0.03359375
3 0.71953125 0.65546875 0.02734375 0.11484375
0 0.7890625 0.2625 0.05 0.0484375