4 0.45390625 0.2609375 0.03046875 0.02734375
4 0.0234375 0.446875 0.046875 0.08515625
4 0.36640625 0.3984375 0.0640625 0.0609375
4 0.0296875 0.40859375 0.059375 0.03984375
4 0.03046875 0.3875 0.0609375 0.04375
4 0.0375 0.38046875 0.075 0.04609375
4 0.04453125 0.3703125 0.0890625 0.040625
4 0.04921875 0.3375 0.09296875 0.04765625
4 0.43203125 0.25078125 0.02109375 0.0234375
4 0.50625 0.23359375 0.01953125 0.02109375
4 0.34765625 0.33828125 0.028125 0.02734375
4 0.06328125 0.32734375 0.0875 0.03203125
4 0.08515625 0.31328125 0.07890625 0.040625
4 0.1046875 0.2953125 0.046875 0.02578125
4 0.1078125 0.28984375 0.06484375 0.028125
4 0.0046875 0.2875 0.009375 0.025
4 0.01640625 0.2625 0.0328125 0.03984375
4 0.4125 0.51328125 0.08984375 0.09609375
4 0.1578125 0.2390625 0.0203125 0.01796875
4 0.11640625 0.21875 0.025 0.0140625
4 0.3875 0.45703125 0.071875 0.07890625
4 0.07109375 0.22109375 0.06171875 0.04140625
4 0.35390625 0.36328125 0.0390625 0.028125
4 0.45859375 0.37265625 0.06796875 0.08359375
4 0.8890625 0.678125 0.21875 0.17265625
1 0.43671875 0.203125 0.0125 0.0171875
0 0.37265625 0.21171875 0.046875 0.04765625
4 0.44296875 0.25546875 0.0265625 0.02578125