4 0.3125 0.565625 0.09140625 0.11875
4 0.41015625 0.56875 0.06328125 0.05859375
4 0.23203125 0.76953125 0.09765625 0.11015625
4 0.209375 0.709375 0.0609375 0.08125
4 0.18984375 0.66171875 0.053125 0.05234375
4 0.184375 0.621875 0.04375 0.04765625
4 0.26875 0.5078125 0.025 0.02578125
4 0.28125 0.51484375 0.028125 0.02734375
4 0.41640625 0.5234375 0.0359375 0.03359375
4 0.46015625 0.5328125 0.04375 0.034375
4 0.62734375 0.53515625 0.15703125 0.11953125
3 0.6421875 0.56953125 0.015625 0.05625
3 0.93125 0.71796875 0.0203125 0.09765625
3 0.19765625 0.78671875 0.02421875 0.109375
3 0.88203125 0.65703125 0.01953125 0.09375
3 0.7 0.546875 0.01484375 0.02421875
3 0.296875 0.49375 0.00859375 0.03046875
3 0.3171875 0.496875 0.009375 0.021875