4 0.93125 0.16484375 0.03125 0.0265625
4 0.99140625 0.74921875 0.0140625 0.06484375
4 0.92109375 0.19609375 0.03671875 0.046875
4 0.80703125 0.17421875 0.03203125 0.028125
4 0.78984375 0.19375 0.0546875 0.0484375
4 0.7984375 0.25 0.04375 0.0625
4 0.75859375 0.22109375 0.05078125 0.0484375
4 0.74921875 0.1828125 0.03359375 0.028125
4 0.72890625 0.19765625 0.040625 0.0359375
4 0.70078125 0.21484375 0.046875 0.040625
4 0.66640625 0.23515625 0.06015625 0.046875
4 0.615625 0.26640625 0.05703125 0.05546875
4 0.57578125 0.29296875 0.06484375 0.06015625
4 0.50859375 0.31484375 0.084375 0.0703125
4 0.43515625 0.37109375 0.10546875 0.0828125
4 0.49921875 0.38671875 0.1125 0.0984375
4 0.3453125 0.4671875 0.153125 0.1078125
4 0.5390625 0.46015625 0.13125 0.13203125
4 0.70390625 0.25859375 0.0515625 0.04375
4 0.66640625 0.28515625 0.0640625 0.05390625
4 0.61328125 0.3296875 0.084375 0.07421875
4 0.73046875 0.31484375 0.07265625 0.07265625
4 0.671875 0.375 0.09296875 0.0953125
4 0.76875 0.40234375 0.07109375 0.1
4 0.90234375 0.22265625 0.04609375 0.05
3 0.37109375 0.30390625 0.0125 0.0671875
3 0.8984375 0.39453125 0.03515625 0.09765625
3 0.06484375 0.4765625 0.0296875 0.1078125
3 0.60390625 0.228125 0.0125 0.034375
3 0.5921875 0.234375 0.0125 0.04375
3 0.5796875 0.2375 0.0125 0.05
3 0.7515625 0.15078125 0.00859375 0.028125
3 0.55546875 0.24453125 0.01328125 0.0453125
3 0.04609375 0.5 0.02109375 0.09609375
3 0.38125 0.30234375 0.0125 0.0671875
1 0.496875 0.2734375 0.01640625 0.0234375
0 0.85 0.13125 0.0546875 0.05390625