4 0.059375 0.3640625 0.11875 0.121875
4 0.51015625 0.36328125 0.06796875 0.06875
4 0.4328125 0.22109375 0.0421875 0.02890625
4 0.9015625 0.31640625 0.10390625 0.05
4 0.80234375 0.30703125 0.0984375 0.05703125
4 0.50390625 0.23671875 0.0234375 0.01953125
4 0.4296875 0.25 0.02265625 0.0234375
4 0.440625 0.2546875 0.02578125 0.03046875
4 0.45390625 0.26171875 0.03046875 0.02890625
4 0.0171875 0.26328125 0.034375 0.04140625
4 0.61328125 0.57421875 0.1390625 0.13515625
1 0.4375 0.20234375 0.01171875 0.0140625