4 0.01796875 0.3125 0.03515625 0.025
4 0.03984375 0.36953125 0.01484375 0.028125
4 0.85859375 0.834375 0.24609375 0.15625
4 0.965625 0.74375 0.065625 0.14140625
4 0.52734375 0.31875 0.02578125 0.0265625
4 0.54609375 0.3296875 0.03203125 0.0265625
4 0.5015625 0.34609375 0.03359375 0.02890625
4 0.5390625 0.3796875 0.0421875 0.03984375
4 0.4375 0.39765625 0.0265625 0.0234375
4 0.446875 0.43203125 0.0421875 0.04609375
4 0.45625 0.46484375 0.05234375 0.05
4 0.4765625 0.51796875 0.06953125 0.0890625
4 0.50703125 0.5734375 0.09140625 0.0984375
4 0.134375 0.28671875 0.01796875 0.0125
4 0.121875 0.2921875 0.01484375 0.0171875
4 0.0984375 0.29453125 0.03203125 0.01640625
4 0.0921875 0.296875 0.02421875 0.0140625
4 0.07734375 0.2984375 0.0265625 0.0140625
4 0.06953125 0.29921875 0.0140625 0.0109375
4 0.034375 0.29453125 0.02734375 0.0171875
4 0.14921875 0.2984375 0.03125 0.01796875
4 0.1265625 0.30234375 0.015625 0.0140625
4 0.0171875 0.34140625 0.034375 0.01875
4 0.20859375 0.290625 0.0171875 0.0140625
4 0.159375 0.3125 0.03671875 0.01875
4 0.17578125 0.30546875 0.03515625 0.021875
4 0.13359375 0.32109375 0.03671875 0.021875
4 0.1234375 0.32734375 0.03671875 0.02421875
4 0.10703125 0.33359375 0.04140625 0.02265625
4 0.10234375 0.309375 0.0203125 0.0109375
4 0.0625 0.3421875 0.04609375 0.04296875
4 0.09375 0.3453125 0.015625 0.01640625
4 0.03125 0.353125 0.05859375 0.0171875
4 0.03984375 0.3671875 0.03984375 0.02734375
4 0.01640625 0.37421875 0.0328125 0.02890625
4 0.01171875 0.384375 0.0234375 0.03125
4 0.19453125 0.29609375 0.015625 0.015625
4 0.21015625 0.3296875 0.08984375 0.06015625
4 0.21015625 0.3578125 0.078125 0.0359375
4 0.1953125 0.36640625 0.059375 0.01875
4 0.1578125 0.38359375 0.1265625 0.0484375
4 0.1796875 0.3921875 0.0546875 0.01953125
4 0.16328125 0.40859375 0.08671875 0.03671875
4 0.18046875 0.43046875 0.0265625 0.04140625
4 0.08984375 0.45546875 0.17890625 0.11015625
4 0.06328125 0.50859375 0.10703125 0.05390625
4 0.03671875 0.540625 0.0734375 0.078125
4 0.6765625 0.6296875 0.1265625 0.12734375
4 0.71328125 0.49296875 0.09375 0.09375
4 0.46328125 0.37578125 0.0375 0.03203125
3 0.51875 0.2921875 0.00625 0.021875
3 0.39296875 0.59140625 0.02734375 0.09609375
1 0.57109375 0.325 0.01015625 0.025
2 0.503125 0.31640625 0.00859375 0.02890625