4 0.08359375 0.34140625 0.03203125 0.02265625
4 0.03984375 0.3609375 0.0421875 0.02734375
4 0.01015625 0.346875 0.01953125 0.01015625
4 0.0234375 0.36796875 0.046875 0.03125
4 0.20703125 0.36484375 0.07109375 0.03671875
4 0.103125 0.33828125 0.0375 0.02109375
4 0.06875 0.3484375 0.05390625 0.0265625
4 0.12734375 0.4609375 0.0515625 0.0375
4 0.03515625 0.5390625 0.0703125 0.08125
4 0.440625 0.40859375 0.02890625 0.0328125
4 0.46015625 0.4703125 0.06015625 0.084375
4 0.73828125 0.68984375 0.15234375 0.14609375
4 0.08125 0.484375 0.13046875 0.0609375
4 0.86171875 0.41015625 0.1015625 0.0640625
4 0.49765625 0.3203125 0.08671875 0.11484375
4 0.47734375 0.51640625 0.06796875 0.0921875
4 0.51015625 0.575 0.09609375 0.11328125
4 0.08515625 0.29921875 0.0328125 0.01796875
4 0.12265625 0.44453125 0.09921875 0.04296875
4 0.12734375 0.41640625 0.109375 0.0484375
4 0.028125 0.31171875 0.0375 0.01953125
4 0.11328125 0.30546875 0.02265625 0.025
4 0.1828125 0.30625 0.021875 0.0203125
4 0.20546875 0.30625 0.01953125 0.02109375
4 0.2265625 0.29140625 0.0265625 0.01328125
4 0.228125 0.30625 0.015625 0.015625
4 0.015625 0.384375 0.03125 0.04140625
4 0.2375 0.32109375 0.05859375 0.02734375