4 0.85390625 0.22578125 0.01015625 0.01484375
4 0.86484375 0.2328125 0.01484375 0.0171875
4 0.890625 0.23515625 0.015625 0.01796875
4 0.91484375 0.23828125 0.01328125 0.01796875
4 0.678125 0.92265625 0.1828125 0.15
4 0.7640625 0.72109375 0.18046875 0.2734375
4 0.9203125 0.31640625 0.02265625 0.02734375
4 0.8953125 0.36875 0.04609375 0.04765625
4 0.75390625 0.4375 0.0734375 0.0796875
4 0.79765625 0.375 0.06328125 0.0703125
4 0.8203125 0.3328125 0.04296875 0.05859375
4 0.8484375 0.31484375 0.03046875 0.03828125
4 0.87734375 0.27578125 0.01640625 0.025
4 0.85625 0.29140625 0.0375 0.06015625
4 0.85078125 0.51953125 0.0828125 0.07109375
4 0.8265625 0.575 0.1046875 0.09375
4 0.14921875 0.896875 0.2984375 0.20234375
4 0.7453125 0.31875 0.04375 0.04609375
4 0.84140625 0.2265625 0.01953125 0.0171875
4 0.91796875 0.28203125 0.03359375 0.0328125
3 0.9171875 0.253125 0.00625 0.02109375
3 0.90234375 0.2640625 0.00703125 0.02578125
3 0.17578125 0.42109375 0.034375 0.07890625
3 0.88125 0.23515625 0.00546875 0.01875
3 0.875 0.23671875 0.00546875 0.01875
3 0.88984375 0.23671875 0.00546875 0.01875
3 0.8984375 0.23984375 0.00546875 0.01875
3 0.503125 0.31171875 0.0109375 0.04609375
3 0.02265625 0.48203125 0.028125 0.10234375
3 0.01640625 0.47109375 0.03125 0.08359375
3 0.5078125 0.30703125 0.0078125 0.03984375
3 0.51796875 0.3171875 0.0078125 0.034375
3 0.528125 0.3125 0.0125 0.0484375
1 0.21484375 0.44453125 0.040625 0.03671875
2 0.4359375 0.415625 0.025 0.08203125
2 0.38984375 0.43671875 0.0234375 0.084375
2 0.42578125 0.3953125 0.021875 0.08046875
2 0.403125 0.45703125 0.0296875 0.08828125
0 0.61484375 0.36328125 0.196875 0.20546875
0 0.76796875 0.2453125 0.05 0.0625
0 0.8 0.2359375 0.034375 0.05078125
0 0.5296875 0.6546875 0.3125 0.39765625