4 0.615625 0.36640625 0.0515625 0.04296875
4 0.65078125 0.35 0.04609375 0.04140625
4 0.61328125 0.41484375 0.065625 0.06484375
4 0.57421875 0.39375 0.06171875 0.0578125
4 0.525 0.41875 0.06328125 0.04609375
4 0.52109375 0.471875 0.09453125 0.09453125
4 0.4640625 0.46328125 0.07890625 0.071875
4 0.384375 0.51484375 0.090625 0.071875
4 0.41328125 0.5640625 0.125 0.1203125
4 0.72890625 0.534375 0.0765625 0.10625
4 0.0453125 0.921875 0.090625 0.15234375
4 0.88203125 0.29375 0.02109375 0.02421875
4 0.8640625 0.31953125 0.04296875 0.040625
4 0.85625 0.35703125 0.0453125 0.046875
4 0.82421875 0.31640625 0.03515625 0.0375
4 0.7234375 0.303125 0.0359375 0.03515625
4 0.7046875 0.31796875 0.0296875 0.03046875
4 0.675 0.3296875 0.0421875 0.04375
4 0.7 0.36171875 0.05078125 0.05625
3 0.884375 0.421875 0.0125 0.06953125
3 0.8578125 0.41640625 0.01640625 0.0578125
3 0.2765625 0.67734375 0.04140625 0.10859375
0 0.8125 0.26328125 0.040625 0.040625