4 0.796875 0.31484375 0.040625 0.04453125
4 0.72734375 0.259375 0.03046875 0.03203125
4 0.70625 0.275 0.02578125 0.0328125
4 0.678125 0.29140625 0.040625 0.04296875
4 0.6484375 0.3140625 0.04453125 0.04765625
4 0.6125 0.34140625 0.05546875 0.06015625
4 0.5546875 0.3828125 0.07734375 0.0765625
4 0.49375 0.42890625 0.071875 0.07578125
4 0.39765625 0.47421875 0.13046875 0.11328125
4 0.65390625 0.27421875 0.0296875 0.02890625
4 0.625 0.2875 0.04921875 0.046875
4 0.59765625 0.3109375 0.04453125 0.04453125
4 0.56875 0.3265625 0.0390625 0.04140625
4 0.22734375 0.57890625 0.16796875 0.125
4 0.015625 0.64140625 0.03125 0.09140625
4 0.534375 0.34609375 0.05078125 0.05546875
4 0.41484375 0.40703125 0.08828125 0.06328125
4 0.4875 0.36796875 0.0703125 0.059375
4 0.325 0.471875 0.10234375 0.08671875
4 0.7875 0.23359375 0.0203125 0.02578125
4 0.771875 0.2375 0.021875 0.02109375
4 0.82265625 0.26640625 0.03046875 0.03828125
4 0.815625 0.28984375 0.03828125 0.04140625
3 0.80390625 0.45078125 0.0203125 0.0703125
3 0.80703125 0.4625 0.01953125 0.0703125
3 0.78828125 0.46875 0.0203125 0.0703125
3 0.78828125 0.53828125 0.0203125 0.07578125
3 0.8171875 0.5203125 0.02265625 0.10078125
3 0.8234375 0.53359375 0.015625 0.09296875
3 0.71171875 0.65078125 0.01796875 0.11015625
3 0.6984375 0.66796875 0.03046875 0.115625
3 0.23359375 0.44921875 0.02109375 0.07109375
3 0.4578125 0.3515625 0.0125 0.04296875
3 0.6671875 0.24609375 0.00703125 0.03046875
3 0.4453125 0.35078125 0.0125 0.04453125
3 0.30703125 0.37734375 0.01171875 0.06640625
3 0.13671875 0.52734375 0.03125 0.10390625
3 0.3859375 0.3734375 0.01328125 0.05
3 0.67265625 0.625 0.02421875 0.11171875
3 0.8234375 0.44375 0.01796875 0.06015625
3 0.82890625 0.36796875 0.01328125 0.06484375
3 0.41953125 0.35234375 0.01484375 0.040625
3 0.6609375 0.24453125 0.0078125 0.03046875
0 0.75390625 0.2234375 0.059375 0.0484375