4 0.3515625 0.52734375 0.17109375 0.1359375
4 0.8625 0.35546875 0.078125 0.071875
4 0.57734375 0.4109375 0.10390625 0.09921875
4 0.6671875 0.35 0.071875 0.065625
4 0.9625 0.196875 0.0015625 0.00234375
4 0.01171875 0.6421875 0.0234375 0.128125
4 0.8484375 0.22578125 0.03359375 0.03359375
4 0.8 0.45234375 0.0703125 0.09609375
4 0.81796875 0.240625 0.03671875 0.03984375
4 0.784375 0.26015625 0.0453125 0.046875
4 0.753125 0.28984375 0.05390625 0.06015625
4 0.87265625 0.2046875 0.0296875 0.03828125
4 0.47265625 0.42109375 0.10703125 0.08515625
4 0.53984375 0.3734375 0.0875 0.090625
4 0.6078125 0.33828125 0.0625 0.05390625
4 0.91328125 0.17578125 0.04296875 0.05859375
4 0.6515625 0.3078125 0.06484375 0.0671875
4 0.96171875 0.23046875 0.03203125 0.04140625
4 0.946875 0.24375 0.040625 0.040625
4 0.9375 0.27265625 0.04140625 0.0546875
4 0.778125 0.2296875 0.0328125 0.03203125
4 0.75078125 0.24375 0.0390625 0.0328125
4 0.725 0.2671875 0.040625 0.04453125
4 0.70078125 0.2890625 0.04765625 0.04765625
3 0.5875 0.28359375 0.01171875 0.05234375
3 0.95390625 0.484375 0.025 0.0921875
3 0.9265625 0.48125 0.025 0.0921875
3 0.78671875 0.20546875 0.00546875 0.01328125
3 0.46796875 0.35234375 0.015625 0.05
3 0.39375 0.4125 0.0203125 0.0703125
3 0.46796875 0.30859375 0.01328125 0.03515625
3 0.91328125 0.44453125 0.021875 0.0890625
3 0.16875 0.49140625 0.025 0.09609375
3 0.03828125 0.50546875 0.02578125 0.08984375
3 0.18359375 0.475 0.01875 0.08359375
3 0.5953125 0.2921875 0.01171875 0.04453125
3 0.6078125 0.2859375 0.01171875 0.05234375
0 0.8765625 0.1796875 0.03828125 0.046875