4 0.4515625 0.59140625 0.053125 0.05859375
4 0.4390625 0.53828125 0.0328125 0.04921875
4 0.13828125 0.5484375 0.10546875 0.0421875
4 0.1296875 0.575 0.10078125 0.0484375
4 0.05859375 0.64921875 0.1171875 0.1109375
4 0.24453125 0.42890625 0.0109375 0.01796875
4 0.19453125 0.49453125 0.0734375 0.0375
4 0.16796875 0.4328125 0.015625 0.01171875
4 0.16875 0.42421875 0.0203125 0.0125
4 0.17578125 0.4171875 0.01640625 0.00625
4 0.184375 0.434375 0.0203125 0.01953125
4 0.19453125 0.42421875 0.02890625 0.01640625
4 0.221875 0.41875 0.02421875 0.01328125
4 0.01015625 0.515625 0.01953125 0.025
4 0.025 0.49453125 0.05 0.03125
4 0.1765625 0.51484375 0.08203125 0.03671875
4 0.15234375 0.5375 0.09453125 0.0375
4 0.0296875 0.48515625 0.059375 0.03359375
4 0.50625 0.515625 0.04140625 0.04375
4 0.06171875 0.4765625 0.0421875 0.025
4 0.08359375 0.46953125 0.03515625 0.02578125
4 0.1171875 0.4546875 0.04453125 0.02109375
4 0.12734375 0.4171875 0.03046875 0.0125
4 0.15234375 0.41328125 0.01953125 0.0109375
4 0.1640625 0.4109375 0.01171875 0.01015625
4 0.5140625 0.709375 0.10546875 0.1328125
4 0.47578125 0.64453125 0.0734375 0.0796875
3 0.6171875 0.459375 0.0078125 0.03359375
3 0.60703125 0.4640625 0.01015625 0.03359375
1 0.41953125 0.68984375 0.04140625 0.13828125
0 0.95078125 0.69140625 0.0953125 0.27109375