4 0.228125 0.334375 0.065625 0.053125
4 0.221875 0.35078125 0.046875 0.02734375
4 0.2109375 0.35390625 0.0640625 0.02890625
4 0.20390625 0.35703125 0.0453125 0.02109375
4 0.19296875 0.3765625 0.084375 0.04140625
4 0.18046875 0.38671875 0.06640625 0.034375
4 0.20234375 0.40703125 0.0203125 0.02578125
4 0.14140625 0.41171875 0.11328125 0.0453125
4 0.1390625 0.39921875 0.07421875 0.02890625
4 0.14765625 0.428125 0.10859375 0.04921875
4 0.14453125 0.4453125 0.08125 0.04765625
4 0.13671875 0.46015625 0.04375 0.03984375
4 0.09765625 0.45859375 0.090625 0.034375
4 0.0765625 0.48359375 0.153125 0.05
4 0.0640625 0.4890625 0.1046875 0.025
4 0.06640625 0.53125 0.1328125 0.0875
4 0.465625 0.3671875 0.034375 0.03359375
4 0.59296875 0.35703125 0.0421875 0.0359375
4 0.67578125 0.4 0.05859375 0.05
4 0.5296875 0.38359375 0.0453125 0.04140625
4 0.484375 0.30078125 0.02421875 0.02578125
4 0.49765625 0.29296875 0.01015625 0.02578125
4 0.4453125 0.4265625 0.0375 0.03203125
4 0.4578125 0.47109375 0.05859375 0.08671875
4 0.4890625 0.51953125 0.078125 0.08515625
4 0.50078125 0.5828125 0.08515625 0.0984375
4 0.4484375 0.39609375 0.015625 0.02890625
4 0.0921875 0.296875 0.01875 0.0140625
4 0.08984375 0.3 0.01328125 0.01640625
4 0.07421875 0.30078125 0.01953125 0.01484375
4 0.03046875 0.31015625 0.02265625 0.015625
4 0.025 0.3109375 0.01796875 0.01015625
4 0.01171875 0.31484375 0.02265625 0.01875
4 0.115625 0.31015625 0.01640625 0.00859375
4 0.10234375 0.315625 0.02109375 0.01484375
4 0.08984375 0.31875 0.034375 0.01171875
4 0.07421875 0.3265625 0.01953125 0.01796875
4 0.0109375 0.35 0.02109375 0.01875
4 0.015625 0.34296875 0.02890625 0.01015625
4 0.0375 0.35 0.04375 0.0171875
4 0.03984375 0.36953125 0.040625 0.03046875
4 0.03046875 0.375 0.034375 0.028125
4 0.01640625 0.37890625 0.0328125 0.03359375
4 0.00625 0.38671875 0.0125 0.0375
4 0.078125 0.35 0.02421875 0.0265625
4 0.07421875 0.35078125 0.01640625 0.02421875
4 0.0984375 0.3453125 0.0296875 0.028125
4 0.10546875 0.3359375 0.04296875 0.0203125
4 0.12109375 0.3296875 0.02734375 0.02265625
4 0.13359375 0.32421875 0.03984375 0.02265625
4 0.14765625 0.31953125 0.02578125 0.0171875
4 0.15859375 0.31640625 0.0296875 0.02109375
4 0.1828125 0.30546875 0.01796875 0.021875
4 0.2046875 0.30625 0.01484375 0.01875
3 0.403125 0.628125 0.02265625 0.09375
3 0.03828125 0.38125 0.01171875 0.03671875
3 0.4296875 0.6140625 0.02421875 0.1015625
0 0.528125 0.3078125 0.0515625 0.06796875