4 0.5296875 0.46328125 0.01484375 0.021875
4 0.534375 0.90546875 0.11328125 0.1734375
4 0.56015625 0.7546875 0.10078125 0.16484375
4 0.54453125 0.47265625 0.01328125 0.0171875
4 0.57890625 0.5015625 0.0234375 0.03359375
4 0.6203125 0.49765625 0.02265625 0.03203125
4 0.61875 0.5171875 0.0203125 0.01796875
4 0.60859375 0.5484375 0.03515625 0.02890625
4 0.55703125 0.528125 0.028125 0.03203125
4 0.534375 0.55546875 0.03671875 0.034375
4 0.50859375 0.59765625 0.04765625 0.06171875
4 0.4921875 0.52734375 0.034375 0.03203125
4 0.50703125 0.978125 0.125 0.03984375
4 0.3859375 0.6140625 0.0640625 0.06328125
4 0.22734375 0.95234375 0.18203125 0.09140625
4 0.559375 0.47265625 0.01640625 0.0203125
4 0.584375 0.475 0.015625 0.0171875
0 0.0515625 0.8 0.103125 0.39375
0 0.44453125 0.4921875 0.06796875 0.07265625
0 0.4828125 0.48203125 0.0375 0.05703125
0 0.5015625 0.471875 0.0359375 0.05
0 0.553125 0.44765625 0.0203125 0.0296875
0 0.18671875 0.5703125 0.19140625 0.16015625