4 0.88515625 0.13984375 0.01953125 0.0203125
4 0.85 0.15859375 0.034375 0.0296875
4 0.853125 0.17890625 0.0296875 0.0359375
4 0.78125 0.20390625 0.04140625 0.0421875
4 0.91953125 0.18203125 0.05078125 0.06875
4 0.909375 0.22578125 0.04921875 0.0484375
4 0.7734375 0.1703125 0.028125 0.025
4 0.75234375 0.1828125 0.03671875 0.03828125
4 0.72578125 0.19921875 0.03984375 0.03828125
4 0.69921875 0.2171875 0.0390625 0.040625
4 0.6640625 0.2265625 0.04453125 0.0359375
4 0.678125 0.27890625 0.08046875 0.0765625
4 0.63515625 0.25859375 0.0421875 0.0515625
4 0.57578125 0.278125 0.090625 0.0890625
4 0.5125 0.32265625 0.071875 0.0796875
4 0.44375 0.36171875 0.0953125 0.09375
4 0.5453125 0.371875 0.0921875 0.08515625
4 0.76640625 0.40703125 0.075 0.09375
4 0.265625 0.51015625 0.19921875 0.12890625
4 0.91015625 0.13515625 0.015625 0.01484375
4 0.89453125 0.13828125 0.01953125 0.01953125
4 0.865625 0.14609375 0.021875 0.02734375
3 0.89375 0.4796875 0.03203125 0.1078125
3 0.77265625 0.51953125 0.03125 0.11875
3 0.934375 0.30390625 0.0140625 0.0625
3 0.915625 0.421875 0.0265625 0.09765625
0 0.85 0.12890625 0.04375 0.04765625