4 0.403125 0.2453125 0.0296875 0.02734375
4 0.1453125 0.24609375 0.02578125 0.025
4 0.06875 0.3359375 0.07578125 0.0328125
4 0.053125 0.36484375 0.10625 0.04765625
4 0.49765625 0.28359375 0.03828125 0.0375
4 0.39375 0.2703125 0.02578125 0.03125
4 0.01171875 0.26875 0.0234375 0.025
4 0.00703125 0.28125 0.0140625 0.02109375
4 0.11875 0.2765625 0.05703125 0.0203125
4 0.10625 0.290625 0.06640625 0.0375
3 0.496875 0.24921875 0.00703125 0.0265625
3 0.1296875 0.3046875 0.0078125 0.03125
3 0.14375 0.29921875 0.01171875 0.03203125
3 0.534375 0.2515625 0.00703125 0.0296875
3 0.95703125 0.4140625 0.0265625 0.07734375
3 0.8328125 0.365625 0.01640625 0.06875
3 0.9953125 0.43125 0.00703125 0.07578125
1 0.43671875 0.20234375 0.01171875 0.01640625