4 0.25625 0.57421875 0.04921875 0.053125
4 0.59375 0.60546875 0.0421875 0.0484375
4 0.39296875 0.525 0.040625 0.03828125
4 0.30078125 0.55703125 0.05078125 0.04140625
4 0.203125 0.59296875 0.06640625 0.0640625
4 0.14921875 0.61875 0.06875 0.06484375
4 0.51875 0.8640625 0.11796875 0.165625
4 0.53984375 0.775 0.084375 0.08125
4 0.059375 0.65234375 0.11875 0.1015625
4 0.4359375 0.5125 0.02421875 0.03203125
4 0.490625 0.95859375 0.1140625 0.078125
4 0.00390625 0.69453125 0.00703125 0.07265625
4 0.6046875 0.5203125 0.03046875 0.0296875
4 0.6015625 0.5515625 0.02421875 0.0234375
4 0.571875 0.49765625 0.0203125 0.0171875
4 0.615625 0.50078125 0.01875 0.02265625
4 0.6 0.49453125 0.028125 0.01953125
4 0.54296875 0.4796875 0.04296875 0.01953125
4 0.56640625 0.4625 0.015625 0.01640625
4 0.58515625 0.4734375 0.01875 0.0171875
4 0.42109375 0.51796875 0.0265625 0.0328125
4 0.5921875 0.44375 0.009375 0.0109375
3 0.246875 0.540625 0.0078125 0.01484375
3 0.2328125 0.5484375 0.0140625 0.03515625
3 0.303125 0.521875 0.009375 0.028125
3 0.18359375 0.5625 0.00859375 0.02109375
3 0.29140625 0.52265625 0.0078125 0.0234375
3 0.21796875 0.54453125 0.01171875 0.03125
0 0.4890625 0.47421875 0.0453125 0.0546875