4 0.5375 0.51953125 0.03125 0.02734375
4 0.509375 0.50703125 0.0234375 0.02421875
4 0.49453125 0.52734375 0.03203125 0.0328125
4 0.46171875 0.5484375 0.04140625 0.04765625
4 0.52421875 0.57109375 0.040625 0.04765625
4 0.49921875 0.590625 0.05234375 0.06328125
4 0.4265625 0.57265625 0.05234375 0.05546875
4 0.37265625 0.60625 0.06796875 0.06171875
4 0.38046875 0.67421875 0.15859375 0.1859375
4 0.55859375 0.77578125 0.08828125 0.09140625
4 0.53671875 0.86171875 0.09609375 0.11015625
4 0.490625 0.94453125 0.11484375 0.10703125
4 0.23984375 0.7046875 0.09140625 0.0953125
4 0.58828125 0.60625 0.04609375 0.04140625
4 0.04375 0.6796875 0.0875 0.090625
4 0.15703125 0.89609375 0.2375 0.20390625
4 0.553125 0.44453125 0.02109375 0.02890625
4 0.5609375 0.4640625 0.01328125 0.01640625
4 0.55625 0.471875 0.01484375 0.01796875
4 0.5171875 0.471875 0.02265625 0.01796875
4 0.5453125 0.48125 0.0171875 0.0171875
4 0.53046875 0.490625 0.01953125 0.01875
4 0.5796875 0.4796875 0.015625 0.01875
4 0.584375 0.46796875 0.01328125 0.01015625
4 0.16953125 0.61875 0.08671875 0.075
4 0.5703125 0.45703125 0.01171875 0.01484375
4 0.60390625 0.475 0.01171875 0.01640625
4 0.61484375 0.49765625 0.01875 0.02109375
4 0.61015625 0.515625 0.0234375 0.025
4 0.56953125 0.503125 0.0234375 0.02421875
3 0.21796875 0.5625 0.0125 0.0515625
3 0.228125 0.55703125 0.01171875 0.05
3 0.16484375 0.5734375 0.01171875 0.0265625
3 0.30546875 0.52421875 0.0078125 0.03515625
3 0.26484375 0.54375 0.0140625 0.03984375
3 0.3171875 0.5234375 0.009375 0.03203125
3 0.2890625 0.534375 0.009375 0.0359375
3 0.29609375 0.52578125 0.0078125 0.03515625
3 0.01328125 0.6140625 0.0171875 0.04921875
3 0.03046875 0.609375 0.0171875 0.05390625
3 0.0453125 0.609375 0.0171875 0.053125
3 0.07578125 0.59921875 0.01796875 0.06171875
3 0.0875 0.5875 0.01796875 0.06171875
3 0.090625 0.59921875 0.0109375 0.05546875
3 0.103125 0.58359375 0.0125 0.046875
3 0.1328125 0.57578125 0.0125 0.053125
3 0.3984375 0.53203125 0.01015625 0.03515625
3 0.14609375 0.575 0.0125 0.053125
3 0.18046875 0.56640625 0.015625 0.0421875
3 0.19921875 0.5640625 0.0140625 0.04765625
3 0.4375 0.51796875 0.00859375 0.02734375
3 0.203125 0.55703125 0.01328125 0.05
0 0.45390625 0.48671875 0.05625 0.06640625
0 0.49140625 0.48125 0.01953125 0.04921875