4 0.7546875 0.24453125 0.0390625 0.03984375
4 0.45625 0.42578125 0.1078125 0.0828125
4 0.4 0.51484375 0.15625 0.11015625
4 0.8015625 0.46328125 0.08125 0.10078125
4 0.59453125 0.515625 0.12265625 0.11171875
4 0.92265625 0.1875 0.02421875 0.02265625
4 0.89375 0.19453125 0.028125 0.02890625
4 0.9203125 0.21171875 0.03203125 0.0296875
4 0.9609375 0.228125 0.03203125 0.0421875
4 0.946875 0.2453125 0.03828125 0.02421875
4 0.9359375 0.271875 0.04921875 0.05625
4 0.85625 0.21484375 0.03984375 0.03515625
4 0.784375 0.2328125 0.034375 0.03359375
4 0.78359375 0.271875 0.04140625 0.0375
4 0.72734375 0.26015625 0.0421875 0.028125
4 0.69453125 0.2796875 0.040625 0.0234375
4 0.65078125 0.30859375 0.05390625 0.04296875
4 0.596875 0.34765625 0.0703125 0.06796875
4 0.5796875 0.38984375 0.0234375 0.04140625
4 0.53203125 0.37890625 0.0734375 0.0578125
4 0.52734375 0.44609375 0.11171875 0.08984375
3 0.4375 0.3703125 0.01796875 0.05625
3 0.8109375 0.69453125 0.04453125 0.13984375
3 0.40078125 0.55546875 0.0328125 0.10625
3 0.84375 0.684375 0.0359375 0.12734375
3 0.89765625 0.69609375 0.0453125 0.13359375
3 0.94921875 0.68828125 0.04375 0.12265625
3 0.1484375 0.57890625 0.02421875 0.10390625
3 0.21484375 0.503125 0.02265625 0.06875
3 0.946875 0.321875 0.015625 0.07265625
3 0.66796875 0.25703125 0.01015625 0.03125
3 0.67890625 0.2625 0.009375 0.03125
3 0.41875 0.37265625 0.01796875 0.05859375
3 0.37109375 0.56953125 0.0296875 0.0984375
3 0.8515625 0.63203125 0.0296875 0.10703125
3 0.18203125 0.56328125 0.03125 0.0984375
2 0.45390625 0.440625 0.0421875 0.0640625
0 0.6859375 0.3765625 0.203125 0.21796875