4 0.09296875 0.73515625 0.1859375 0.275
4 0.7328125 0.2796875 0.015625 0.015625
4 0.71171875 0.278125 0.01953125 0.0203125
4 0.59375 0.52890625 0.1078125 0.1375
4 0.5859375 0.9375 0.13984375 0.1203125
4 0.725 0.55546875 0.08203125 0.08828125
4 0.4578125 0.375 0.05234375 0.0625
4 0.62109375 0.384375 0.05 0.04765625
4 0.68359375 0.4125 0.05390625 0.06640625
4 0.525 0.44765625 0.08125 0.075
4 0.6515625 0.778125 0.15078125 0.21171875
4 0.70625 0.63203125 0.1046875 0.13671875
4 0.64921875 0.29921875 0.03125 0.040625
4 0.678125 0.3328125 0.028125 0.03359375
4 0.72265625 0.35859375 0.0296875 0.034375
4 0.73515625 0.33125 0.01953125 0.01796875
4 0.75234375 0.3140625 0.0203125 0.03125
4 0.75546875 0.2859375 0.0171875 0.01796875
4 0.7453125 0.27578125 0.01328125 0.015625
1 0.5671875 0.3578125 0.01015625 0.03125
1 0.0515625 0.47890625 0.03671875 0.09609375
1 0.4609375 0.346875 0.06171875 0.04375
1 0.5984375 0.3265625 0.0046875 0.009375
1 0.609375 0.3375 0.0046875 0.02109375
1 0.5109375 0.36796875 0.01015625 0.03203125
1 0.52734375 0.37421875 0.01328125 0.0359375
1 0.60078125 0.3421875 0.00703125 0.028125
1 0.5953125 0.34453125 0.00703125 0.028125
1 0.58828125 0.34921875 0.00859375 0.0296875
1 0.5796875 0.3515625 0.00703125 0.0296875
1 0.5359375 0.3703125 0.01015625 0.0359375
1 0.6046875 0.3390625 0.00390625 0.02421875
1 0.57421875 0.35234375 0.00703125 0.0296875
1 0.49921875 0.36953125 0.0140625 0.03203125