4 0.2640625 0.30546875 0.03828125 0.03203125
4 0.76953125 0.55078125 0.23046875 0.14375
4 0.98359375 0.5125 0.0296875 0.07890625
4 0.0078125 0.40546875 0.015625 0.04375
4 0.1125 0.30546875 0.034375 0.03125
4 0.53984375 0.365625 0.1109375 0.06484375
3 0.39375 0.365625 0.01171875 0.05234375
3 0.25078125 0.32421875 0.009375 0.04375
3 0.7109375 0.46953125 0.02734375 0.10234375
3 0.4125 0.375 0.0140625 0.0578125
3 0.12109375 0.2796875 0.00859375 0.0265625
3 0.26015625 0.325 0.009375 0.04375
3 0.89140625 0.46875 0.03515625 0.09609375
3 0.36484375 0.35234375 0.0140625 0.05390625
3 0.13359375 0.296875 0.00859375 0.03125
3 0.38671875 0.371875 0.01328125 0.0515625
3 0.46953125 0.2875 0.01171875 0.0359375
3 0.73203125 0.47578125 0.02109375 0.06171875
3 0.75625 0.46640625 0.02109375 0.0515625
3 0.43125 0.41640625 0.01171875 0.0625
3 0.42265625 0.42109375 0.0125 0.06875