4 0.01171875 0.41015625 0.02265625 0.03359375
4 0.2578125 0.35 0.0859375 0.090625
4 0.26015625 0.4296875 0.0953125 0.08203125
4 0.35078125 0.4875 0.134375 0.08828125
4 0.0921875 0.2921875 0.0328125 0.02734375
4 0.071875 0.57265625 0.10234375 0.11796875
4 0.115625 0.35390625 0.053125 0.04921875
4 0.2015625 0.3390625 0.0453125 0.053125
4 0.6890625 0.5265625 0.20390625 0.12109375
4 0.0453125 0.50625 0.07578125 0.09296875
4 0.03515625 0.446875 0.0703125 0.06875
4 0.11328125 0.30546875 0.03515625 0.028125
3 0.1390625 0.30234375 0.0078125 0.02734375
3 0.9765625 0.384375 0.0125 0.0765625
3 0.99140625 0.3609375 0.0140625 0.028125
3 0.82890625 0.40390625 0.01953125 0.07109375
3 0.29921875 0.315625 0.01171875 0.03828125
3 0.84765625 0.40625 0.01640625 0.06328125
3 0.8296875 0.4515625 0.01953125 0.05078125
3 0.90234375 0.425 0.0125 0.05859375
3 0.94140625 0.41875 0.02265625 0.05390625
0 0.875 0.6421875 0.246875 0.42421875